[-0.02774986]
[-0.02761958]
[-0.02749794]
[-0.02745795]
[-0.02735391]
[-0.02739888]
[-0.02716596]
[-0.02704263]
[-0.02691069]
[-0.0269542]
[-0.02666959]
[-0.02672419]
[-0.02662422]
[-0.0264781]
[-0.02636085]
[-0.02642616]
[-0.02623349]
[-0.02625976]
[-0.02611588]
[-0.02620078]
[-0.02600265]
[-0.02594827]
[-0.02585609]
[-0.02588397]
[-0.0257058]
[-0.02546988]
[-0.025551]
[-0.02542527]
[-0.02530521]
[-0.02520123]
[-0.02511471]
[-0.02519481]
[-0.02499653]
[-0.02494063]
[-0.02487716]
[-0.02537554]
[-0.02469974]
[-0.02474687]
[-0.02471575]
[-0.02451917]
[-0.0246155]
[-0.02450473]
[-0.02440647]
[-0.02431789]
[-0.02424103]
[-0.02424205]
[-0.02414752]
[-0.02409711]
[-0.02415861]
[-0.00158597]
[-0.02387635]
[-0.02393695]
[-0.0239193]
[-0.02373307]
[-0.02365895]
[-0.02375897]
[-0.02358534]
[-0.02369625]
[-0.02358547]
[-0.02346128]
[-0.02340611]
[-0.02350291]
[-0.02334638]
[-0.02331647]
[-0.02336782]
[-0.02318462]
[-0.02310339]
[-0.02313775]
[-0.02297919]
[-0.02291823]
[-0.02303358]
[-0.02291688]
[-0.02283525]
[-0.02291619]
[-0.02275977]
[-0.02268886]
[0.09012766]
[-0.0226797]
[-0.02249553]
[-0.02258567]
[-0.02253444]
[-0.022462]
[-0.0223316]
[-0.02230024]
[-0.02239227]
[1.10231e-05]
[-0.02217485]
[-0.02213357]
[3.388e-07]
[-0.02213418]
[-0.02211282]
[-0.02207381]
[-0.02204736]
[-0.02191024]
[-0.02201518]
[-0.02198196]
[-0.02187438]
[-0.02177477]
[0.02263881]
[-0.02174589]
[-0.02180324]
[-0.02162386]
[-0.02168319]
[-0.02159865]
[-0.02162495]
[-1.58389e-05]
[-0.02164517]
[-0.02167208]
[-0.02169489]
[-0.02171547]
[-0.02171398]
[-0.02170624]
[-0.02168192]
[-0.02165809]
[-0.02162455]
[-0.0215956]
[-0.02156712]
[-0.02154678]
[-0.02153887]
[-0.02153082]
[-0.02154211]
[-0.02156477]
[-0.02158987]
[-0.02161258]
[-0.02163245]
[-0.02165193]
[-0.02166524]
[-0.02166285]
[-0.02164812]
[-0.02163015]
[-0.02160221]
[-0.02156642]
[-0.02153499]
[-0.02151067]
[-0.02149431]
[-0.02148123]
[-0.0214939]
[-0.02151403]
[-0.02153455]
[-0.02155262]
[-0.02158403]
[-0.0216013]
[-0.02161638]
[-0.02162203]
[-0.02162288]
[-0.02160772]
[-0.02157826]
[-0.02155162]
[-0.02151568]
[-0.02148499]
[-0.02146009]
[-0.02144283]
[-0.02144672]
[-0.02145577]
[-0.02146772]
[-0.02149161]
[-0.02151848]
[-0.02154165]
[-0.02155614]
[-0.02157695]
[-0.02158601]
[-0.02157913]
[-0.02155381]
[-0.02152474]
[-0.02149934]
[-0.02146898]
[-0.0214471]
[-0.02142099]
[-0.0214022]
[-0.02140059]
[-0.02141026]
[-0.02142713]
[-0.0214572]
[-0.02148678]
[-0.02150642]
[-0.02152431]
[-0.02153735]
[-0.021536]
[-0.02152467]
[-0.02150302]
[-0.02147068]
[-0.02144145]
[-0.02141574]
[-0.02138882]
[-0.02136514]
[-0.02135731]
[-0.02136222]
[-0.02137557]
[-0.02139399]
[-0.02142355]
[-0.02145153]
[-0.02146984]
[-0.02148406]
[-0.02149388]
[-0.02148943]
[-0.02148201]
[-0.02145283]
[-0.02142733]
[-0.02139222]
[-0.02136588]
[-0.02133679]
[-0.02131704]
[-0.0213174]
[-0.02131962]
[-0.02134273]
[-0.02136533]
[-0.02138178]
[-0.02140963]
[-0.02144128]
[-0.0214515]
[-0.02144673]
[-0.02144461]
[-0.02143583]
[-0.02140733]
[-0.02137147]
[-0.02134039]
[-0.02131589]
[-0.02129115]
[-0.02127288]
[-0.02127145]
[-0.02128405]
[-0.02130301]
[-0.0213239]
[-0.02135667]
[-0.0213821]
[-0.02140289]
[-0.02141223]
[-0.02140921]
[-0.02140409]
[-0.02138316]
[-0.02135383]
[-0.02132331]
[-0.02128654]
[-0.02126223]
[-0.02123932]
[-0.02123608]
[-0.02123654]
[-0.02124368]
[-0.02127285]
[-0.02129579]
[-0.02131883]
[-0.02134162]
[-0.02136256]
[-0.02137431]
[-0.02136314]
[-0.02134659]
[-0.02133217]
[-0.02130538]
[-0.02127364]
[-0.02124027]
[-0.02121637]
[-0.0211991]
[-0.02119359]
[-0.02120473]
[-0.02121184]
[-0.02123957]
[-0.02126389]
[-0.02129542]
[-0.02131716]
[-0.02132773]
[-0.02133259]
[-0.0213233]
[-0.02130793]
[-0.02128345]
[-0.02125442]
[-0.02122474]
[-0.02119316]
[-0.02117319]
[-0.02115363]
[-0.02114885]
[-0.02116156]
[-0.02117744]
[-0.02120167]
[-0.02123095]
[-0.02125346]
[-0.02127152]
[-0.02128815]
[-0.02129161]
[-0.02128431]
[-0.02126099]
[-0.02123618]
[-0.02120716]
[-0.02117805]
[-0.02114127]
[-0.02112419]
[-0.02111962]
[-0.02111379]
[-0.02112722]
[-0.02114627]
[-0.02117188]
[-0.02120264]
[-0.02122636]
[-0.02124906]
[-0.02125658]
[-0.02125376]
[-0.02124058]
[-0.02122518]
[-0.02119299]
[-0.02115963]
[-0.02112516]
[-0.02110057]
[-0.02108194]
[-0.02107593]
[-0.02107843]
[-0.02109493]
[-0.02111749]
[-0.02114641]
[-0.02117502]
[-0.02119361]
[-0.02121543]
[-0.021222]
[-0.02120953]
[-0.02119642]
[-0.02117164]
[-0.02113417]
[-0.0211063]
[-0.02108052]
[-0.02105665]
[-0.02104506]
[-0.0210403]
[-0.02104301]
[-0.02105742]
[-0.02108914]
[-0.02111783]
[-0.02114107]
[-0.02115851]
[-0.02117477]
[-0.02117396]
[-0.02116914]
[-0.02115281]
[-0.02112819]
[-0.02109934]
[-0.02106381]
[-0.02103214]
[-0.02101094]
[-0.02100189]
[-0.02100117]
[-0.02101628]
[-0.02103526]
[-0.0210556]
[-0.02108613]
[-0.02110789]
[-0.02112923]
[-0.02114337]
[-0.02113883]
[-0.02112906]
[-0.02110656]
[-0.02107441]
[-0.02104743]
[-0.02101878]
[-0.02099442]
[-0.02097534]
[-0.02096569]
[-0.0209724]
[-0.02098415]
[-0.02100704]
[-0.02103229]
[-0.02105631]
[-0.02108369]
[-0.02109761]
[-0.02110051]
[-0.0210997]
[-0.021096]
[-0.02106948]
[-0.02102673]
[-0.021]
[-0.02097978]
[-0.02094941]
[-0.0209246]
[-0.0209248]
[-0.02092936]
[-0.02095067]
[-0.02098094]
[-0.0209989]
[-0.02102408]
[-0.02104825]
[-0.02106732]
[-0.0210759]
[-0.02107157]
[-0.02104745]
[-0.02102242]
[-0.02098568]
[-0.02095499]
[-0.02092582]
[-0.02090394]
[-0.02090702]
[-0.02089882]
[-0.02090516]
[-0.02093106]
[-0.02096045]
[-0.02098774]
[-0.02101267]
[-0.02102771]
[-0.02103863]
[-0.02103797]
[-0.02102675]
[-0.02101305]
[-0.02099335]
[-0.02095783]
[-0.02092673]
[-0.02089355]
[-0.02087635]
[-0.02087313]
[-0.02087333]
[-0.02087669]
[-0.02090126]
[-0.02093665]
[-0.02095984]
[-0.02097838]
[-0.0209995]
[-0.02100794]
[-0.02100531]
[-0.02098571]
[-0.02096249]
[-0.02093928]
[-0.02090955]
[-0.02088122]
[-0.0208488]
[-0.02083506]
[-0.02083649]
[-0.02083706]
[-0.02084554]
[-0.02087243]
[-0.02089914]
[-0.02092568]
[-0.02094868]
[-0.02096529]
[-0.02096987]
[-0.02096479]
[-0.02094394]
[-0.02091898]
[-0.02089328]
[-0.02086248]
[-0.0208374]
[-0.02080983]
[-0.02079603]
[-0.02079632]
[-0.02080463]
[-0.02082489]
[-0.02084379]
[-0.02087274]
[-0.0209024]
[-0.02092022]
[-0.02093154]
[-0.02093659]
[-0.02093099]
[-0.02091411]
[-0.02087666]
[-0.02084739]
[-0.02081997]
[-0.02079067]
[-0.02077637]
[-0.02076848]
[-0.0207593]
[-0.02077299]
[-0.02079807]
[-0.02082581]
[-0.02084629]
[-0.02087601]
[-0.02089651]
[-0.02090516]
[-0.02090389]
[-0.02088972]
[-0.020865]
[-0.02083815]
[-0.02080005]
[-0.02077733]
[-0.02075035]
[-0.02072813]
[-0.02072757]
[-1.56937e-05]
[-0.02075576]
[-0.02077232]
[-0.02079481]
[-0.02082034]
[-0.02084559]
[-0.02086644]
[-0.02087234]
[-0.02086165]
[-0.0208463]
[-0.02082242]
[-0.02079628]
[-0.02076585]
[-0.02072991]
[-0.020707]
[-0.02068973]
[-0.02069013]
[-0.02070749]
[-0.02071706]
[-0.02074752]
[-0.02078003]
[-0.02079897]
[-0.02081141]
[-0.02082996]
[-0.02084271]
[-0.02083437]
[-0.02081014]
[-0.0207795]
[-0.02075181]
[-0.02072568]
[-0.02069434]
[-0.02067159]
[-0.02066603]
[-0.02066286]
[-0.0206678]
[-0.02068355]
[-0.0207151]
[-0.02074908]
[-0.02077393]
[-0.02080049]
[-0.02080274]
[-0.020801]
[-0.02079448]
[-0.02076769]
[-0.02073952]
[-0.02070473]
[-0.02067694]
[-0.02065247]
[-0.02063285]
[-0.02062739]
[-0.02063156]
[-0.02064503]
[-0.02066207]
[-0.02068991]
[-0.02072]
[-0.02074648]
[-0.02076564]
[-0.02076376]
[-0.02075883]
[-0.02075019]
[-0.02072765]
[-0.02070103]
[-0.02066491]
[-0.02063786]
[-0.02061907]
[-0.0205998]
[-0.02058874]
[-0.0206006]
[-0.02062002]
[-0.02064754]
[-0.02067686]
[-0.02069444]
[-0.02071855]
[-0.02073821]
[-0.02074649]
[-0.02073498]
[-0.02071355]
[-0.02069309]
[-0.02065684]
[-0.02063058]
[-0.02059904]
[-0.02057547]
[-0.02056434]
[-0.02056418]
[-0.0205676]
[-0.02058908]
[-0.0206202]
[-0.02064909]
[-0.02066832]
[-0.02068903]
[-0.02070488]
[-0.02070478]
[-0.02069315]
[-0.02067839]
[-0.02064757]
[-0.02061692]
[-0.02059222]
[-0.0205656]
[-0.02054302]
[-0.02053506]
[-0.02053372]
[-0.02054478]
[-0.02056406]
[-0.02059114]
[-0.020623]
[-0.02065227]
[-0.02066359]
[-0.02067387]
[-0.02066935]
[-0.0206543]
[-0.02062746]
[-0.02060323]
[-0.02057264]
[-0.02054899]
[-0.02052156]
[-0.02050333]
[-0.02049868]
[-0.0205067]
[-0.02051697]
[-0.02054377]
[-0.02057482]
[-0.020597]
[-0.02062587]
[-0.02064295]
[-0.02064786]
[-0.02064438]
[-0.02062631]
[-0.02059679]
[-0.02056745]
[-0.02053244]
[-0.02050752]
[-0.0204849]
[-0.02046849]
[-0.02046849]
[-0.02047777]
[-0.02050044]
[-0.02052505]
[-0.02054418]
[-0.02056828]
[-0.02059729]
[-0.02061513]
[-0.02061396]
[-0.02060006]
[-0.02058406]
[-0.02055749]
[-0.02052907]
[-0.02049785]
[-0.02046875]
[-0.02044775]
[-0.02043564]
[-0.02044282]
[-0.02045857]
[-0.02047609]
[-0.02050041]
[-0.02053241]
[-0.02055688]
[-0.02057002]
[-0.0205825]
[-0.02058016]
[-0.02057114]
[-0.02054527]
[-0.02052136]
[-0.0204907]
[-0.02046317]
[-0.02044203]
[-0.0204162]
[-0.02041369]
[-0.02042365]
[-0.02043795]
[-0.02046052]
[-0.02048323]
[-0.02050932]
[-0.02053121]
[-0.02054467]
[-0.02055422]
[-0.02055092]
[-0.02054034]
[-0.02051755]
[-0.02048332]
[-0.02044547]
[-0.02042081]
[-0.02039823]
[-0.02038799]
[-0.02037611]
[-0.02038561]
[-0.02040389]
[-0.0204228]
[-0.02045643]
[-0.02049112]
[-0.02051261]
[-0.02052621]
[-0.0205325]
[-0.02051827]
[-0.02049609]
[-0.02047199]
[-0.02043997]
[-0.02040974]
[-0.02038175]
[-0.02036557]
[-0.0203564]
[-0.02035973]
[-0.02036524]
[-0.02038145]
[-0.02041116]
[-0.02044025]
[-0.02045788]
[-0.02048108]
[-0.02049517]
[-0.02049671]
[-0.02048992]
[-0.02046435]
[-0.02043509]
[-0.02040648]
[-0.02037773]
[-0.0203489]
[-0.02033095]
[-0.02032573]
[-0.02032839]
[-0.02033879]
[-0.02036281]
[-0.0203963]
[-0.02041831]
[-0.02044429]
[-0.02046131]
[-0.02046593]
[-0.02046645]
[-0.02045637]
[-0.02043009]
[-0.02039678]
[-0.02037563]
[-0.02034096]
[-0.02031751]
[-0.02030369]
[-0.02030857]
[-0.0203063]
[-0.02032249]
[-0.02034938]
[-0.02036898]
[-0.02039678]
[-0.02042712]
[-0.02044493]
[-0.02044176]
[-0.02042985]
[-0.02041493]
[-0.02039088]
[-0.02035483]
[-0.02032608]
[-0.02030639]
[-0.02027944]
[-0.02026892]
[-0.02026963]
[-0.02027624]
[-0.0202937]
[-0.02032081]
[-0.0203472]
[-0.02037139]
[-0.02039392]
[-0.02040969]
[-0.02041271]
[-0.02040519]
[-0.02037836]
[-0.02035265]
[-0.02032328]
[-0.02029875]
[-0.02026606]
[-0.02024774]
[-0.02024054]
[-0.02024629]
[-0.02026186]
[-0.02027737]
[-0.02030514]
[-0.02033303]
[-0.020353]
[-0.0203729]
[-0.02038042]
[-0.02038192]
[-0.0203734]
[-0.02034683]
[-0.02031289]
[-0.02028463]
[-0.02025557]
[-0.02023452]
[-0.02021526]
[-0.02021235]
[-0.02021986]
[-0.02023293]
[-0.02025169]
[-0.02027838]
[-0.02031114]
[-0.020341]
[-0.02035408]
[-0.02035806]
[-0.02035098]
[-0.02033931]
[-0.02031107]
[-0.02027935]
[-0.02025375]
[-0.02022398]
[-0.02019998]
[-0.02019183]
[-0.02019417]
[-0.02019437]
[-0.0202163]
[-0.02024157]
[-0.02026069]
[-0.02028691]
[-0.02031162]
[-0.02032585]
[-0.02032961]
[-0.02032155]
[-0.02029879]
[-0.02027589]
[-0.0202428]
[-0.02020508]
[-0.02018043]
[-0.0201663]
[-0.02016173]
[-0.02016701]
[-0.02017621]
[-0.02019803]
[-0.0202219]
[-0.02025185]
[-0.02028215]
[-0.02029699]
[-0.02030016]
[-0.02030284]
[-0.02028824]
[-0.02026116]
[-0.02023344]
[-0.02020705]
[-0.02017463]
[-0.02015458]
[-0.02013939]
[-0.0201301]
[-0.0201359]
[-0.02015135]
[-0.02017519]
[-0.02020238]
[-0.02023092]
[-0.02025913]
[-0.02027701]
[-0.02027883]
[-0.02027037]
[-0.02025731]
[-0.02023318]
[-0.02020679]
[-0.02017749]
[-0.02014491]
[-0.02012195]
[-0.02010434]
[-0.0201046]
[-0.02011216]
[-0.02013104]
[-0.02016101]
[-0.02018607]
[-0.02021447]
[-0.02023548]
[-0.02024862]
[-0.0202516]
[-0.02024132]
[-0.02022013]
[-0.02020224]
[-0.02017153]
[-0.02014453]
[-0.02011238]
[-0.02008533]
[-0.02007919]
[-0.02007912]
[-0.02009595]
[-0.02011633]
[-0.02013821]
[-0.02016833]
[-0.0201967]
[-0.0202108]
[-0.02022014]
[-0.02022108]
[-0.02021604]
[-0.02020175]
[-0.0201718]
[-0.02013419]
[-0.02010093]
[-0.02007924]
[-0.0200629]
[-0.02005801]
[-0.02005386]
[-0.02007071]
[-0.02009432]
[-0.02011529]
[-0.02014471]
[-0.02017535]
[-0.02019767]
[-0.02020336]
[-0.02019309]
[-0.02018131]
[-0.02016032]
[-0.02012785]
[-0.02009469]
[-0.02006312]
[-0.02004251]
[-0.02003405]
[-0.02003454]
[-0.02003197]
[-0.02004977]
[-0.02008025]
[-0.02010532]
[-0.02012414]
[-0.02015038]
[-0.02017029]
[-0.02017637]
[-0.02016851]
[-0.02014667]
[-0.02012124]
[-0.02009522]
[-0.0200666]
[-0.02004226]
[-0.02001357]
[-0.0200008]
[-0.02000568]
[-0.02002342]
[-0.02004373]
[-0.02006184]
[-0.02009195]
[-0.02011678]
[-0.02013596]
[-0.02014314]
[-0.02014291]
[-0.0201344]
[-0.02011378]
[-0.02008852]
[-0.02004733]
[-0.02001905]
[-0.01999697]
[-0.01997888]
[-0.01996495]
[-0.01997215]
[-0.01999046]
[-0.02001197]
[-0.02003362]
[-0.02006209]
[-0.02008876]
[-0.02011325]
[-0.02011521]
[-0.02010801]
[-0.02010183]
[-0.0200762]
[-0.02005304]
[-0.02002416]
[-0.01999045]
[-0.01995934]
[-0.01994524]
[-0.01994451]
[-0.01995081]
[-0.01997055]
[-0.0200009]
[-0.02002045]
[-0.02004761]
[-0.02007567]
[-0.02008778]
[-0.02008869]
[-0.02008581]
[-0.02006901]
[-0.02003658]
[-0.02000492]
[-0.01998032]
[-0.01995739]
[-0.01993762]
[-0.01991766]
[-0.01992578]
[-0.01993113]
[-0.01995277]
[-0.01997466]
[-0.01999841]
[-0.02002929]
[-0.02005155]
[-0.02006146]
[-0.02005713]
[-0.02005213]
[-0.0200375]
[-0.02001027]
[-0.01997957]
[-0.01995077]
[-0.01992039]
[-0.01990473]
[-0.01989861]
[-0.01990458]
[-0.01990941]
[-0.01993389]
[-0.01996107]
[-0.01999181]
[-0.02001756]
[-0.02003124]
[-0.02004259]
[-0.02003964]
[-0.02002488]
[-0.02000939]
[-0.01997584]
[-0.01994597]
[-0.01992212]
[-0.01989297]
[-0.01987845]
[-0.01988121]
[-0.01988347]
[-0.01989451]
[-0.01992127]
[-0.01994778]
[-0.01997543]
[-0.01999434]
[-0.02000195]
[-0.02001566]
[-0.02001859]
[-0.02000123]
[-0.01997211]
[-0.01993995]
[-0.01992217]
[-0.01989095]
[-0.01986187]
[-0.01985352]
[-0.0198477]
[-0.01986394]
[-0.01988316]
[-0.01989852]
[-0.01992584]
[-0.01996367]
[-0.0199795]
[-0.01998954]
[-0.01999389]
[-0.01998697]
[-0.01996414]
[-0.01994246]
[-0.01990927]