[-0.01988359]
[-0.01986766]
[-0.01986776]
[-0.01982816]
[-0.01992526]
[-0.01979122]
[-0.0197981]
[-0.0197921]
[-0.01986843]
[-0.01975747]
[-0.01984744]
[-0.0196934]
[-0.0197374]
[-0.01978323]
[-0.0196428]
[-0.01973523]
[-0.01973348]
[-0.01960413]
[-0.01970814]
[-0.01968587]
[-0.01955882]
[-0.01961428]
[-0.01954428]
[-0.01953984]
[-0.01965554]
[-0.01952583]
[-0.01951685]
[-0.01961225]
[-0.01960005]
[-0.01957002]
[-0.01952573]
[-0.01951438]
[-0.01938441]
[-0.01951726]
[-0.01944011]
[-0.01937493]
[-0.01937079]
[-0.01937532]
[-0.01947432]
[-0.01933167]
[-0.01935656]
[-0.01944042]
[-0.01928891]
[-0.01926486]
[-0.01933488]
[-0.01937853]
[-0.01923846]
[-0.0193158]
[-0.00317194]
[-0.01921001]
[-0.01932889]
[-0.01926892]
[-0.01917846]
[-0.01930526]
[-0.01923133]
[-0.01915411]
[-0.01928139]
[-0.01916594]
[-0.01916221]
[-0.01926183]
[-0.01913362]
[-0.01913605]
[-0.0192436]
[-0.01910647]
[-0.01912999]
[-0.01921246]
[-0.01905129]
[-0.01913878]
[-0.0191636]
[-0.01903213]
[-0.01912914]
[-0.01913274]
[-0.01900035]
[-0.01911726]
[-0.01906656]
[-0.0189922]
[-0.01912095]
[-0.01903042]
[-0.01897459]
[-0.01909718]
[-0.01897834]
[-0.01895148]
[-0.01892569]
[-0.01896318]
[-0.0190492]
[-0.0189786]
[-0.01899699]
[-0.01886326]
[-0.01899641]
[-0.01891056]
[-1.54517e-05]
[-0.01893574]
[-0.01896115]
[-0.01898275]
[-0.01900413]
[-0.01899955]
[-0.01897971]
[-0.01897151]
[-0.01894286]
[-0.01890754]
[-0.01888576]
[-0.01885998]
[-0.01884286]
[-0.01883678]
[-0.01884409]
[-0.01884893]
[-0.01887785]
[-0.01890523]
[-0.01892515]
[-0.01895984]
[-0.01897153]
[-0.01898194]
[-0.01897775]
[-0.01897414]
[-0.01895374]
[-0.01892641]
[-0.01890512]
[-0.01886895]
[-0.01884707]
[-0.01883197]
[-0.01882397]
[-0.0188284]
[-0.01884742]
[-0.0188727]
[-0.01889924]
[-0.01892542]
[-0.01895069]
[-0.01896814]
[-0.01897972]
[-0.01897204]
[-0.01896331]
[-0.0189403]
[-0.01891474]
[-0.01887696]
[-0.01885951]
[-0.01883092]
[-0.018815]
[-0.01881216]
[-0.01882369]
[-0.01883957]
[-0.01887145]
[-0.01889901]
[-0.01891777]
[-0.01894462]
[-0.01895556]
[-0.01896065]
[-0.01895563]
[-0.01894819]
[-0.01892281]
[-0.01888621]
[-0.01885414]
[-0.01883246]
[-0.01881588]
[-0.01879798]
[-0.01879975]
[-0.0188131]
[-0.01884063]
[-0.01886415]
[-0.01889364]
[-0.01892171]
[-0.01893748]
[-0.01895072]
[-0.01894922]
[-0.01894432]
[-0.01892672]
[-0.01889674]
[-0.01887668]
[-0.0188428]
[-0.01882216]
[-0.01879916]
[-0.0187901]
[-0.01880087]
[-0.01882058]
[-0.01884178]
[-0.01886725]
[-0.01889315]
[-0.01891366]
[-0.01893444]
[-0.01894533]
[-0.01894009]
[-0.018935]
[-0.01890897]
[-0.01887912]
[-0.01885556]
[-0.01882288]
[-0.01879863]
[-0.01878546]
[-0.01877685]
[-0.01878872]
[-0.0188183]
[-0.01883786]
[-0.01885551]
[-0.01887837]
[-0.01890768]
[-0.01893713]
[-0.01894326]
[-0.01893012]
[-0.0189132]
[-0.01889045]
[-0.01886591]
[-0.01883163]
[-0.01880163]
[-0.01878448]
[-0.01877893]
[-0.01877608]
[-0.01878824]
[-0.01881807]
[-0.01883614]
[-0.01885953]
[-0.01888621]
[-0.01891174]
[-0.01892953]
[-0.01892903]
[-0.01891834]
[-0.01889567]
[-0.0188706]
[-0.01884425]
[-0.01882166]
[-0.01878762]
[-0.01876935]
[-0.01876319]
[-0.01877534]
[-0.018784]
[-0.01880732]
[-0.01884069]
[-0.01886473]
[-0.01888149]
[-0.01890803]
[-0.01891897]
[-0.01891378]
[-0.01889144]
[-0.01887082]
[-0.01884534]
[-0.01882356]
[-0.0188025]
[-0.01877703]
[-0.01875536]
[-0.01875579]
[-0.01876118]
[-0.01878152]
[-0.01880772]
[-0.01883767]
[-0.0188511]
[-0.01888142]
[-0.01890324]
[-0.01890765]
[-0.01889901]
[-0.01888924]
[-0.01886384]
[-0.01883325]
[-0.0188011]
[-0.01878429]
[-0.01876159]
[-0.01874439]
[-0.01874734]
[-0.01876203]
[-0.01878025]
[-0.01880651]
[-0.01883251]
[-0.01885766]
[-0.01887857]
[-0.01888897]
[-0.01889494]
[-0.01888551]
[-0.01886511]
[-0.01885157]
[-0.01882726]
[-0.0187952]
[-0.01877342]
[-0.01875629]
[-0.01873825]
[-0.01873311]
[-0.01874874]
[-0.01877449]
[-0.01879881]
[-0.01882622]
[-0.01885685]
[-0.01888383]
[-0.01888987]
[-0.01888659]
[-0.01887676]
[-0.01885764]
[-0.01883516]
[-0.01880177]
[-0.01876766]
[-0.01875235]
[-0.01873577]
[-0.01873938]
[-0.01874055]
[-0.01874625]
[-0.01877434]
[-0.01880732]
[-0.01882989]
[-0.01885028]
[-0.01887093]
[-0.01888073]
[-0.01886982]
[-0.0188659]
[-0.01884939]
[-0.01882224]
[-0.01878552]
[-0.01875345]
[-0.01873314]
[-0.01872181]
[-0.01872096]
[-0.01873655]
[-0.01874652]
[-0.01876965]
[-0.01879845]
[-0.0188281]
[-0.01885116]
[-0.01886228]
[-0.0188648]
[-0.01886528]
[-0.01884907]
[-0.01882177]
[-0.0187957]
[-0.01876251]
[-0.01873696]
[-0.01871975]
[-0.01871537]
[-0.01872261]
[-0.01873166]
[-0.01875084]
[-0.01877379]
[-0.0188057]
[-0.01883277]
[-0.01885423]
[-0.01886221]
[-0.01886231]
[-0.0188555]
[-0.01883059]
[-0.01880699]
[-0.01876973]
[-0.01873892]
[-0.01872263]
[-0.01870262]
[-0.01870147]
[-0.01870376]
[-0.01871655]
[-0.01874167]
[-0.01877075]
[-0.01880416]
[-0.01882822]
[-0.01884438]
[-0.01884953]
[-0.01885179]
[-0.01883554]
[-0.01881172]
[-0.01878697]
[-0.0187572]
[-0.01874373]
[-0.0187195]
[-0.0186963]
[-0.01869264]
[-0.01869942]
[-0.01872071]
[-0.0187415]
[-0.01877268]
[-0.01880358]
[-0.01882722]
[-0.01884727]
[-0.01884856]
[-0.01883331]
[-0.01882065]
[-0.01879549]
[-0.01876767]
[-0.01875067]
[-0.01872119]
[-0.0186923]
[-0.01868334]
[-0.0186812]
[-0.01869963]
[-0.01872285]
[-0.0187413]
[-0.0187758]
[-0.01880227]
[-0.01882858]
[-0.01884372]
[-0.01883965]
[-0.01882414]
[-0.01881437]
[-0.0187864]
[-0.01875765]
[-0.01872019]
[-0.01870229]
[-0.01868459]
[-0.01867589]
[-0.01868196]
[-0.01869618]
[-0.01871682]
[-0.01874989]
[-0.018777]
[-0.01880022]
[-0.01881721]
[-0.01882647]
[-0.01882566]
[-0.0188192]
[-0.01878984]
[-0.01876568]
[-0.01873404]
[-0.01870782]
[-0.01868346]
[-0.01866743]
[-0.01867156]
[-0.01867559]
[-0.01869634]
[-0.01872235]
[-0.01875586]
[-0.01877615]
[-0.01879446]
[-0.01881842]
[-0.01882248]
[-0.0188146]
[-0.0187996]
[-0.018772]
[-0.01875079]
[-0.01872959]
[-0.01869772]
[-0.01866536]
[-0.01866014]
[-0.01866961]
[-0.01867081]
[-0.01869122]
[-0.01872215]
[-0.01875639]
[-0.01877982]
[-0.01880081]
[-0.01881091]
[-0.01881625]
[-0.01880661]
[-0.01878907]
[-0.01876128]
[-0.01872913]
[-0.01871494]
[-0.01868559]
[-0.01866159]
[-0.0186564]
[-0.01865897]
[-0.0186698]
[-0.01869889]
[-0.01872926]
[-0.01874674]
[-0.01876985]
[-0.01879232]
[-0.01880547]
[-0.01880928]
[-0.01879298]
[-0.01876512]
[-0.01873773]
[-0.01871242]
[-0.0186891]
[-0.01866304]
[-0.01865407]
[-0.01865053]
[-0.0186576]
[-0.01866534]
[-0.01868732]
[-0.01871575]
[-0.01873896]
[-0.01877471]
[-0.018789]
[-0.01879661]
[-0.01879403]
[-0.01878112]
[-0.01875747]
[-0.01872742]
[-0.01869923]
[-0.01866992]
[-0.01865342]
[-0.01864563]
[-0.0186453]
[-0.0186403]
[-0.01866281]
[-0.01869923]
[-0.01872932]
[-0.01874565]
[-0.01876964]
[-0.01878696]
[-0.01880136]
[-0.0187831]
[-0.01876612]
[-0.01874265]
[-0.01871542]
[-0.01869391]
[-0.01866976]
[-0.01864996]
[-0.01864055]
[-0.01864796]
[-0.0186529]
[-0.01867023]
[-0.01870653]
[-0.01873886]
[-0.01875638]
[-0.01877552]
[-0.01878388]
[-0.01879241]
[-0.01877839]
[-0.018757]
[-0.01873612]
[-0.01870378]
[-0.0186702]
[-0.01865115]
[-0.01863556]
[-0.01863033]
[-0.01864058]
[-0.01865176]
[-0.01868464]
[-0.01870964]
[-0.01873776]
[-0.01874964]
[-0.01876802]
[-0.01878317]
[-0.01877194]
[-0.01876624]
[-0.01874416]
[-0.01871167]
[-0.01869004]
[-0.01865672]
[-0.01863297]
[-0.0186238]
[-0.01862002]
[-0.01863281]
[-0.01865508]
[-0.01868264]
[-0.01871333]
[-0.01873052]
[-0.01875132]
[-0.01877129]
[-0.01877048]
[-0.01876409]
[-0.0187458]
[-0.0187225]
[-0.01869647]
[-0.01866725]
[-0.01864269]
[-0.01861846]
[-0.01861128]
[-0.01861878]
[-0.01863312]
[-0.0186538]
[-0.01867625]
[-0.01870365]
[-0.0187327]
[-0.01875602]
[-0.01876499]
[-0.01876162]
[-0.01875893]
[-0.01873814]
[-0.01871312]
[-0.01868396]
[-0.01865078]
[-0.01862402]
[-0.01860837]
[-0.01860135]
[-0.01861326]
[-0.01862448]
[-0.01864372]
[-0.0186749]
[-0.01870436]
[-0.01872531]
[-0.01875212]
[-0.01876089]
[-0.01875782]
[-0.01874547]
[-0.01871684]
[-0.01870063]
[-0.01866748]
[-0.01864618]
[-0.01861724]
[-0.0185965]
[-0.01859829]
[-0.01860224]
[-0.01861702]
[-0.01865063]
[-0.0186836]
[-0.01870601]
[-0.01872859]
[-0.01874344]
[-0.01874812]
[-0.01874745]
[-0.01873979]
[-0.01871212]
[-0.01867564]
[-0.01864645]
[-0.01861992]
[-0.01859625]
[-0.01859967]
[-0.01859967]
[-0.01860849]
[-0.01862874]
[-0.01865511]
[-0.01867656]
[-0.01870297]
[-0.01872212]
[-0.01873378]
[-0.01873332]
[-0.01872654]
[-0.01871358]
[-0.01868823]
[-0.0186519]
[-0.01862709]
[-0.01861056]
[-0.01859793]
[-0.01858053]
[-0.01858117]
[-0.01860664]
[-0.01862491]
[-0.01865032]
[-0.01868022]
[-0.01871726]
[-0.01872549]
[-0.018742]
[-0.01873881]
[-0.01871506]
[-0.01870298]
[-0.01867602]
[-0.01864587]
[-0.01861581]
[-0.01859395]
[-0.01857726]
[-0.01857746]
[-0.01859063]
[-0.01860605]
[-0.01862461]
[-0.01865647]
[-0.01869039]
[-0.0187187]
[-0.01873076]
[-0.01873057]
[-0.0187201]
[-0.01871113]
[-0.01868682]
[-0.01865603]
[-0.01863638]
[-0.01860628]
[-0.01858277]
[-0.01857758]
[-0.01858235]
[-0.01858573]
[-0.01859718]
[-0.01863052]
[-0.01865568]
[-0.01868176]
[-0.01870245]
[-0.01871403]
[-0.01871841]
[-0.01871218]
[-0.01869373]
[-0.01866524]
[-0.01863874]
[-0.01861475]
[-0.01858578]
[-0.0185691]
[-0.0185694]
[-0.01856602]
[-0.01857321]
[-0.01860301]
[-0.01863133]
[-0.01865435]
[-0.01868327]
[-0.0187041]
[-0.01871143]
[-0.0187195]
[-0.01871046]
[-0.01868816]
[-0.01865543]
[-0.01862701]
[-0.01860828]
[-0.01857182]
[-0.01855381]
[-0.01855784]
[-0.01855945]
[-0.01857394]
[-0.01859651]
[-0.01862512]
[-0.01865361]
[-0.0186781]
[-0.01869175]
[-0.0187009]
[-0.01870172]
[-0.01869352]
[-0.01866803]
[-0.01864026]
[-0.01861181]
[-0.01859303]
[-0.01855996]
[-0.01855237]
[-0.01854638]
[-0.01856184]
[-0.01858319]
[-0.01859832]
[-0.01862304]
[-0.01865122]
[-0.01867362]
[-0.01869428]
[-0.0186995]
[-0.01870027]
[-0.0186859]
[-0.01865254]
[-0.01862094]
[-0.01859926]
[-0.01857527]
[-0.01855841]
[-0.0185489]
[-0.01854318]
[-0.01855156]
[-0.01857809]
[-0.01860577]
[-0.01862952]
[-0.01865997]
[-0.01868102]
[-0.01868764]
[-0.01869056]
[-0.01868287]
[-0.01865974]
[-0.01862858]
[-0.0186036]
[-0.018581]
[-0.01855439]
[-0.0185318]
[-0.01853179]
[-0.0185391]
[-0.018552]
[-0.01857786]
[-0.01860907]
[-0.01863272]
[-0.0186659]
[-0.01868338]
[-0.01868403]
[-0.0186747]
[-0.01866811]
[-0.01865278]
[-0.01862179]
[-0.01859171]
[-0.01856882]
[-0.01854834]
[-0.01853259]
[-0.01852768]
[-0.01854284]
[-0.01855421]
[-0.01857603]
[-0.0186048]
[-0.01863828]
[-0.01866364]
[-0.01867779]
[-0.01868198]
[-0.01866789]
[-0.01866234]
[-0.01863804]
[-0.01860374]
[-0.01857805]
[-0.01855408]
[-0.01852956]
[-0.01851411]
[-0.01851987]
[-0.01853534]
[-0.01855355]
[-0.0185884]
[-0.01860761]
[-0.01863003]
[-0.01866039]
[-0.01866815]
[-0.01867226]
[-0.01866881]
[-0.01866223]
[-0.01862061]
[-0.01858677]
[-0.01856009]
[-0.01853741]
[-0.01851386]
[-0.01851226]
[-0.01852162]
[-0.0185372]
[-0.01855945]
[-0.01858829]
[-0.01860955]
[-0.0186368]
[-0.01865536]
[-0.01867018]
[-0.01866205]
[-0.01865472]
[-0.01862952]
[-0.01860807]
[-0.01858106]
[-0.01855643]
[-0.01852608]
[-0.01851829]
[-0.0185111]
[-0.01852073]
[-0.01854013]
[-0.01856087]
[-0.01858777]
[-0.01861866]
[-0.01863629]
[-0.01865891]
[-0.01866069]
[-0.01865225]
[-0.01864379]
[-0.0186174]
[-0.01858761]
[-0.01855891]
[-0.01852886]
[-0.01851861]
[-0.01850533]
[-0.01850437]
[-0.01850909]
[-0.01852809]
[-0.01855407]
[-0.01858452]
[-0.01861206]
[-0.01864026]
[-0.01865668]
[-0.01865773]
[-0.01865334]
[-0.01863421]
[-0.01860406]
[-0.01856885]
[-0.01854454]
[-0.01851658]
[-0.01850857]
[-0.01850325]
[-0.01849685]
[-0.01851368]
[-0.01853499]
[-0.01856699]
[-0.01858803]
[-0.018609]
[-0.01863595]
[-0.01864737]
[-0.01864277]
[-0.01862979]
[-0.01861247]
[-0.01859484]
[-0.01855955]
[-0.01852889]
[-0.01850322]
[-0.01848402]
[-0.01848245]
[-0.01848962]
[-0.01850954]
[-0.01853447]
[-0.01855919]
[-0.01858571]
[-0.01861314]
[-0.01863336]
[-0.01863719]
[-0.01863531]
[-0.01861702]
[-0.01859572]
[-0.01857391]
[-0.01854113]
[-0.01851335]
[-0.01849824]
[-0.01848582]
[-0.01848252]
[-0.01848826]
[-0.0185096]
[-0.01853553]
[-0.01856338]
[-0.01859751]
[-0.01862172]
[-0.01863065]
[-0.01863637]
[-0.01863389]
[-0.01860473]
[-0.01858965]
[-0.0185625]
[-0.01852875]
[-0.01849847]
[-0.01847567]
[-0.01847194]
[-0.018473]
[-0.01848067]
[-0.01850661]
[-0.0185447]
[-0.01857437]
[-0.01858855]
[-0.01861056]
[-0.01862318]
[-0.0186178]
[-0.018609]
[-0.01858768]
[-0.01856805]
[-0.01854608]
[-0.01851299]
[-0.01848736]
[-0.01846853]
[-0.0184691]
[-0.01847436]
[-0.01848934]
[-0.0185213]
[-0.01854431]
[-0.01856066]
[-0.01858593]
[-0.01860956]
[-0.01861623]
[-0.01861834]
[-0.01860135]
[-0.01857358]
[-0.01854891]
[-0.01852883]
[-0.01850494]
[-0.0184758]
[-0.0184623]
[-0.01846138]
[-0.01847457]
[-0.0184811]
[-0.01851565]
[-0.0185508]
[-0.01857073]
[-0.01859082]
[-0.0186151]
[-0.01862028]
[-0.0186132]
[-0.01859728]
[-0.01856411]
[-0.01854525]
[-0.01851087]
[-0.01847648]
[-0.01845957]
[-0.01844817]
[-0.0184514]
[-0.01846426]
[-0.01848372]
[-0.01850396]
[-0.01853862]
[-0.0185721]
[-0.01858803]
[-0.01860892]
[-0.01860667]
[-0.01860164]
[-0.0185763]
[-0.01855095]
[-0.01852318]
[-0.01849175]
[-0.01847668]
[-0.01846422]
[-0.01845681]
[-0.01845763]
[-0.01846484]
[-0.01848459]
[-0.01851842]
[-0.0185434]
[-0.01857579]
[-0.01859203]
[-0.01859614]
[-0.01860041]
[-0.01858417]
[-0.01856009]
[-0.01854205]
[-0.01850962]
[-0.01848665]
[-0.01846424]
[-0.0184564]
[-0.01844655]
[-0.01844335]
[-0.01846862]
[-0.01849415]
[-0.01851865]
[-0.01855026]
[-0.01857276]
[-0.0185806]
[-0.01859134]
[-0.01859699]
[-0.01857506]
[-0.0185483]
[-0.0185292]
[-0.0185008]
[-0.01847285]
[-0.01844783]
[-0.01844052]
[-0.01845266]
[-0.0184553]
[-0.01846825]
[-0.01849539]
[-0.01851784]
[-0.01854647]
[-0.01857221]
[-0.01858495]
[-0.01858489]
[-0.0185825]
[-0.01856429]
[-0.01853739]
[-0.0185059]
[-0.01847717]
[-0.01846131]
[-0.01844973]
[-0.01844028]
[-0.01844456]
[-0.01844386]
[-0.01847732]
[-0.01849625]
[-0.01851564]
[-0.01854347]
[-0.01856239]
[-0.01857212]
[-0.01857089]
[-0.01855967]
[-0.01853534]