[-0.01809394]
[-0.01807185]
[-0.0180616]
[-0.01815127]
[-0.01801074]
[-0.01804185]
[-0.0181495]
[-0.01801988]
[-0.01802933]
[-1.52823e-05]
[-0.01800392]
[-0.01798976]
[-0.01799512]
[-0.01800181]
[-0.01801909]
[-0.01804829]
[-0.01814531]
[-0.01807064]
[-0.0180665]
[-0.01800245]
[-0.01807596]
[-0.01811639]
[-0.01810915]
[-0.01799616]
[-0.01810863]
[-0.01811996]
[-0.01799101]
[-0.0180531]
[-0.00317194]
[-0.01800505]
[-0.01811514]
[-0.01798673]
[-0.01807494]
[-0.01811268]
[-0.01811141]
[-0.01797359]
[-0.01807071]
[-0.01811105]
[-0.01797808]
[-0.01807314]
[-0.01809025]
[-0.01796946]
[-0.01809335]
[-0.01808286]
[-0.01797675]
[-0.01807451]
[-0.01808739]
[-0.01807202]
[-0.01798214]
[-0.01810606]
[-0.01811639]
[-0.01804431]
[-0.01798279]
[-0.01812282]
[-0.01805889]
[-0.01797704]
[-0.01798365]
[-0.01812038]
[-0.01805668]
[-0.01809556]
[-1.52339e-05]
[-0.01805894]
[-0.01796319]
[-0.01810253]
[-0.01805557]
[-0.01797063]
[-0.01797411]
[-0.01798267]
[-0.01811549]
[-0.01802161]
[-0.01798212]
[-0.0181131]
[-0.0180494]
[-0.017989]
[-0.01811702]
[-0.01800813]
[-0.01797294]
[-0.01810881]
[-0.01802679]
[-0.01800498]
[-0.0179949]
[-0.01810861]
[-0.01799272]
[-0.01801118]
[-0.01802933]
[-0.01809964]
[-0.01796287]
[-0.01803512]
[-0.01810328]
[-0.01809997]
[-0.01800556]
[-0.01798446]
[-0.01808495]
[-0.01806693]
[-1.52944e-05]
[-0.0180881]
[-0.01796502]
[-0.01796558]
[-0.0180982]
[-0.01798096]
[-0.01796071]
[-0.01808481]
[-0.01795557]
[-0.01808842]
[-0.01803367]
[-0.01801431]
[-0.0179469]
[-0.01804653]
[-0.01806202]
[-0.01793382]
[-0.01805376]
[-0.01804381]
[-0.01793376]
[-0.01800928]
[-0.01807636]
[-0.01794916]
[-0.01799084]
[-0.01807521]
[-0.01794507]
[-0.01799285]
[-0.0180797]
[-0.01793428]
[0.00289157]
[-0.01799973]
[-0.01806173]
[-0.01792882]
[-0.01801804]
[-0.01805495]
[-0.01792216]
[-0.01799149]
[-0.01806387]
[-0.01792277]
[-0.0180036]
[-0.01805794]
[-0.01799412]
[-1.53186e-05]
[-0.01793935]
[-0.01797529]
[-0.01806587]
[-0.01793768]
[-0.01792861]
[-0.01800469]
[-0.01792402]
[-0.01806321]
[-0.0180358]
[-0.0179226]
[-0.01802669]
[-0.01792121]
[-0.0180605]
[-0.01800187]
[-0.01793028]
[-0.01806626]
[-0.01799871]
[-0.01793288]
[-0.01806371]
[-0.01806799]
[-0.01806538]
[-0.01800221]
[-0.01791428]
[-0.01806357]
[-0.01798232]
[-0.01792839]
[-0.01805902]
[-0.01797179]
[-0.01793347]
[-0.01805779]
[-0.01797347]
[-0.01805837]
[-0.01792149]
[-0.01795278]
[-0.01796483]
[-0.0180662]
[-0.01792014]
[-0.01791075]
[-1.5246e-05]
[-0.01790278]
[-0.01790717]
[-0.01791997]
[-0.01794687]
[-0.017973]
[-0.01799821]
[-0.01802385]
[-0.01803459]
[-0.01804968]
[-0.01804813]
[-0.01803453]
[-0.01801308]
[-0.01798809]
[-0.01796076]
[-0.01793267]
[-0.01791532]
[-0.01790006]
[-0.01789507]
[-0.01791018]
[-0.01792861]
[-0.01795031]
[-0.0179746]
[-0.01800866]
[-0.01803196]
[-0.01804572]
[-0.01805037]
[-0.0180508]
[-0.01803902]
[-0.01801237]
[-0.01797933]
[-0.01794811]
[-0.0179204]
[-0.01789698]
[-0.01790514]
[-1.53186e-05]
[-0.01791107]
[-0.01792559]
[-0.01794927]
[-0.01798142]
[-0.01800744]
[-0.01803506]
[-0.01804657]
[-0.01805143]
[-0.01804415]
[-0.01802201]
[-0.01799841]
[-0.0179643]
[-0.01793998]
[-0.01791583]
[-0.01790165]
[-0.01790047]
[-0.0179114]
[-0.01791895]
[-0.01793519]
[-0.01795892]
[-0.01799424]
[-0.01802028]
[-0.01804071]
[-0.01804941]
[-0.0180442]
[-0.01803215]
[-0.01802454]
[-0.01798969]
[-0.01795367]
[-0.01793826]
[-0.0179171]
[-0.01790203]
[-0.01789647]
[-0.01790754]
[-0.01791911]
[-0.01795006]
[-0.01798573]
[-0.01799691]
[-0.01801714]
[-0.01804831]
[-0.01804146]
[-0.0180285]
[-0.01802152]
[-0.01798349]
[-0.01794777]
[-0.01793272]
[-0.01790425]
[-0.0178883]
[-0.01789142]
[-0.01791343]
[-0.01793295]
[-0.01795594]
[-0.0179797]
[-0.01800743]
[-0.01803452]
[-0.018052]
[-0.01806278]
[-0.01804571]
[-0.01802339]
[-0.01799615]
[-0.01797669]
[-0.01794603]
[-0.01791486]
[-0.01789165]
[-0.01789249]
[-0.01789507]
[-0.01790399]
[-0.01793392]
[-0.01796885]
[-0.01798392]
[-0.01800988]
[-0.01803593]
[-0.01805123]
[-0.01805038]
[-0.01804766]
[-0.01799195]
[-1.53065e-05]
[-0.01796851]
[-0.01793689]
[-0.01792274]
[-0.0179019]
[-0.01789398]
[-0.01789903]
[-0.01790886]
[-0.01793163]
[-0.01796205]
[-0.01799474]
[-0.01802821]
[-0.01805805]
[-0.01805736]
[-0.01804279]
[-0.01802499]
[-0.018006]
[-0.01793977]
[-1.53065e-05]
[-0.01791743]
[-0.01789337]
[-0.01788213]
[-0.01788712]
[-0.01789629]
[-0.01793737]
[-0.01796949]
[-0.01803107]
[-0.01802906]
[-0.01801005]
[-0.0179892]
[-0.01795681]
[-0.01793208]
[-0.01791006]
[-0.01788811]
[-0.0178788]
[-0.01788958]
[-0.01790178]
[-0.01792228]
[-0.01795079]
[-0.01797593]
[-0.01799962]
[-0.01801711]
[-0.01803903]
[-0.01803601]
[-0.01803181]
[-0.01800695]
[-0.0179916]
[-0.01796204]
[-0.01792404]
[-0.01789513]
[-0.01789788]
[-0.0178869]
[-0.01788449]
[-0.01789583]
[-0.01793409]
[-0.01795684]
[-0.01798026]
[-0.01801229]
[-0.01803031]
[-0.01804923]
[-0.01803857]
[-0.01802847]
[-0.0179985]
[-0.01797021]
[-0.01794733]
[-0.01791668]
[-0.01789038]
[-0.01788415]
[-0.01788235]
[-0.01789048]
[-0.0179081]
[-0.01793784]
[-0.01796137]
[-0.01798977]
[-0.01800917]
[-0.01802992]
[-0.01803555]
[-0.01802424]
[-0.01801172]
[-0.01799489]
[-0.01796658]
[-0.01793791]
[-0.0179102]
[-0.01788622]
[-0.01788165]
[-0.01788529]
[-0.01789621]
[-0.01791159]
[-0.01794085]
[-0.01796972]
[-0.01799831]
[-0.01801276]
[-0.01803204]
[-0.01802831]
[-0.01801985]
[-0.01800388]
[-0.01797943]
[-0.01796084]
[-0.01793081]
[-0.01790252]
[-0.0178872]
[-0.01788316]
[-0.01788155]
[-0.01789532]
[-0.01792435]
[-0.01794304]
[-0.01797039]
[-0.01800291]
[-0.0180178]
[-0.01803279]
[-0.01803143]
[-0.01801717]
[-0.01800011]
[-0.01797281]
[-0.01793911]
[-0.01791107]
[-0.01789942]
[-0.01788403]
[-0.01787631]
[-0.01789047]
[-0.01790467]
[-0.01792816]
[-0.01795945]
[-0.01798804]
[-0.0180115]
[-0.01802723]
[-0.01802738]
[-0.01802778]
[-0.01800959]
[-0.01798373]
[-0.0179575]
[-0.01793233]
[-0.01791185]
[-0.01789419]
[-0.0178834]
[-0.01788318]
[-0.0178981]
[-0.01790385]
[-0.01793328]
[-0.01796174]
[-0.0179878]
[-0.01800701]
[-0.01802022]
[-0.01802893]
[-0.0180272]
[-0.01800684]
[-0.01797695]
[-0.01795195]
[-0.01792398]
[-0.01790046]
[-0.01788137]
[-0.01787462]
[-0.01787952]
[-0.01789102]
[-0.01791366]
[-0.01794256]
[-0.01796638]
[-0.0179975]
[-0.01802283]
[-0.01804383]
[-0.0179016]
[-0.01793324]
[-0.01795709]
[-0.0179777]
[-0.01800266]
[-0.01802306]
[-0.01802948]
[-0.01802438]
[-0.01801331]
[-0.01799043]
[-0.01797021]
[-0.0179372]
[-0.01791069]
[-0.01788673]
[-0.01787568]
[-0.01787604]
[-0.01788189]
[-0.01790429]
[-0.01793606]
[-0.01797113]
[-0.01799372]
[-0.01801147]
[-0.0180302]
[-0.01802923]
[-0.01802821]
[-0.01800625]
[-0.0179768]
[-0.01795501]
[-0.0179234]
[-0.01789918]
[-0.01787389]
[-0.01787734]
[-0.01788715]
[-0.01788618]
[-0.01790712]
[-0.01793644]
[-0.01799973]
[-0.0180155]
[-1.53549e-05]
[-0.0180285]
[-0.01802199]
[-0.01800987]
[-0.01800197]
[-0.01797868]
[-0.0179459]
[-0.01792233]
[-0.01790295]
[-0.0178868]
[-0.01788053]
[-0.01788542]
[-0.01789701]
[-0.01791942]
[-0.01795069]
[-0.01800267]
[-0.0180237]
[-1.53186e-05]
[-0.01803135]
[-0.01801724]
[-0.01801022]
[-0.01800153]
[-0.01797252]
[-0.01793539]
[-0.01790794]
[-0.01788315]
[-0.01787481]
[-0.01787318]
[-0.01787734]
[-0.0179072]
[-0.01793591]
[-0.01795652]
[-0.0180135]
[-0.01802806]
[-0.01802915]
[-1.52702e-05]
[-0.01802282]
[-0.01800163]
[-0.0179815]
[-0.01795765]
[-0.01793364]
[-0.01790974]
[-0.0178857]
[-0.01787992]
[-0.0178763]
[-0.01788482]
[-0.01791259]
[-0.01794154]
[-0.01796557]
[-0.01798975]
[-0.01800972]
[-0.0180203]
[-0.01802925]
[-0.01801832]
[-0.01800308]
[-0.0179699]
[-0.01794591]
[-0.01791814]
[-0.01788639]
[-0.0178815]
[-0.01788016]
[-0.01787996]
[-0.01789066]
[-0.01791125]
[-0.01793881]
[-0.01796423]
[-0.01799132]
[-0.01800948]
[-0.01802058]
[-0.01802431]
[-0.01801029]
[-0.01799052]
[-0.01796537]
[-0.01793858]
[-0.01790802]
[-0.01788902]
[-0.01787731]
[-0.01787656]
[-0.01788109]
[-0.01789801]
[-0.01792267]
[-0.01794699]
[-0.01797462]
[-0.01799587]
[-0.01801991]
[-0.01802605]
[-0.0180223]
[-0.01800781]
[-0.01798102]
[-0.01794829]
[-0.0179261]
[-0.01790375]
[-0.01788264]
[-0.01786854]
[-0.01787087]
[-0.01788246]
[-0.01790278]
[-0.01793063]
[-0.0179598]
[-0.01799036]
[-0.01801402]
[-0.01802139]
[-0.01802009]
[-0.01801384]
[-0.018006]
[-0.01798056]
[-0.01795017]
[-0.01792175]
[-0.01789343]
[-0.01787453]
[-0.01786895]
[-0.01787303]
[-0.01789628]
[-0.01792273]
[-0.01794941]
[-0.01796502]
[-0.01798857]
[-0.01802418]
[-0.01803604]
[-0.01802421]
[-0.01801305]
[-0.01799468]
[-0.01797211]
[-0.01794278]
[-0.01791526]
[-0.01789158]
[-0.01787946]
[-0.0178786]
[-0.0178823]
[-0.0178928]
[-0.01792188]
[-0.01794856]
[-0.01798104]
[-0.01799762]
[-0.01801383]
[-0.0180242]
[-0.01802185]
[-0.01800908]
[-0.01798379]
[-0.0179534]
[-0.01793939]
[-0.01786696]
[-0.01787297]
[-0.01787635]
[-0.01788554]
[-0.01791271]
[-0.01793808]
[-0.01795993]
[-0.01798271]
[-0.0180076]
[-0.01802738]
[-0.01802629]
[-0.01801794]
[-0.01800705]
[-0.01797557]
[-0.01794895]
[-0.01792855]
[-0.01789672]
[-0.017875]
[-0.01787024]
[-0.01787639]
[-0.01789298]
[-0.01791957]
[-0.01794242]
[-0.01796341]
[-0.01799286]
[-0.01801276]
[-0.01802233]
[-0.01802674]
[-0.01801709]
[-0.01799421]
[-0.01796593]
[-0.0179361]
[-0.01791824]
[-0.01789833]
[-0.01787793]
[-0.01787191]
[-0.01788511]
[-0.01790039]
[-0.01791824]
[-0.0179436]
[-0.01797263]
[-0.01799239]
[-0.01800848]
[-0.01802815]
[-0.01802663]
[-0.01801413]
[-0.01798722]
[-0.0179633]
[-0.01794078]
[-0.01791291]
[-0.01789256]
[-0.01787316]
[-0.01787016]
[-0.01788398]
[-0.01789609]
[-0.01791976]
[-0.01795938]
[-0.01797676]
[-0.01800221]
[-0.01801789]
[-0.0180275]
[-0.01802199]
[-0.01800397]
[-0.0179796]
[-0.01795542]
[-0.01791981]
[-0.01789839]
[-0.01787842]
[-0.01787413]
[-0.01787495]
[-0.01788436]
[-0.01790813]
[-0.01793029]
[-0.01796162]
[-0.01799386]
[-0.01801426]
[-0.0180359]
[-0.01803385]
[-0.01800837]
[-0.01799275]
[-0.01798016]
[-0.01795167]
[-0.01791406]
[-0.01789613]
[-0.01787889]
[-0.01787226]
[-0.01788467]
[-0.01789882]
[-0.01791773]
[-0.01794818]
[-0.01797237]
[-0.01799777]
[-0.01801621]
[-0.01803055]
[-0.01801928]
[-0.01801023]
[-0.01798913]
[-0.01796124]
[-0.01794153]
[-0.01791591]
[-0.01789091]
[-0.0178785]
[-0.01787739]
[-0.01788758]
[-0.01790073]
[-0.01793023]
[-0.01795025]
[-0.0179769]
[-0.01800665]
[-0.01801461]
[-0.0180256]
[-0.01802318]
[-0.01800727]
[-0.01798101]
[-0.01796232]
[-0.01793428]
[-0.01790724]
[-0.01788171]
[-0.01787222]
[-0.01787445]
[-0.01789375]
[-0.01790564]
[-0.01792872]
[-0.01796436]
[-0.01798583]
[-0.01801129]
[-0.01802424]
[-0.01802819]
[-0.01801559]
[-0.0179992]
[-0.01797427]
[-0.01795465]
[-0.01791956]
[-0.01789807]
[-0.0178786]
[-0.01787049]
[-0.01787929]
[-0.01789131]
[-0.01791755]
[-0.01794614]
[-0.01797143]
[-0.01799188]
[-0.01801085]
[-0.01802203]
[-0.01802512]
[-0.01801575]
[-0.01800186]
[-0.017967]
[-0.0179337]
[-0.01790645]
[-0.01788506]
[-0.01787281]
[-0.01786768]
[-0.01787235]
[-0.0178952]
[-0.01791698]
[-0.01794895]
[-0.01797466]
[-0.01799568]
[-0.01801963]
[-0.0180229]
[-0.01802896]
[-0.01801274]
[-0.01799581]
[-0.01795888]
[-0.01792948]
[-0.01790265]
[-0.01787878]
[-0.01786876]
[-0.01787345]
[-0.01789047]
[-0.01791119]
[-0.017928]
[-0.01796344]
[-0.01799456]
[-0.01801752]
[-0.01803609]
[-0.01803561]
[-0.01802786]
[-0.01801026]
[-0.01798237]
[-0.01795929]
[-0.01793279]
[-0.0179171]
[-0.01789298]
[-0.01788635]
[-0.01789106]
[-0.01789972]
[-0.01791936]
[-0.017952]
[-0.01798055]
[-0.01800187]
[-0.01802368]
[-0.01803187]
[-0.01803785]
[-0.01802647]
[-0.01800296]
[-0.01797882]
[-0.01795563]
[-0.01792502]
[-0.01790328]
[-0.01788053]
[-0.01788149]
[-0.01789602]
[-0.01790301]
[-0.01792637]
[-0.0179612]
[-0.01798853]
[-0.01800716]
[-0.01803288]
[-0.01803048]
[-0.01802882]
[-0.01802203]
[-0.01799621]
[-0.01797087]
[-0.01793876]
[-0.0179102]
[-0.01789099]
[-0.01787489]
[-0.01788131]
[-0.01789354]
[-0.01790736]
[-0.01793443]
[-0.0179586]
[-0.01798879]
[-0.0180139]
[-0.01803598]
[-0.0180353]
[-0.01803092]
[-0.01801395]
[-0.01798842]
[-0.01795625]
[-0.0179288]
[-0.01790347]
[-0.01789401]
[-0.01788656]
[-0.01788479]
[-0.01789484]
[-0.01791328]
[-0.01794631]
[-0.01796468]
[-0.01799772]
[-0.01801973]
[-0.01802959]
[-0.0180312]
[-0.01802685]
[-0.01800478]
[-0.01797582]
[-0.01795186]
[-0.01793037]
[-0.01789427]
[-0.01788145]
[-0.01788358]
[-0.01788972]
[-0.0179036]
[-0.01792579]
[-0.01796073]
[-0.01797687]
[-0.01799955]
[-0.01802537]
[-0.01803641]
[-0.01802882]
[-0.01802376]
[-0.01800101]
[-0.01798205]
[-0.01794445]
[-0.0179209]
[-0.01790043]
[-0.01788802]
[-0.01787943]
[-0.01788872]
[-0.01790937]
[-0.01792901]
[-0.01796112]
[-0.0179916]
[-0.01800959]
[-0.01802657]
[-0.01803649]
[-0.01802619]
[-0.01802038]
[-0.01799556]
[-0.01796232]
[-0.01793487]
[-0.01791334]
[-0.01789068]
[-0.01788195]
[-0.0178811]
[-0.01789087]
[-0.01790626]
[-0.01793299]
[-0.01796518]
[-0.01799527]
[-0.01802497]
[-0.01803858]
[-0.01804197]
[-0.01802207]
[-0.01800388]
[-0.01797338]
[-0.01794959]
[-0.01792256]
[-0.01791006]
[-0.01789026]
[-0.0178823]
[-0.01788578]
[-0.01790009]
[-0.01792484]
[-0.01794645]
[-0.01797016]
[-0.01799281]
[9.03144e-05]
[0.0927793]
[-0.01803334]
[-0.01801816]
[-0.01799408]
[-0.01797148]
[-0.01794521]
[-0.01791573]
[-0.01789417]
[-0.01788471]
[-0.01788155]
[-0.01788157]
[-0.01790081]
[-0.01792909]
[-0.01796106]
[-0.01798636]
[-0.0180036]
[-0.01802677]
[-0.0180291]
[-0.01802399]
[-0.01801528]
[-0.01798882]
[-0.01796391]
[-0.01793675]
[-0.01791291]
[-0.01789508]
[-0.01787402]
[-0.01787227]
[-0.01788709]
[-0.01791138]
[-0.01793986]
[-0.01797467]
[-0.01799692]
[-0.01801124]
[-0.01803395]
[-0.01803193]
[-0.01802048]
[-0.01799827]
[-0.01797479]
[-0.0179559]
[-0.01791745]
[-0.01789133]
[-0.01788257]
[-0.01787026]
[-0.01787234]
[-0.01788513]
[-0.01790829]
[-0.01794187]
[-0.01797272]
[-0.01799346]
[-0.01800859]
[-0.01802669]
[-0.01803157]
[-0.01802237]
[-0.01800348]
[-0.01797559]
[-0.0179421]
[-0.01792138]
[-0.01789261]
[-0.01787794]
[-0.01787595]
[-0.01787856]
[-0.01790149]
[-0.01792565]
[-0.01795351]
[-0.01797698]