[0.00160776]
[-0.02782319]
[-0.04395751]
[-0.0454138]
[-0.04534496]
[-0.04526226]
[-0.0451643]
[-0.04505297]
[-0.04495282]
[-0.04483026]
[-0.04472222]
[-0.04462245]
[-0.04454362]
[-0.04449377]
[-0.04443023]
[-0.04440738]
[-0.04438402]
[-0.04436876]
[-0.04436144]
[-0.04435008]
[-0.04429948]
[-0.04424972]
[-0.04420489]
[-0.04413048]
[-0.04405213]
[-0.04397768]
[-0.04388683]
[-0.04380689]
[-0.04375446]
[-0.04371336]
[-0.04368311]
[-0.04367822]
[-0.04367839]
[-0.0436779]
[-0.04369258]
[-0.04371121]
[-0.04369257]
[-0.04366035]
[-0.04362338]
[-0.04357752]
[-0.04350822]
[-0.04341703]
[-0.04334318]
[-0.04326783]
[-0.04320189]
[-0.04314878]
[-0.04311661]
[-0.04309396]
[-0.04308609]
[-0.04310035]
[-0.04311445]
[-0.04311307]
[-0.04310987]
[-0.04309275]
[-0.04307421]
[-0.04303717]
[-0.04298884]
[-0.0429179]
[-0.04283323]
[-0.04275663]
[-0.0426957]
[-0.04263797]
[-0.04258884]
[-0.042564]
[-0.04254016]
[-0.04254723]
[-0.04256494]
[-0.0425622]
[-0.04256609]
[-0.04256782]
[-0.04255245]
[-0.04252161]
[-0.04248633]
[-0.04242706]
[-0.04235889]
[-0.042282]
[-0.04220118]
[-0.04214275]
[-0.04209546]
[-0.04204794]
[-0.04203602]
[-0.04201811]
[-0.04201753]
[-0.04203552]
[-0.04205991]
[-0.04205733]
[-0.0420537]
[-0.04204519]
[-0.04200122]
[-0.04195879]
[-0.04189888]
[-0.0418267]
[-0.04176417]
[-0.04169079]
[-0.04163015]
[-0.04159239]
[-0.04155518]
[-0.04153098]
[-0.04152223]
[-0.04153419]
[-0.04154885]
[-0.04155641]
[-0.04157235]
[-0.04157195]
[-0.04154479]
[-0.04151548]
[-0.04146198]
[-0.0413948]
[-0.04132992]
[-0.04125956]
[-0.04119522]
[-0.04113682]
[-0.04109143]
[-0.04106722]
[-0.04105284]
[-0.04106198]
[-0.04106995]
[-0.04108959]
[-0.04109822]
[-0.04110764]
[-0.04109159]
[-0.04106116]
[-0.04102929]
[-0.04097254]
[-0.04092796]
[-0.0408554]
[-0.04077717]
[-0.0407203]
[-0.04067211]
[-0.04062775]
[-0.04061313]
[-0.04060412]
[-0.04061295]
[-0.04062231]
[-0.0406362]
[-0.04064881]
[-0.04064913]
[-0.04064032]
[-0.04060111]
[-0.04057112]
[-0.04051839]
[-0.04044894]
[-0.04038126]
[-0.04031183]
[-0.04025401]
[-0.04020808]
[-0.04017949]
[-0.04015652]
[-0.04015535]
[-0.04017292]
[-0.04018611]
[-0.04019625]
[-0.04020807]
[-0.04020791]
[-0.0401912]
[-0.04016005]
[-0.04010895]
[-0.0400598]
[-0.03999043]
[-0.03992581]
[-0.039866]
[-0.03979944]
[-0.03976336]
[-0.03974494]
[-0.03973311]
[-0.03973969]
[-0.03975065]
[-0.03976724]
[-0.03977478]
[-0.0397769]
[-0.03977925]
[-0.03976246]
[-0.03972628]
[-0.03968579]
[-0.03962991]
[-0.03956614]
[-0.03949624]
[-0.03943223]
[-0.03938833]
[-0.03935508]
[-0.03932551]
[-0.03932193]
[-0.03932531]
[-0.03934013]
[-0.03935645]
[-0.03936728]
[-0.03936808]
[-0.03936459]
[-0.0393458]
[-0.03930965]
[-0.0392535]
[-0.03919275]
[-0.03912501]
[-0.03906769]
[-0.03902398]
[-0.03896634]
[-0.03894033]
[-0.03892865]
[-0.03892916]
[-0.03892898]
[-0.03894263]
[-0.03895717]
[-0.03898146]
[-0.03898187]
[-0.03897039]
[-0.03892762]
[-0.0388948]
[-0.0388372]
[-0.03877922]
[-0.03871466]
[-0.03866364]
[-0.03861663]
[-0.03857813]
[-0.03854576]
[-0.03854234]
[-0.03853878]
[-0.03855287]
[-0.03857601]
[-0.03859123]
[-0.03859683]
[-0.03859985]
[-0.03857847]
[-0.03853843]
[-0.03850326]
[-0.03844136]
[-0.03838761]
[-0.03832634]
[-0.03827622]
[-0.03822931]
[-0.03818278]
[-0.03815742]
[-0.03815072]
[-0.03816414]
[-0.03818049]
[-0.03819228]
[-0.03820525]
[-0.03820833]
[-0.03820783]
[-0.03819321]
[-0.03815952]
[-0.0381151]
[-0.03805558]
[-0.03799087]
[-0.03793541]
[-0.03788033]
[-0.03783628]
[-0.03781454]
[-0.03780028]
[-0.03779918]
[-0.03780192]
[-0.03781711]
[-0.03783439]
[-0.03784081]
[-0.03784349]
[-0.03783302]
[-0.03781514]
[-0.03777714]
[-0.03772321]
[-0.03768088]
[-0.03761659]
[-0.03756094]
[-0.03750331]
[-0.03746369]
[-0.03744265]
[-0.03742647]
[-0.03743042]
[-0.03744983]
[-0.03746585]
[-0.03748292]
[-0.03750245]
[-0.037501]
[-0.03747925]
[-0.03744609]
[-0.0374131]
[-0.03736231]
[-0.03730166]
[-0.03724108]
[-0.03718641]
[-0.0371361]
[-0.0371115]
[-0.03708627]
[-0.03708649]
[-0.03709195]
[-0.03710449]
[-0.03713089]
[-0.03714361]
[-0.03714904]
[-0.03714528]
[-0.03713638]
[-0.03710964]
[-0.03706134]
[-0.03700098]
[-0.03694994]
[-0.03689494]
[-0.03682905]
[-0.03678602]
[-0.03676327]
[-0.03674324]
[-0.036739]
[-0.03676228]
[-0.03677578]
[-0.03679282]
[-0.03681646]
[-0.03681949]
[-0.03681101]
[-0.03680157]
[-0.03676556]
[-0.03670375]
[-0.03664644]
[-0.03659178]
[-0.0365364]
[-0.03648786]
[-0.0364442]
[-0.03642897]
[-0.03641405]
[-0.03641174]
[-0.0364271]
[-0.03645229]
[-0.03647699]
[-0.03648951]
[-0.03648246]
[-0.03647619]
[-0.03646582]
[-0.03642017]
[-0.03635913]
[-0.03630797]
[-0.03624971]
[-0.0362008]
[-0.03615343]
[-0.03611658]
[-0.0361196]
[-0.03610056]
[-0.03610115]
[-0.03611744]
[-0.03613114]
[-0.03614736]
[-0.0361655]
[-0.03616792]
[-0.03614742]
[-0.03611751]
[-0.03607997]
[-0.03604047]
[-0.03597841]
[-0.03591751]
[-0.03586592]
[-0.03582655]
[-0.03579813]
[-0.03579781]
[-0.03578527]
[-0.03579358]
[-0.03581507]
[-0.0358254]
[-0.03584089]
[-0.0358557]
[-0.03585534]
[-0.03583532]
[-0.03580673]
[-0.03575525]
[-0.03570914]
[-0.03564869]
[-0.03559565]
[-0.0355471]
[-0.03551691]
[-0.03548441]
[-0.03546201]
[-0.03547574]
[-0.035496]
[-0.03551237]
[-0.03553665]
[-0.03554328]
[-0.0355541]
[-0.03554262]
[-0.03552719]
[-0.03549196]
[-0.03545149]
[-0.03539824]
[-0.03533299]
[-0.03528151]
[-0.03523823]
[-0.03520782]
[-0.03518116]
[-0.03516752]
[-0.03518063]
[-0.03519665]
[-0.0352151]
[-0.03523918]
[-0.03524927]
[-0.03524596]
[-0.03523428]
[-0.03521286]
[-0.03518162]
[-0.03513536]
[-0.03508481]
[-0.03502545]
[-0.03497028]
[-0.03492107]
[-0.03490391]
[-0.03489275]
[-0.03489705]
[-0.03490492]
[-0.034908]
[-0.03492212]
[-0.03494248]
[-0.03495721]
[-0.03495691]
[-0.03493667]
[-0.03491964]
[-0.03487843]
[-0.03483177]
[-0.03477684]
[-0.03472083]
[-0.03466562]
[-0.03463572]
[-0.03461022]
[-0.03459242]
[-0.03459391]
[-0.03461407]
[-0.03463237]
[-0.03465416]
[-0.03468334]
[-0.03468886]
[-0.03468273]
[-0.03465478]
[-0.03462121]
[-0.0345834]
[-0.03453997]
[-0.03448686]
[-0.03443907]
[-0.03438113]
[-0.03433828]
[-0.03432748]
[-0.03432801]
[-0.03432788]
[-0.03433704]
[-0.03436568]
[-0.03438583]
[-0.03439706]
[-0.03441463]
[-0.03438997]
[-0.03437381]
[-0.03434086]
[-0.03430772]
[-0.03425714]
[-0.03418993]
[-0.03413715]
[-0.03409522]
[-0.03406973]
[-0.03405465]
[-0.03405718]
[-0.03405733]
[-0.03407343]
[-0.03409428]
[-0.03411682]
[-0.03413623]
[-0.03413838]
[-0.03412524]
[-0.03410683]
[-0.03405906]
[-0.03400751]
[-0.03396009]
[-0.03390295]
[-0.03385286]
[-0.03381443]
[-0.03380015]
[-0.03379363]
[-0.0337972]
[-0.03380844]
[-0.03382557]
[-0.03384531]
[-0.03385984]
[-0.03387318]
[-0.03387059]
[-0.03385562]
[-0.03382018]
[-0.0337813]
[-0.03373073]
[-0.03368736]
[-0.0336422]
[-0.03359981]
[-0.03355197]
[-0.03353286]
[-0.03353032]
[-0.03352603]
[-0.03354898]
[-0.03357189]
[-0.03359134]
[-0.03360734]
[-0.03361404]
[-0.03361002]
[-0.03358953]
[-0.03356919]
[-0.03352096]
[-0.03345858]
[-0.03340952]
[-0.03336919]
[-0.03333548]
[-0.03328849]
[-0.03327218]
[-0.03328406]
[-0.0332857]
[-0.03329895]
[-0.03331816]
[-0.03334962]
[-0.0333659]
[-0.03337658]
[-0.03336744]
[-0.03334586]
[-0.03331397]
[-0.03326358]
[-0.03320481]
[-0.03315853]
[-0.03311339]
[-0.03308478]
[-0.03305749]
[-0.03303564]
[-0.03303587]
[-0.03306133]
[-0.03308117]
[-0.03309928]
[-0.03311922]
[-0.03313063]
[-0.03313134]
[-0.03311109]
[-0.03309096]
[-0.03304733]
[-0.0329926]
[-0.03294538]
[-0.03291006]
[-0.03285448]
[-0.03282084]
[-0.03280179]
[-0.03278968]
[-0.03280458]
[-0.03281957]
[-0.03284303]
[-0.03286676]
[-0.03288192]
[-0.03289435]
[-0.03287992]
[-0.03286798]
[-0.03283953]
[-0.03279369]
[-0.03274535]
[-0.03270591]
[-0.03264667]
[-0.03260376]
[-0.03257771]
[-0.03256617]
[-0.03256523]
[-0.03256987]
[-0.03259354]
[-0.03261704]
[-0.03264829]
[-0.03267029]
[-0.03265656]
[-0.03264215]
[-0.03261527]
[-0.03258783]
[-0.03254532]
[-0.03249517]
[-0.03244735]
[-0.03240133]
[-0.03236867]
[-0.03234325]
[-0.03233154]
[-0.032335]
[-0.03233986]
[-0.03236613]
[-0.03239977]
[-0.03240854]
[-0.03242245]
[-0.0324237]
[-0.03240755]
[-0.03238822]
[-0.03235441]
[-0.03230269]
[-0.03225221]
[-0.03220323]
[-0.03215868]
[-0.03212914]
[-0.03211318]
[-0.03210209]
[-0.03210655]
[-0.03212774]
[-0.03214791]
[-0.03217246]
[-0.03219727]
[-0.03219938]
[-0.0321927]
[-0.03217616]
[-0.03214699]
[-0.03211202]
[-0.03207034]
[-0.03202122]
[-0.03197424]
[-0.03193883]
[-0.03190615]
[-0.03190215]
[-0.03188875]
[-0.03188162]
[-0.03190167]
[-0.03192446]
[-0.03194704]
[-0.03197769]
[-0.03197978]
[-0.0319687]
[-0.0319566]
[-0.03192454]
[-0.03189038]
[-0.03183704]
[-0.03179309]
[-0.03174276]
[-0.03169983]
[-0.03167008]
[-0.03166076]
[-0.03166908]
[-0.03167848]
[-0.03169515]
[-0.03172924]
[-0.03174385]
[-0.03174371]
[-0.03176041]
[-0.0317528]
[-0.03173201]
[-0.03169803]
[-0.03164875]
[-0.03159535]
[-0.03154832]
[-0.03151268]
[-0.03147974]
[-0.03145504]
[-0.03144997]
[-0.03146812]
[-0.03147329]
[-0.0314963]
[-0.03153235]
[-0.03153456]
[-0.03154348]
[-0.03155016]
[-0.03153721]
[-0.03150824]
[-0.03146686]
[-0.03141848]
[-0.03137241]
[-0.03133637]
[-0.03129705]
[-0.03127198]
[-0.0312468]
[-0.03123689]
[-0.03124406]
[-0.03127137]
[-0.03129596]
[-0.03131951]
[-0.03133279]
[-0.03134654]
[-0.03134592]
[-0.03131433]
[-0.0312846]
[-0.03124427]
[-0.03121057]
[-0.03116258]
[-0.03111077]
[-0.03107682]
[-0.03105591]
[-0.0310413]
[-0.03104156]
[-0.03106013]
[-0.03108048]
[-0.031091]
[-0.03110922]
[-0.03114127]
[-0.03114403]
[-0.03114639]
[-0.03111742]
[-0.03107754]
[-0.03103579]
[-0.03099162]
[-0.03095147]
[-0.0309072]
[-0.03086636]
[-0.03085092]
[-0.03083914]
[-0.03083839]
[-0.03085804]
[-0.03088381]
[-0.03090076]
[-0.03092537]
[-0.03094423]
[-0.03094544]
[-0.03092352]
[-0.03090476]
[-0.03087373]
[-0.03082565]
[-0.03077185]
[-0.03072791]
[-0.03070031]
[-0.03067184]
[-0.03065784]
[-0.0306489]
[-0.03065376]
[-0.03066397]
[-0.03068665]
[-0.03070529]
[-0.03074248]
[-0.0307548]
[-0.03074139]
[-0.03072655]
[-0.0307033]
[-0.0306644]
[-0.03061996]
[-0.03057161]
[-0.03054329]
[-0.03049646]
[-0.03046948]
[-0.03046413]
[-0.03046194]
[-0.030463]
[-0.03048905]
[-0.03050399]
[-0.03053376]
[-0.03054722]
[-0.03055715]
[-0.0305491]
[-0.03052825]
[-0.0305021]
[-0.03046694]
[-0.03042561]
[-0.03037692]
[-0.03033193]
[-0.0303047]
[-0.03028153]
[-0.03027116]
[-0.03027667]
[-0.03028326]
[-0.03030289]
[-0.03031705]
[-0.03034882]
[-0.03036908]
[-0.03036805]
[-0.03035921]
[-0.0303323]
[-0.03029385]
[-0.03026598]
[-0.03022659]
[-0.0301667]
[-0.03013816]
[-0.03010808]
[-0.03008462]
[-0.03007564]
[-0.03008202]
[-0.030106]
[-0.03011879]
[-0.03014504]
[-0.03016931]
[-0.03017761]
[-0.03018082]
[-0.0301701]
[-0.03014906]
[-0.030118]
[-0.03008029]
[-0.03003158]
[-0.02998212]
[-0.02994397]
[-0.02991346]
[-0.02989516]
[-0.02989132]
[-0.029912]
[-0.02993644]
[-0.02996963]
[-0.02998041]
[-0.029991]
[-0.03001382]
[-0.03001266]
[-0.02998375]
[-0.02995893]
[-0.02991847]
[-0.02987638]
[-0.02982107]
[-0.02978489]
[-0.02974801]
[-0.02972888]
[-0.029727]
[-0.02972686]
[-0.02974322]
[-0.02975552]
[-0.02977958]
[-0.02979965]
[-0.0298231]
[-0.02983174]
[-0.02983326]
[-0.02979882]
[-0.02976826]
[-0.02972607]
[-0.0296841]
[-0.02964544]
[-0.029594]
[-0.02957113]
[-0.02955079]
[-0.02953938]
[-0.02954534]
[-0.02957377]
[-0.02959354]
[-0.02961638]
[-0.02963861]
[-0.02964924]
[-0.02965573]
[-0.0296439]
[-0.02962111]
[-0.029585]
[-0.02955145]
[-0.02950097]
[-0.02945487]
[-0.02942802]
[-0.02939708]
[-0.02937931]
[-0.02938483]
[-0.02938526]
[-0.0294061]
[-0.02942864]
[-0.02944701]
[-0.02947333]
[-0.02949189]
[-0.02948568]
[-0.02946172]
[-0.02943611]
[-0.02941667]
[-0.02936467]
[-0.02932552]
[-0.0292845]
[-0.02924989]
[-0.02923101]
[-0.02922347]
[-0.02920969]
[-0.0292337]
[-0.02925908]
[-0.02928587]
[-0.02930788]
[-0.02932846]
[-0.0293245]
[-0.02931523]
[-0.0293047]
[-0.02927197]
[-0.02922612]
[-0.02918152]
[-0.02914108]
[-0.02910578]
[-0.02907202]
[-0.02905653]
[-0.0290444]
[-0.02904755]
[-0.02907044]
[-0.02909427]
[-0.02911553]
[-0.02914468]
[-0.02915451]
[-0.02916513]
[-0.02915042]
[-0.02912581]
[-0.02909484]
[-0.02905677]
[-0.02900937]
[-0.02896577]
[-0.02892729]
[-0.0289129]
[-0.02889328]
[-0.02888355]
[-0.02889109]
[-0.02891172]
[-0.0289467]
[-0.02896681]
[-0.02897828]
[-0.02899565]
[-0.02899979]
[-0.02897968]
[-0.02895831]
[-0.02892489]
[-0.02888448]
[-0.02883952]
[-0.02879576]
[-0.02876404]
[-0.02874106]
[-0.0287319]
[-0.02872797]
[-0.02874417]
[-0.02876603]
[-0.02879364]
[-0.02881757]
[-0.02883768]
[-0.02884489]
[-0.02883662]
[-0.02881133]
[-0.02879294]
[-0.02875467]
[-0.0287026]
[-0.02866235]
[-0.02862829]
[-0.02859848]
[-0.02857992]
[-0.02857384]
[-0.02858082]
[-0.02861018]
[-0.02863158]
[-0.02865151]
[-0.02866546]
[-0.02868132]
[-0.02868264]
[-0.02867715]
[-0.02866197]
[-0.02863586]
[-0.02859418]
[-0.02854389]
[-0.02850556]
[-0.02846543]
[-0.02843902]
[-0.02842539]
[-0.02842828]
[-0.0284414]
[-0.02844912]
[-0.02846403]
[-0.02849751]
[-0.02852028]
[-0.02853224]
[-0.02854647]
[-0.02853118]
[-0.02850081]
[-0.02846426]
[-0.02841971]
[-0.02837888]
[-0.02834634]
[-0.02830624]
[-0.0282825]
[-0.02827851]
[-0.0282747]
[-0.02828382]
[-0.02831371]
[-0.0283334]
[-0.02835583]
[-0.02837917]
[-0.02838137]
[-0.02837926]
[-0.02836823]
[-0.02834639]
[-0.02831169]
[-0.02827228]
[-0.02821899]
[-0.02818437]
[-0.02814933]
[-0.02813683]
[-0.02813156]
[-0.02813025]
[-0.02815654]
[-0.02816834]
[-0.02819242]
[-0.02821168]
[-0.02823012]
[-0.02823897]
[-0.0282387]
[-0.02821157]
[-0.02817675]
[-0.02814086]
[-0.02809655]
[-0.02806474]
[-0.02803637]
[-0.02800878]
[-0.02799128]
[-0.02798464]
[-0.02799703]
[-0.02800896]
[-0.02802589]
[-0.0280516]
[-0.02807144]
[-0.02809086]
[-0.02809762]
[-0.0280958]
[-0.02806833]
[-0.02803644]
[-0.02799158]
[-0.02794554]
[-0.02791308]
[-0.02788164]
[-0.02785635]
[-0.02785193]
[-0.02785086]
[-0.02784761]
[-0.02786995]
[-0.02789158]
[-0.0279277]
[-0.02793744]
[-0.02794856]
[-0.02794837]
[-0.02794264]
[-0.02791773]
[-0.02788198]
[-0.02784333]
[-0.02780092]
[-0.02777018]
[-0.02773216]
[-0.0277063]
[-0.02769531]
[-0.02769689]