[-0.01851272]
[-0.01849261]
[-0.0185658]
[-0.01842684]
[-0.01849032]
[-0.0185498]
[-0.01841302]
[-0.01851436]
[-0.01853448]
[-0.01848252]
[-0.01840009]
[-0.01840554]
[-0.01841486]
[-0.01852833]
[-0.01840781]
[-0.01840304]
[-0.01851882]
[-0.01838596]
[-0.01840493]
[-0.01851144]
[-0.01849498]
[-0.01834688]
[-0.01846015]
[-0.0184677]
[-0.01844228]
[-0.01832954]
[-0.01846504]
[-0.01846852]
[-0.01846821]
[-0.01836728]
[-0.01833881]
[-0.01836836]
[-0.01845591]
[-0.01832696]
[-0.01836141]
[-0.01844973]
[-0.01829731]
[1.694e-07]
[-0.01841008]
[-0.01838645]
[-0.01843388]
[-0.01834347]
[-0.01828811]
[-0.01843258]
[-0.01834174]
[-0.01829737]
[-0.01842519]
[-0.0182902]
[-0.01832742]
[-0.01841377]
[-0.01827056]
[-0.01833157]
[-0.01834295]
[-0.01838436]
[-0.01825716]
[-0.01834425]
[-0.01838103]
[-0.01824261]
[-0.0183796]
[-0.01837903]
[-0.01837006]
[-0.01828003]
[-0.01825462]
[-0.01837381]
[-0.01825705]
[-0.01826485]
[-0.01836707]
[-0.01823194]
[-0.0182911]
[-0.01834966]
[-0.01820793]
[-0.01829514]
[-0.01833445]
[-0.01820289]
[-0.01829856]
[-0.01830904]
[-0.01829908]
[-0.01826937]
[-0.0181886]
[-0.01833024]
[-0.01824763]
[-0.01818396]
[-0.0183251]
[-0.01821838]
[-0.01821621]
[-0.01832645]
[-0.01818856]
[-0.01821006]
[-0.01830305]
[-0.01819337]
[-0.01824718]
[-0.01827147]
[-0.01813947]
[-0.01825563]
[-0.01825675]
[-0.01814453]
[-0.0182868]
[-0.01814757]
[-0.01828364]
[-0.01813273]
[-0.01812809]
[-1.53186e-05]
[-0.01812997]
[-0.01814753]
[-0.01816911]
[-0.01820276]
[-0.0182288]
[-0.01824778]
[-0.01826828]
[-0.0182787]
[-0.01827279]
[-0.01826447]
[-0.01824094]
[-0.01820879]
[-0.01818834]
[-0.01817095]
[-0.01814292]
[-0.01812774]
[-0.01812448]
[-0.0181326]
[-0.01814765]
[-0.01817107]
[-0.01820365]
[-0.01826252]
[-0.01827015]
[-0.01825744]
[-0.01823315]
[-0.01820387]
[-0.01817526]
[-0.01815302]
[-0.01812564]
[-0.01811792]
[-0.01812256]
[-0.01816068]
[-0.01818284]
[-1.52944e-05]
[-0.01820914]
[-0.01823505]
[-0.01825038]
[-0.01826427]
[-0.01826443]
[-0.01826039]
[-0.01825054]
[-0.01821784]
[-0.01814579]
[-0.01816995]
[-0.01818768]
[-0.01821379]
[-0.01824045]
[-0.01825707]
[-0.01826664]
[-0.0182672]
[-0.01825638]
[-0.01823971]
[-0.01821273]
[-0.01817955]
[-0.01815174]
[-0.01812504]
[-0.01811234]
[-0.01811152]
[-0.01812016]
[-0.01813529]
[-0.01816759]
[-0.01819189]
[-0.01822347]
[-0.01824695]
[-0.01825796]
[-0.01825981]
[-0.01826328]
[-0.01825128]
[-0.01822135]
[-0.01818718]
[-0.01816131]
[-0.01813889]
[-0.0181228]
[-0.01811455]
[-0.01811028]
[-0.01811892]
[-0.01814053]
[-0.01816314]
[-0.01819636]
[-0.01822164]
[-0.01824264]
[-0.01826116]
[-0.01826533]
[-0.01825631]
[-0.01824137]
[-0.0182091]
[-0.01818262]
[-0.01815446]
[-0.01813047]
[-0.01811404]
[-0.01811098]
[-0.01811699]
[-0.0181253]
[-0.01813944]
[-0.01816891]
[-0.01820153]
[-0.01823118]
[-0.01824645]
[-0.01825677]
[-0.01825521]
[-0.0182488]
[-0.01822924]
[-0.01813314]
[-0.01815192]
[-1.52339e-05]
[-0.01818073]
[-0.0182052]
[-0.01822722]
[-0.0182446]
[-0.01825269]
[-0.01825329]
[-0.01824212]
[-0.018223]
[-0.01818905]
[-0.01815656]
[-0.01813377]
[-0.01811117]
[-0.01810332]
[-0.01810219]
[-0.018106]
[-0.01812809]
[-0.01815644]
[-0.01818641]
[-0.01821697]
[-0.01824242]
[-0.01825485]
[-0.01818238]
[-0.01815749]
[-0.01813008]
[-0.01810222]
[-0.01809614]
[-0.01810548]
[-0.01811205]
[-0.01813121]
[-0.01816398]
[-0.01818998]
[-0.01821581]
[-0.01824323]
[-0.01825889]
[-0.0182486]
[-0.0182399]
[-0.01822576]
[-0.01819994]
[-0.01816807]
[-0.0181416]
[-0.01811451]
[-0.01810637]
[-0.01809905]
[-0.01809778]
[-0.01811118]
[-0.0181361]
[-0.01816739]
[-0.01819167]
[-0.01821734]
[-0.01823869]
[-0.01823916]
[-0.01824122]
[-0.01823729]
[-0.01821443]
[-0.01818988]
[-0.01816523]
[-0.01813158]
[-0.0181079]
[-0.01809138]
[-0.01809321]
[-0.01810459]
[-0.01811777]
[-0.01814539]
[-0.01817819]
[-0.01820299]
[-0.01822347]
[-0.01824277]
[-0.0182473]
[-0.01823878]
[-0.0182192]
[-0.01819629]
[-0.0181671]
[-0.01814137]
[-0.01812081]
[-0.01809641]
[-0.01808479]
[-0.01809127]
[-0.01810836]
[-0.01812338]
[-0.0181531]
[-0.01817626]
[-0.01820335]
[-0.01823016]
[-0.01824243]
[-0.01824937]
[-0.0182335]
[-0.01821101]
[-0.01818862]
[-0.01816352]
[-0.01813398]
[-0.0181088]
[-0.01809118]
[-0.01808983]
[-0.01809935]
[-0.01810561]
[-0.01812999]
[-0.0181606]
[-0.01819049]
[-0.01821258]
[-0.01822933]
[-0.01823868]
[-0.01823485]
[-0.01822507]
[-0.01820634]
[-0.01817156]
[-0.01814313]
[-0.0181228]
[-0.01810611]
[-0.01809228]
[-0.01808749]
[-0.0180949]
[-0.01811429]
[-0.01813606]
[-0.01816509]
[-0.01818774]
[-0.0182163]
[-0.01823707]
[-0.01823713]
[-0.01823497]
[-0.01822208]
[-0.01819194]
[-0.01816672]
[-0.0181388]
[-0.01811118]
[-0.01809351]
[-0.01807854]
[-0.01808485]
[-0.01809617]
[-0.01811111]
[-0.0181374]
[-0.01816725]
[-0.0181919]
[-0.01821432]
[-0.01823071]
[-0.01823852]
[-0.01823039]
[-0.0182102]
[-0.0181785]
[-0.01815497]
[-0.01813405]
[-0.01809766]
[-0.01808363]
[-0.01807929]
[-0.01808961]
[-0.01809664]
[-0.0181155]
[-0.01814815]
[-0.01817992]
[-0.01820441]
[-0.01821983]
[-0.01823866]
[-0.01823534]
[-0.01821927]
[-0.01820589]
[-0.01817812]
[-0.01814779]
[-0.01811885]
[-0.01809352]
[-0.01807699]
[-0.01807594]
[-0.0180832]
[-0.01810057]
[-0.0181251]
[-0.01815407]
[-0.01817837]
[-0.01820399]
[-0.01822706]
[-0.0182339]
[-0.01823311]
[-0.01821595]
[-0.01819292]
[-0.01816473]
[-0.01814137]
[-0.01810702]
[-0.01808526]
[-0.01807586]
[-0.01807118]
[-0.01808219]
[-0.0181106]
[-0.01813132]
[-0.01815843]
[-0.0181866]
[-0.01821273]
[-0.01822152]
[-0.01822368]
[-0.01822552]
[-0.01820843]
[-0.01818256]
[-0.01815261]
[-0.01812684]
[-0.01810154]
[-0.01808427]
[-0.01807343]
[-0.01807744]
[-0.01809474]
[-0.01811486]
[-0.01813619]
[-0.01816746]
[-0.0181946]
[-0.01821331]
[-0.01823082]
[-0.01823466]
[-0.01822471]
[-0.01819644]
[-0.01817395]
[-0.01814598]
[-0.01811591]
[-0.01809711]
[-0.01807308]
[-0.01807038]
[-0.01807666]
[-0.01809138]
[-0.01811545]
[-0.01814735]
[-0.01817324]
[-0.01820032]
[-0.01821939]
[-0.01822405]
[-0.01822348]
[-0.01821169]
[-0.01817944]
[-0.0181537]
[-0.0181318]
[-0.01810449]
[-0.01808193]
[-0.01806762]
[-0.01806829]
[-0.01807856]
[-0.01809902]
[-0.01812914]
[-0.01815566]
[-0.01817754]
[-0.0182025]
[-0.01822579]
[-0.0182252]
[-0.01820825]
[-0.0181968]
[-0.01817741]
[-0.01814995]
[-0.01812482]
[-0.01809334]
[-0.01807192]
[-0.01806599]
[-0.01806999]
[-0.01807929]
[-0.01810239]
[-0.01813307]
[-0.01816874]
[-0.01818923]
[-0.01821028]
[-0.0182252]
[-0.01822566]
[-0.01822247]
[-0.01820725]
[-0.01817788]
[-0.01814285]
[-0.01811785]
[-0.01809457]
[-0.0180799]
[-0.01807724]
[-0.0180793]
[-0.01809342]
[-0.01811522]
[-0.01814612]
[-0.01817199]
[-0.01819758]
[-0.01821561]
[-0.01822877]
[-0.01822951]
[-0.01820891]
[-0.01818583]
[-0.01816182]
[-0.01813658]
[-0.0181102]
[-0.01808275]
[-0.01807073]
[-0.01807297]
[-0.01807814]
[-0.01809455]
[-0.01811919]
[-0.01814993]
[-0.01818286]
[-0.01820816]
[-0.0182139]
[-0.01823045]
[-0.01822543]
[-0.01820325]
[-0.01818163]
[-0.01814591]
[-0.01811933]
[-0.01809675]
[-0.0180769]
[-0.01807174]
[-0.01807217]
[-0.01808121]
[-0.01810466]
[-0.0181315]
[-0.01815699]
[-0.01818061]
[-0.01820487]
[-0.0182222]
[-0.01821605]
[-0.01820368]
[-0.01819309]
[-0.01816696]
[-0.01814458]
[-0.01811204]
[-0.01807992]
[-0.01806449]
[-0.01807045]
[-0.01807044]
[-0.01808413]
[-0.01810882]
[-0.01813105]
[-0.01816404]
[-0.01819177]
[-0.01820432]
[-0.01821536]
[-0.01821049]
[-0.01820199]
[-0.01818401]
[-0.01815952]
[-0.01812799]
[-0.01809842]
[-0.01808032]
[-0.01806958]
[-0.01806338]
[-0.01807523]
[-0.01808592]
[-0.01810792]
[-0.01813961]
[-0.01816608]
[-0.01818952]
[-0.01820815]
[-0.01821602]
[-0.01821633]
[-0.018204]
[-0.01817518]
[-0.01815148]
[-0.01812149]
[-0.0180974]
[-0.01807212]
[-0.0180638]
[-0.01806545]
[-0.01807156]
[-0.0180932]
[-0.01812129]
[-0.01814729]
[-0.01817376]
[-0.0181957]
[-0.01821757]
[-0.01821069]
[-0.01820513]
[-0.01819171]
[-0.01816417]
[-0.0181303]
[-0.01811253]
[-0.01808276]
[-0.01806653]
[-0.01806111]
[-0.01805855]
[-0.01807134]
[-0.01809693]
[-0.018127]
[-0.01815492]
[-0.0181791]
[-0.01820041]
[-0.01822013]
[-0.01821382]
[-0.01820359]
[-0.01818052]
[-0.01815656]
[-0.01813095]
[-0.01809994]
[-0.01807529]
[-0.01805515]
[-0.01805933]
[-0.01806413]
[-0.01808299]
[-0.01810449]
[-0.01814054]
[-0.01816591]
[-0.01818313]
[-0.01820652]
[-0.01821415]
[-0.01820796]
[-0.01819533]
[-0.01817667]
[-0.01814866]
[-0.01811282]
[-0.01808969]
[-0.01806658]
[-0.01805798]
[-0.01805721]
[-0.01806568]
[-0.01808082]
[-0.01810776]
[-0.01814414]
[-0.01816441]
[-0.01818484]
[-0.01820006]
[-0.01820475]
[-0.01820098]
[-0.01817828]
[-0.0181614]
[-0.01813195]
[-0.01810625]
[-0.01808531]
[-0.01806409]
[-0.01805303]
[-0.01805877]
[-0.0180701]
[-0.0180921]
[-0.01811666]
[-0.0181404]
[-0.01816811]
[-0.01819057]
[-0.01820556]
[-0.01819983]
[-0.018192]
[-0.01817742]
[-0.01815144]
[-0.01812576]
[-0.01810069]
[-0.01807198]
[-0.01805805]
[-0.01805327]
[-0.01805815]
[-0.01806921]
[-0.01809363]
[-0.01812549]
[-0.01815068]
[-0.01817623]
[-0.01820335]
[-0.01820305]
[-0.01819994]
[-0.01819303]
[-0.01817001]
[-0.01814062]
[-0.0181087]
[-0.01808575]
[-0.01806123]
[-0.01805137]
[-0.01804745]
[-0.01805885]
[-0.01807549]
[-0.01810126]
[-0.01813074]
[-0.01815008]
[-0.01817529]
[-0.01819396]
[-0.01819984]
[-0.01820394]
[-0.01818433]
[-0.01815525]
[-0.01812984]
[-0.01810248]
[-0.01807222]
[-0.0180521]
[-0.0180508]
[-0.0180581]
[-0.01806271]
[-0.01808235]
[-0.01810665]
[-0.01813433]
[-0.01816581]
[-0.01818655]
[-0.01819904]
[-0.0181998]
[-0.01819083]
[-0.01817145]
[-0.01815071]
[-0.01811587]
[-0.01809259]
[-0.01806209]
[-0.01804511]
[-0.01804269]
[-0.01804801]
[-0.01805932]
[-0.01808874]
[-0.01811618]
[-0.01814037]
[-0.01816221]
[-0.01818318]
[-0.01819851]
[-0.01819298]
[-0.01818453]
[-0.01816521]
[-0.01813409]
[-0.01810967]
[-0.01807671]
[-0.01804777]
[-0.01803729]
[-0.01804137]
[-0.01804999]
[-0.01807042]
[-0.01809442]
[-0.01812019]
[-0.01814987]
[-0.01817381]
[-0.01819279]
[-0.01819816]
[-0.01818792]
[-0.01817655]
[-0.01815684]
[-0.01813317]
[-0.01810207]
[-0.01807021]
[-0.0180508]
[-0.0180426]
[-0.01804018]
[-0.01805742]
[-0.01807533]
[-0.01809999]
[-0.01812926]
[-0.01815622]
[-0.01817539]
[-0.01819137]
[-0.01819318]
[-0.01818978]
[-0.01817407]
[-0.01814503]
[-0.0181117]
[-0.01808654]
[-0.01806499]
[-0.01804682]
[-0.01804296]
[-0.01804995]
[-0.01806075]
[-0.01807896]
[-0.01810403]
[-0.01813587]
[-0.01815863]
[-0.01818221]
[-0.01818903]
[-0.01818871]
[-0.0181767]
[-0.01815682]
[-0.01813103]
[-0.01810901]
[-0.01808161]
[-0.01805379]
[-0.01804709]
[-0.01803614]
[-0.01803913]
[-0.01806036]
[-0.01808462]
[-0.01811404]
[-0.01813575]
[-0.01816791]
[-0.01818641]
[-0.01819043]
[-0.01818474]
[-0.01817298]
[-0.01814696]
[-0.01812764]
[-0.01809732]
[-0.01807193]
[-0.01805764]
[-0.01804216]
[-0.01804]
[-0.01804544]
[-0.01807031]
[-0.01809296]
[-0.01812454]
[-0.01815232]
[-0.01816702]
[-0.01818614]
[-0.01818645]
[-0.01818553]
[-0.01816971]
[-0.01814128]
[-0.01811643]
[-0.01808819]
[-0.0180626]
[-0.01804462]
[-0.0180357]
[-0.01803937]
[-0.01805452]
[-0.01807399]
[-0.01809995]
[-0.01812764]
[-0.01815552]
[-0.01817144]
[-0.0181864]
[-0.01819119]
[-0.01817737]
[-0.01815634]
[-0.01813039]
[-0.01810153]
[-0.01807952]
[-0.01805189]
[-0.01803743]
[-0.01803423]
[-0.01803334]
[-0.01805074]
[-0.01808257]
[-0.01811157]
[-0.01813982]
[-0.0181552]
[-0.01817806]
[-0.01818522]
[-0.01818519]
[-0.01816648]
[-0.01814458]
[-0.01811656]
[-0.01809073]
[-0.01806595]
[-0.01804579]
[-0.01803677]
[-0.01802996]
[-0.01804125]
[-0.01805894]
[-0.01808294]
[-0.01811513]
[-0.01814055]
[-0.01816591]
[-0.01817863]
[-0.01818599]
[-0.01817628]
[-0.01816049]
[-0.0181382]
[-0.01810815]
[-0.01808167]
[-0.01806357]
[-0.01804062]
[-0.01803138]
[-0.01803601]
[-0.01804036]
[-0.01806107]
[-0.01808847]
[-0.01812058]
[-0.01814765]
[-0.01816505]
[-0.01818171]
[-0.01818019]
[-0.01817047]
[-0.01814706]
[-0.01812129]
[-0.01809584]
[-0.0180722]
[-0.01804377]
[-0.0180283]
[-0.01801971]
[-0.01802739]
[-0.01804584]
[-0.01807394]
[-0.01809701]
[-0.01812006]
[-0.0181491]
[-0.01816886]
[-0.01818073]
[-0.0181705]
[-0.01816205]
[-0.01814512]
[-0.01812183]
[-0.01809309]
[-0.01806272]
[-0.01803228]
[-0.01801892]
[-0.01802214]
[-0.01803149]
[-0.01805083]
[-0.01807746]
[-0.01810616]
[-0.01813368]
[-0.01815023]
[-0.01816929]
[-0.01817721]
[-0.01817231]
[-0.01816037]
[-0.01813213]
[-0.01810585]
[-0.01807563]
[-0.01805358]
[-0.01803534]
[-0.01803025]
[-0.01802455]
[-0.01803677]
[-0.0180615]
[-0.01807938]
[-0.01810703]
[-0.01813138]
[-0.01815656]
[-0.01817217]
[-0.01817087]
[-0.0181596]
[-0.01814361]
[-0.01812242]
[-0.01809838]
[-0.01807286]
[-0.0180387]
[-0.01802314]
[-0.01802405]
[-0.01802578]
[-0.01803884]
[-0.01806866]
[-0.01809008]
[-0.01811542]
[-0.01814002]
[-0.01816528]
[-0.0181735]
[-0.01816647]
[-0.01816266]
[-0.01814757]
[-0.01812054]
[-0.01808086]
[-0.01805733]
[-0.01803527]
[-0.01801985]
[-0.01801781]
[-0.01803082]
[-0.01804133]
[-0.01806725]
[-0.01809901]
[-0.01812442]
[-0.01814441]
[-0.01816151]
[-0.0181705]
[-0.01816776]
[-0.01814984]
[-0.01812425]
[-0.01809959]
[-0.0180748]
[-0.0180476]
[-0.01803059]
[-0.01802675]
[-0.01802319]
[-0.01803022]
[-0.01804405]
[-0.01806553]
[-0.01809759]
[-0.01812621]
[-0.01815114]
[-0.01817159]
[-0.01813024]
[-0.01810588]
[-0.01807125]
[-0.01803774]
[-0.01802358]
[-0.01801846]
[-0.01801565]
[-0.01802895]
[-0.01804854]
[-0.01808097]
[-0.01811285]
[-0.01813685]
[-0.01815945]
[-0.01816371]
[-0.01816821]
[-0.01816526]
[-0.01814251]
[-0.01811576]
[-0.01808528]
[-0.01805612]
[-0.01802806]
[-0.01800745]
[-0.01800539]
[-0.01800773]
[-0.01802542]
[-0.01804984]
[-0.01808033]
[-0.01810168]
[-0.0181286]
[-0.01815201]
[-0.01815812]
[-0.01815347]
[-0.01813986]
[-0.01811929]
[-0.01808864]
[-0.01806387]
[-0.01803518]
[-0.01800919]
[-0.01800067]
[-0.01800328]
[-0.01800747]
[-0.01802398]
[-0.01805682]
[-0.01808606]
[-0.01810869]
[-0.01812903]
[-0.01815567]
[-0.01815782]
[-0.01815137]
[-0.01813363]
[-0.01811435]
[-0.01808033]
[-0.01804823]
[-0.01802689]
[-0.01801135]
[-0.01800351]
[-0.01800236]
[-0.01801563]