voltage
-0.0314122534
-0.0313762075
-0.031323633000000004
-0.0312734301
-0.0312257319
-0.0311878589
-0.031160065200000003
-0.0311562779
-0.031167736600000003
-0.031193424900000002
-0.031236779200000002
-0.031286970000000004
-0.031331873100000004
-0.0313769214
-0.0314091316
-0.0314249947
-0.031417166
-0.0313957127
-0.031357525100000005
-0.0313085322
-0.0312577969
-0.031214309500000002
-0.031178783900000003
-0.031155370400000004
-0.031153773200000002
-0.0311746941
-0.0312061783
-0.0312471126
-0.0312977632
-0.031347107
-0.031387448400000004
-0.031411854100000004
-0.031422356900000004
-0.031411261200000005
-0.0313843992
-0.031340089
-0.0312906242
-0.031239102400000003
-0.031199474900000003
-0.0311671921
-0.031153567500000003
-0.0311575242
-0.0311767511
-0.0312093485
-0.031262189200000005
-0.031312404200000005
-0.0313585778
-0.0313994758
-0.031419573900000004
-0.0314197191
-0.0314039044
-0.0313729647
-0.0313285577
-0.031277919200000004
-0.0312295676
-0.031185935
-0.031157342700000003
-0.031149259900000004
-0.031161093700000003
-0.031186237500000002
-0.0312298701
-0.031275862200000004
-0.0313219148
-0.031371113400000004
-0.0314064212
-0.031421630900000004
-0.0314155204
-0.0313937404
-0.0313547905
-0.0313048296
-0.031257772700000006
-0.0312149871
-0.0311786871
-0.031157209600000003
-0.031151716200000002
-0.0311648326
-0.0311986884
-0.0312406512
-0.0312921972
-0.031341734600000004
-0.031379656
-0.0314075465
-0.0314144193
-0.031404267400000005
-0.0313815073
-0.0313397986
-0.0312921367
-0.031239683200000003
-0.031198143900000003
-0.031163308
-0.0311456662
-0.0311467794
-0.0311682206
-0.031204193900000003
-0.031253477200000004
-0.0313010907
-0.031347143300000005
-0.0313893481
-0.031405550000000004
-0.0314040617
-0.031399124900000006
-0.0313722024
-0.031326851600000004
-0.031277241600000005
-0.0312247639
-0.0311814701
-0.0311512201
-0.0311413102
-0.031150566700000003
-0.031178239400000002
-0.031220407900000004
-0.0312674285
-0.031318744600000004
-0.031360175000000004
-0.0313962572
-0.0314128947
-0.031409748700000004
-0.0313868434
-0.0313540524
-0.0313042246
-0.0312600112
-0.031211248200000003
-0.031170592200000003
-0.0311465616
-0.031140209100000003
-0.031153071400000003
-0.0311826317
-0.0312299548
-0.0312790929
-0.0313244316
-0.0313689112
-0.0314021136
-0.031411164400000004
-0.031403021100000005
-0.031378796900000006
-0.031337923100000005
-0.031293358800000004
-0.0312436762
-0.031192263300000002
-0.031157572600000003
-0.0311393984
-0.031145436300000003
-0.0311629692
-0.0311982407
-0.0312440876
-0.031295246400000004
-0.0313420129
-0.0313790389
-0.031401859500000004
-0.031408466100000004
-0.0313958458
-0.0313664186
-0.0313232337
-0.031276116300000004
-0.0312260707
-0.031181506400000003
-0.031145932400000003
-0.031135574800000003
-0.031144746600000002
-0.031168450500000004
-0.031208259500000002
-0.031254905
-0.0313038374
-0.0313533022
-0.0313911147
-0.0314061429
-0.0314020894
-0.0313833949
-0.031354814700000004
-0.031309826900000004
-0.031258619700000004
-0.0312101229
-0.0311683295
-0.0311417579
-0.031138853900000003
-0.0311492236
-0.031176545400000002
-0.0312192584
-0.0312698243
-0.0313151267
-0.0313597273
-0.0313927361
-0.031405767800000005
-0.0313964266
-0.0313722992
-0.031338431300000004
-0.0312915801
-0.031240276100000002
-0.0311952157
-0.0311553341
-0.031129718400000003
-0.0311280123
-0.031148703300000004
-0.031183224600000004
-0.031225332600000003
-0.031271482
-0.0313213582
-0.031361022
-0.031391102600000005
-0.0313972857
-0.0313838426
-0.0313557464
-0.0313106376
-0.031263508100000004
-0.0312169594
-0.0311689103
-0.031135248100000002
-0.031126209400000004
-0.031132053700000002
-0.0311508329
-0.031190085300000003
-0.031241800700000003
-0.0312893537
-0.031334281000000005
-0.0313682699
-0.0313895901
-0.031391054200000004
-0.0313765342
-0.031346973900000005
-0.031302022400000004
-0.031250815200000004
-0.031197950300000003
-0.031157076500000002
-0.031131025200000002
-0.0311207644
-0.031130468600000002
-0.031159375500000003
-0.0312029839
-0.0312514444
-0.0313012601
-0.0313458002
-0.0313779983
-0.0313952287
-0.0313886221
-0.031368197300000004
-0.031330844600000005
-0.031284102300000005
-0.031234468100000003
-0.031186527900000004
-0.031145303200000002
-0.031123946700000002
-0.031123716800000003
-0.031140160700000002
-0.031173266300000002
-0.0312166811
-0.031267416400000005
-0.0313120896
-0.0313577187
-0.0313838426
-0.0313874242
-0.031381664600000005
-0.0313560005
-0.0313127551
-0.0312634839
-0.031215616300000002
-0.031167736600000003
-0.031130299200000003
-0.031116747200000003
-0.0311274799
-0.0311398945
-0.031176460700000002
-0.0312251511
-0.0312757049
-0.0313240807
-0.0313669631
-0.0313878598
-0.031386298900000005
-0.0313675197
-0.031340367300000005
-0.0312969404
-0.031246096200000004
-0.031199692700000003
-0.031155092100000004
-0.031123825700000003
-0.0311195907
-0.0311256165
-0.0311476748
-0.031192420600000003
-0.031240687500000003
-0.031292717500000004
-0.031340923900000005
-0.0313729042
-0.031388489000000006
-0.0313871459
-0.0313670962
-0.031327868
-0.031277495700000005
-0.031228297100000003
-0.0311811313
-0.0311389749
-0.0311112659
-0.0310969879
-0.031114448200000002
-0.031146162300000002
-0.0311908839
-0.031240929500000004
-0.0312888939
-0.031332829
-0.03136441
-0.0313710529
-0.031362716
-0.0313432955
-0.0313124647
-0.0312656014
-0.0312141522
-0.031168765100000002
-0.031132138400000002
-0.031114908000000004
-0.0311139884
-0.0311345947
-0.031173375200000002
-0.031212688100000004
-0.031262866800000004
-0.0313126462
-0.0313547179
-0.0313783371
-0.0313833949
-0.0313688628
-0.031344094100000004
-0.0312970372
-0.0312470884
-0.031201302000000004
-0.0311565562
-0.0311270927
-0.031116142200000002
-0.031123099700000004
-0.031149320400000003
-0.031188730100000003
-0.031234105100000003
-0.031283932900000005
-0.031327117800000005
-0.031359400600000004
-0.0313796681
-0.0313801037
-0.0313666606
-0.0313306994
-0.031282299400000005
-0.031228696400000002
-0.031179146900000003
-0.031137740700000003
-0.031114424
-0.031113746400000003
-0.0311204498
-0.031149538200000004
-0.031195760200000002
-0.031243458400000004
-0.031291350200000005
-0.031336217
-0.0313711497
-0.031380672400000004
-0.0313749612
-0.031350059400000005
-0.0313107586
-0.031259563500000004
-0.031208695100000003
-0.031164675300000003
-0.031127709800000004
-0.0311117862
-0.031110055900000003
-0.031124249200000002
-0.031160125700000003
-0.031209772000000004
-0.0312577485
-0.0313049506
-0.0313440699
-0.0313712344
-0.031378917900000004
-0.031369782400000004
-0.0313404278
-0.0312949318
-0.031243216400000003
-0.031196825
-0.031149598700000003
-0.031120740200000004
-0.0311067647
-0.031115440400000003
-0.0311343164
-0.0311721894
-0.0312248728
-0.031272135400000005
-0.031317123200000005
-0.031355080900000006
-0.0313763769
-0.0313754815
-0.0313584931
-0.031324576800000004
-0.0312761768
-0.031228914200000003
-0.031181845200000002
-0.031140221200000002
-0.031110213200000004
-0.031105506300000002
-0.0311158397
-0.0311443957
-0.0311867457
-0.0312311769
-0.0312830859
-0.0313283762
-0.0313593401
-0.0313748765
-0.031371754700000004
-0.0313528545
-0.031311775
-0.0312644761
-0.0312174555
-0.0311678576
-0.031126415100000002
-0.031107381800000004
-0.031105881400000004
-0.031120086800000002
-0.031151486300000003
-0.0311973816
-0.0312491212
-0.0312964564
-0.0313418072
-0.0313702422
-0.031375445200000004
-0.0313648819
-0.0313355878
-0.031295415800000004
-0.031245769500000003
-0.031198228600000003
-0.0311528657
-0.031117557900000002
-0.031103449300000002
-0.031105554700000003
-0.031120716000000003
-0.031156991800000002
-0.0312054039
-0.031258583400000005
-0.031305374100000005
-0.031343670600000005
-0.0313653901
-0.0313706173
-0.031357561400000004
-0.0313247341
-0.0312811499
-0.0312284302
-0.0311778522
-0.031138067400000004
-0.031109838100000002
-0.031101973100000003
-0.031107551200000003
-0.031133723500000002
-0.0311755532
-0.031226639400000002
-0.0312801456
-0.0313223625
-0.0313534111
-0.0313694073
-0.031364652
-0.0313442756
-0.0313095002
-0.0312635323
-0.031216064
-0.031164989900000002
-0.031124297600000003
-0.031098173700000002
-0.0310963829
-0.031114024700000003
-0.031141927300000004
-0.0311861286
-0.031237989200000003
-0.031286026200000004
-0.0313335187
-0.0313597152
-0.0313698792
-0.0313624014
-0.031334184200000004
-0.0312954763
-0.031246543900000003
-0.031196123200000002
-0.031149635000000002
-0.031110660900000003
-0.0310918817
-0.0310993232
-0.0311176547
-0.031155176800000003
-0.031200697000000003
-0.031250391700000005
-0.0312987554
-0.0313391089
-0.0313594732
-0.0313608889
-0.031349418100000005
-0.031321926900000005
-0.0312759832
-0.0312251511
-0.031177065700000003
-0.031133687200000003
-0.0311009567
-0.0310946889
-0.031102892700000002
-0.031127903400000004
-0.0311681359
-0.0312139344
-0.0312619351
-0.0313047933
-0.0313445418
-0.0313637929
-0.0313581906
-0.0313416015
-0.0313118597
-0.031260688800000005
-0.0312088161
-0.031163852500000002
-0.0311208491
-0.0310971573
-0.031092668200000003
-0.031105881400000004
-0.031134497900000002
-0.031182426000000003
-0.0312312858
-0.0312753661
-0.0313238629
-0.031354427500000004
-0.0313639381
-0.0313541855
-0.0313313407
-0.0312923182
-0.0312456727
-0.031192553700000004
-0.031149151000000003
-0.031110890800000002
-0.031089038200000002
-0.0310931885
-0.031110491500000004
-0.0311427017
-0.031187629
-0.0312409537
-0.0312888334
-0.0313301065
-0.0313590981
-0.031361893200000004
-0.0313489704
-0.031318877700000004
-0.031275777500000004
-0.031224860700000003
-0.031177114100000004
-0.031134945600000002
-0.0310994321
-0.031089231800000002
-0.0310964071
-0.0311193124
-0.0311633564
-0.0312103165
-0.0312600596
-0.0313052289
-0.0313406335
-0.031360417
-0.031359618400000004
-0.031342206500000004
-0.0313097301
-0.0312639316
-0.031210727900000002
-0.0311623884
-0.0311199779
-0.031092752900000003
-0.031091276700000003
-0.031099577300000004
-0.031124055600000002
-0.031168486800000002
-0.031216995700000003
-0.031264827
-0.0313126341
-0.0313440457
-0.0313565087
-0.031349841600000004
-0.0313285214
-0.0312908178
-0.031243833500000002
-0.031192674700000003
-0.0311459203
-0.031111907200000004
-0.031091591300000002
-0.031091361400000003
-0.031106909900000004
-0.031136833200000002
-0.031183091500000003
-0.031232386900000002
-0.031283073800000005
-0.031325327
-0.0313495512
-0.031356617600000004
-0.031349672200000005
-0.031324286400000005
-0.031279298600000005
-0.031225973900000002
-0.031178505600000003
-0.0311332274
-0.031100872
-0.031085359800000004
-0.031091385600000004
-0.031112935700000004
-0.0311502763
-0.031201701300000002
-0.031251081400000005
-0.0312924029
-0.0313307841
-0.031353665200000005
-0.031356024700000006
-0.0313397986
-0.031309052500000004
-0.0312606162
-0.0312105101
-0.0311640824
-0.0311195665
-0.0310914098
-0.031082673600000003
-0.031090248200000004
-0.031119941600000003
-0.0311645543
-0.0312169594
-0.0312572645
-0.0313019619
-0.0313371366
-0.0313537257
-0.031351221000000006
-0.0313319094
-0.0312910719
-0.031243845600000004
-0.031192178600000002
-0.031147517500000003
-0.031109668700000002
-0.031088941400000004
-0.031082927700000002
-0.0310970121
-0.0311277582
-0.0311728065
-0.031221944600000003
-0.0312743497
-0.0313173652
-0.031346756100000005
-0.0313524794
-0.0313433802
-0.031317933900000004
-0.0312745191
-0.031222973100000002
-0.031177368200000003
-0.031134546300000003
-0.0310997104
-0.031083581100000004
-0.0310870175
-0.031101525400000003
-0.031137486600000003
-0.031186903000000002
-0.0312353998
-0.0312823478
-0.0313236693
-0.0313450258
-0.0313508822
-0.0313364348
-0.0313061606
-0.0312598781
-0.031208973400000003
-0.031162400500000003
-0.0311192882
-0.031087586200000003
-0.0310800721
-0.0310875741
-0.031108724900000002
-0.031150215800000002
-0.031202233700000002
-0.031254892900000004
-0.0312936976
-0.0313260167
-0.031342980900000005
-0.031341044900000004
-0.031323294200000004
-0.031290055500000004
-0.0312433132
-0.0311941872
-0.0311474207
-0.0311054579
-0.0310813547
-0.0310776037
-0.031092111600000003
-0.0311175337
-0.031164372800000003
-0.031218000000000003
-0.0312584745
-0.0313044061
-0.031337620600000005
-0.0313469376
-0.031341008600000005
-0.0313176677
-0.031275136200000005
-0.031225223700000002
-0.031177465
-0.031132828100000003
-0.031097859100000003
-0.031078208700000002
-0.031077640000000004
-0.031095753700000003
-0.0311304565
-0.031181216
-0.031226905600000004
-0.031269001500000004
-0.031312186400000004
-0.0313397381
-0.0313438521
-0.0313314738
-0.0313111821
-0.031268106100000005
-0.0312152049
-0.0311719716
-0.0311276735
-0.0310953544
-0.031083532700000003
-0.0310886873
-0.031111834600000002
-0.0311506151
-0.0312014593
-0.0312483952
-0.031295331100000004
-0.0313312923
-0.0313490914
-0.0313507733
-0.0313343778
-0.031299324100000005
-0.0312538523
-0.031201483500000002
-0.0311536643
-0.031116251100000002
-0.031086557700000003
-0.031080181000000002
-0.031093079600000004
-0.0311237289
-0.0311665024
-0.031216160800000003
-0.0312607977
-0.0313059065
-0.031340839200000005
-0.0313519954
-0.0313423517
-0.0313188898
-0.0312783306
-0.031230971200000002
-0.031185862400000004
-0.0311396767
-0.031100617900000002
-0.031075292600000002
-0.031078148200000003
-0.0310976292
-0.0311255681
-0.0311768842
-0.0312284544
-0.0312747853
-0.031312912400000004
-0.031343670600000005
-0.031351208900000004
-0.0313370761
-0.0313102383
-0.0312650811
-0.0312155921
-0.0311659942
-0.0311240677
-0.031089340700000002
-0.0310786564
-0.0310806892
-0.0311003517
-0.031141576400000003
-0.0311902184
-0.031238436900000003
-0.0312854091
-0.0313206443
-0.0313445781
-0.0313445902
-0.0313299734
-0.031295040700000006
-0.0312521704
-0.0312050167
-0.031151885600000002
-0.0311119556
-0.031080289900000002
-0.0310713843
-0.0310819113
-0.0311091847
-0.031156435200000002
-0.031208779800000003
-0.031253610300000005
-0.0312956094
-0.0313287271
-0.0313452315
-0.031341541
-0.031320632200000004
-0.0312859536
-0.031234577000000003
-0.031182232400000003
-0.031138248900000002
-0.0310990449
-0.031074058400000003
-0.0310736591
-0.0310881065
-0.031120074700000003
-0.0311645785
-0.0312129906
-0.0312592489
-0.0313030025
-0.031334837600000005
-0.0313458728
-0.031332211900000004
-0.0313079756
-0.0312676947
-0.031217951600000002
-0.031169394300000004
-0.0311221801
-0.031086122100000002
-0.031071142300000004
-0.0310742762
-0.031093720900000003
-0.0311294764
-0.031180647300000003
-0.031227922
-0.0312731518
-0.0313133359
-0.0313383587
-0.031338346600000004
-0.0313234031
-0.0312951859
-0.031248189500000002
-0.0311976599
-0.031148412900000002
-0.031106583200000003
-0.031077821500000002
-0.0310665806
-0.031076115400000003
-0.0311028806
-0.031143149400000004
-0.031191803500000004
-0.0312387031
-0.0312856511
-0.0313211646
-0.0313374996
-0.0313349344
-0.0313163367
-0.0312825051
-0.031234577000000003
-0.0311841079
-0.031134328500000003
-0.031096358700000003
-0.031073731700000003
-0.0310685529
-0.031082310600000003
-0.031113770600000003
-0.0311569434
-0.031207049500000004
-0.031256441700000005
-0.0312976422
-0.031324104900000004
-0.0313363864
-0.0313300944
-0.031309597
-0.0312647665
-0.0312086225
-0.031164735800000003
-0.031122059100000002
-0.031083556900000003
-0.031064535700000003
-0.0310665806
-0.031086642400000003
-0.0311216719
-0.031171415
-0.031219500400000003
-0.0312651295
-0.031306317900000005
-0.0313332162
-0.0313366889
-0.031323463600000004
-0.0312913986
-0.031244849900000003
-0.031198591600000002
-0.031153519100000002
-0.031109390400000003
-0.0310763816
-0.031065794100000002
-0.031072013500000002
-0.0310925714
-0.0311326224
-0.031182982600000003
-0.031230221000000002
-0.0312785847
-0.031315356600000004
-0.0313337002
-0.031332514400000004
-0.0313155986
-0.0312790929
-0.031230003200000002
-0.0311837691
-0.031136264500000004
-0.0310935757
-0.0310655279
-0.031064426800000003
-0.0310746634
-0.031102638600000003
-0.0311453637
-0.0311963773
-0.031242490400000003
-0.0312897288
-0.0313221084
-0.0313307478
-0.031327408200000004
-0.0313065357
-0.031265359400000005
-0.031215083900000003
-0.0311656917
-0.0311169045
-0.031083919900000003
-0.0310633862
-0.031067088800000003
-0.031079890600000003
-0.031113613300000002
-0.0311602225
-0.0312125671
-0.0312567079
-0.0312970614
-0.0313236209
-0.0313238871
-0.0313208258
-0.0312953916
-0.031249823000000003
-0.031197175900000002
-0.0311467794
-0.0311051554
-0.031071481100000003
-0.031059949800000004
-0.031065128600000002
-0.031087344200000002
-0.031127443600000002
-0.031176085600000004
-0.031225030100000002
-0.031266775100000005
-0.03130633
-0.0313289328
-0.031327408200000004
-0.031310202
-0.031276418800000004
-0.0312304267
-0.031181627400000002
-0.0311326466
-0.031088614700000003
-0.031061655900000002
-0.031055823700000002
-0.031067669600000004
-0.031095729500000002
-0.031143330900000002
-0.0311872418
-0.0312317335
-0.0312793712
-0.031316010000000005
-0.0313284609
-0.031324286400000005
-0.0313021192
-0.0312682029
-0.031220311100000002
-0.031168644100000004
-0.031124551700000003
-0.031083581100000004
-0.0310553639
-0.031055013000000003
-0.0310719167
-0.031107200300000002
-0.031147106100000002
-0.031200866400000003
-0.031247790200000004
-0.031292802200000004
-0.0313200635
-0.031327238800000004
-0.0313167602
-0.0312912534
-0.031250089200000004
-0.031197756700000003
-0.0311498649
-0.031104465700000004
-0.0310694362
-0.031054758900000003
-0.031057917
-0.031080314100000003
-0.031116057500000002
-0.0311660789
-0.031214527300000003
-0.031260894500000004
-0.0312975091
-0.031318962400000004
-0.031322907000000004
-0.031309185600000004
-0.0312813677
-0.031231443100000002
-0.0311824623
-0.031133130600000003
-0.0310904902
-0.0310590544
-0.0310491929
-0.031063156300000002
-0.0310872111
-0.031129440100000003
-0.031177537600000003
-0.0312241226
-0.0312709496
-0.0313021676
-0.0313201966
-0.0313208863
-0.0313019135
-0.0312622134
-0.031212058900000002
-0.0311647479
-0.0311188405
-0.031080507700000003
-0.0310578565
-0.031056815900000003