-0.0330587851
-0.1015021568
-0.1015021568
-0.1015021568
-0.1015021568
-0.1015021568
-0.0940060979
-0.0194543437
-1.66738e-05
-0.0451240097
-0.1015021568
-0.1015021568
-0.1015021568
-0.1015021568
-0.1015021568
-0.011036652000000001
-1.85614e-05
-0.0582025367
-0.1015021568
-0.1015021568
-0.1015021568
-0.06438253910000001
-0.011082607800000002
-0.1015021568
-0.1015021568
-0.1015021568
-0.1015021568
-0.1015021568
-0.0024895145
-1.6105100000000003e-05
-0.0178962267
-0.1015021568
-0.1015021568
-0.10150198740000001
-0.1015021568
-1.59599e-05
-0.1015021568
-0.1015021568
-0.1015021568
-0.1015021568
-0.09724686510000001
-0.00020908800000000001
-0.0021364607
-0.1015021568
-0.1015021568
-0.1015021568
0.0507510784
-0.013984308800000001
-0.0500899465
-0.1015021568
-0.1015021568
-0.1015021568
-0.1015021568
-0.1015021568
-0.0075645086
-3.05525e-05
-0.1015021568
1.936e-07
-0.1015021568
-0.1015021568
-0.1015021568
-0.1015021568
-0.0036015771000000004
-0.00013786740000000001
-0.0762667114
-0.1015021568
-0.1015021568
-0.1015021568
-0.0399762825
-0.0005216915000000001
-0.1015021568
-0.1015021568
-0.1015021568
-0.1015021568
-0.0272682817
-1.4737800000000001e-05
-0.0995832541
-0.0126877696
-0.1015021568
-0.1015021568
-0.0031132695000000003
-0.1015021568
-0.1015021568
-0.1015021568
-0.0097707984
-0.1015021568
-0.1015021568
-0.1015021568
-1.47257e-05
-0.1015021568
-0.1015021568
-0.1015021568
-0.1015021568
-0.0020671156
-0.0173430026
-0.1015021568
-0.1015021568
-0.1015021568
-0.1015021568
-1.45079e-05
-0.0931757717
-0.1015021568
-0.1015021568
-0.1015021568
-0.0909799242
-1.44716e-05
-0.1015021568
-0.1015021568
-0.1015021568
-0.0120228867
-0.0044308022
-0.1015021568
-0.1015021568
-1.41812e-05
-0.1015021568
-0.1015021568
-0.1015021568
-0.0028913918000000004
-0.013604586600000001
-0.1015021568
-0.1015021568
-0.1015021568
-0.1015021568
-0.0011006644
-0.0210430737
-0.1015021568
-0.1015021568
-0.1015021568
-0.1015021568
-0.00029592970000000003
-0.0014427072000000002
-0.1015021568
-0.1015021568
1.5488e-06
-0.08119810270000001
-0.0031826751000000003
-0.1015021568
-0.1015021568
-0.1015021568
-0.006152971
-0.1015021568
-0.1015021568
-0.0531224969
-0.010734599700000002
-0.1015021568
-0.1015021568
-0.1015021568
-0.1015021568
-1.3564100000000001e-05
-0.1015021568
-0.1015021568
-0.1015021568
-0.1015021568
-0.0276261271
-0.0009373749
-0.1015021568
-0.1015021568
-0.1015021568
-0.1015021568
-0.017816173100000002
-0.002231724
-0.1015021568
-0.1015021568
-0.1015021568
-1.85009e-05
-0.0470002115
-0.1015021568
-0.058742668600000006
-0.0593853843
-0.1015021568
-0.1015021568
-0.1015021568
-1.31164e-05
-0.0722147481
-0.1015021568
-0.1015021568
-0.1015021568
-0.0329321465
-1.3092200000000001e-05
-0.0843406663
-0.1015021568
-0.1015021568
-0.1015021568
-0.0904711676
-1.3019600000000002e-05
-0.09567756770000001
-0.1015021568
-0.1015021568
-0.1015021568
-4.2809800000000005e-05
-0.1015021568
-0.1015021568
9.68e-08
-2.0194900000000002e-05
-0.1015021568
-0.1015021568
-0.1015021568
-8.559540000000001e-05
-0.1015021568
-0.1015021568
-0.1015021568
-0.1015021568
-0.0015461864
-0.017125626100000003
-0.1015021568
-0.1015021568
-0.1015021568
-0.1015021568
-1.26808e-05
-0.08947783020000001
-0.1015021568
-0.1015021568
-0.1015021568
-0.0167399144
-0.0023284756
-0.1015021568
-0.1015021568
-0.0096613176
-0.0046267375
-0.1015021568
-0.1015021568
-0.0084204384
-0.1015021568
-0.1015021568
-0.1015021568
-0.0022384637000000002
-0.00018906250000000002
-0.1015021568
-0.1015021568
-0.1015021568
-0.1015021568
-0.0008152012000000001
-0.0006306157000000001
-0.1015021568
-0.1015021568
-0.1015021568
-0.1015021568
-0.0002044295
-0.0015778037
-0.1015021568
-0.1015021568
-0.1015021568
-0.0735909537
-0.1015021568
-0.1015021568
-0.1015021568
-0.06025929470000001
-0.0522547333
-0.1015021568
-0.1015021568
-0.0032806004000000004
-0.06463247670000001
-0.1015021568
-0.1015021568
-0.1015021568
-0.1006760777
-1.2281500000000001e-05
-0.0769220111
-0.1015021568
-0.1015021568
-0.1015021568
-0.023897379000000003
-1.2233100000000002e-05
-0.08849649600000001
-0.1015021568
-0.1015021568
-0.1015021568
-0.07865992200000001
-1.2063700000000001e-05
-0.0988525472
-0.1015021568
-0.1015021568
-1.4374800000000002e-05
-0.1015021568
-0.1015021447
-0.1015021568
-1.21121e-05
-0.1015021568
-0.1015021568
-0.1015021568
-0.1015021568
-0.040143165700000004
-0.00020395760000000001
-0.1015021568
-0.1015021568
-0.1015021568
-0.1015021568
-0.0286100991
-0.0209412401
-0.1015021568
-0.1015021568
-0.1015021568
-0.1015021568
-0.0189371776
-0.0016433736
-0.1015021568
-0.1015021568
-0.1015021568
-0.0034585309000000003
-0.1015021568
-0.1015021568
-0.1015021568
-2.3474000000000003e-05
-0.1015021568
-0.1015021568
-0.1015021568
-1.1845900000000001e-05
-0.0631387317
-0.1015021568
-0.1015021568
-0.1015021568
-0.09755811340000001
-1.18217e-05
-0.0750973674
-0.1015021568
-0.1015021568
-0.1015021568
-0.023059683900000003
-1.17491e-05
-0.0862814821
-0.100114432
-0.1015021568
-0.1015021568
-0.0758939467
-0.0024245859000000002
-0.1015021568
-0.1015021568
-0.008381234400000001
-0.1015021568
-0.1015021568
-0.1015021568
-4.98641e-05
-0.1015021568
-0.1015021568
-0.1015021568
-0.1015021568
-0.0018624199000000002
-0.013867616400000001
-0.1015021568
-0.1015021568
-0.1015021568
-0.0907466846
-1.16039e-05
-0.0803660825
-0.1015021568
-0.1015021568
-0.1015021568
-0.1015021568
-0.017639912400000003
-0.0017060637
-0.1015021568
-0.1015021568
-0.1015021568
-2.29416e-05
-0.0035301024000000004
-0.1015021568
-0.1015021568
-0.005778730100000001
-0.0508943424
-0.1015021568
-0.1015021568
-0.1015021568
-0.0027053785
-0.0001174426
-0.1015021568
-0.1015021568
-0.1015021568
-0.1015021568
-0.0313484501
-1.1482900000000001e-05
-0.0744069656
-0.1015021568
-0.1015021568
-0.1015021568
-0.1015021568
-0.0003077514
-0.001158333
-0.1015021568
-0.1015021568
-0.1015021568
-0.0726460647
-0.0948957383
-0.1015021568
-0.1015021568
-0.1015021568
-0.005011372300000001
-0.1015021568
-0.1015021568
-0.1015021568
-0.003918923800000001
-0.0087806917
-0.1015021568
-0.1015021568
-0.1015021568
-0.1015021568
-0.0361534811
-0.0002414434
-0.1015021568
-0.1015021568
-0.1015021568
-0.1015021568
-0.08813191090000001
-1.12651e-05
-0.0211765972
-0.1015021568
-0.1015021568
-0.1015021568
-0.1015021568
-0.029686478800000003
-0.1015021568
-0.1015021568
-0.1015021568
-1.1809600000000001e-05
-0.1015021568
-0.1015021568
-0.1015021568
-1.1204600000000001e-05
-0.0509207567
-0.1015021568
-0.1015021568
-0.1015021568
-0.1015021568
-0.0024728891000000003
-0.00013359610000000002
-0.1015021568
-0.1015021568
-0.1015021568
-0.1015021568
-0.029646258400000004
-1.11925e-05
-0.0741335419
-0.1015021568
-0.1015021568
-0.1015021568
-0.0808911499
1.5367e-06
-0.1015021568
-0.1015021568
-0.1015021568
-4.1261000000000004e-05
-0.1015021568
-0.1015021568
-0.1015021568
-1.1495000000000001e-05
-0.0456416356
-0.1015021568
-0.1015021568
-0.1015021568
-0.1015021568
-1.1095700000000001e-05
-0.0091181123
-0.1015021568
-0.1015021568
-0.1015021568
-0.09413628180000001
-1.11199e-05
-0.0146597913
-0.1015021568
-0.1015021568
-0.1015021568
-0.1015021568
-0.023776947700000002
-0.0008256919
-0.0795272137
-0.1015021568
-0.1015021568
-0.015319918900000002
-0.0305128604
-0.1015021568
-0.062467218000000005
-0.003929112
-0.1015021568
-0.1015021568
-0.1015021568
-0.004796815100000001
2.3909600000000002e-05
-0.1015021568
-0.1015021568
-0.1015021568
-0.1015021568
-0.0021913221000000004
-0.011705019700000001
-0.1015021568
-0.1015021568
0.0063438848
-0.1015021568
-0.027896126500000003
-0.0005078733
-0.1015021568
-0.1015021568
-0.1015021568
-0.0188279267
-0.1015021568
-0.1015021568
-0.1015021568
-0.011530574
-0.09353819090000001
-0.1015021568
-0.1015021568
-1.10836e-05
-0.1009879552
-0.1015021568
-0.1015021568
-0.1015021568
-0.0993548303
-1.08174e-05
-0.0575151599
-0.1015021568
-0.1015021568
-0.1015021568
-0.0321642684
-0.0003079571
-0.1015021568
-0.1015021568
-0.1015021568
-0.1015021568
-0.0223767962
-0.0009158732000000001
-0.1015021568
-0.1015021568
6.39727e-05
-1.08658e-05
-0.1015021568
-0.1015021568
-1.32858e-05
-0.0973051266
-0.1015021568
-0.1015021568
-0.1015021568
-0.0042480559000000005
-0.007584340500000001
-0.1015021568
-0.1015021568
-0.1015021568
-0.1015021568
-0.0019072867
-0.012485251900000001
-0.1015021568
-0.1015021568
-0.1015021568
-0.1015021568
-0.0259606226
-0.0005837282
-0.1015021568
-0.1015021568
-0.1015021568
-0.0755714212
-0.026841466300000002
-0.1015021568
-0.1015021568
-0.1015021568
-0.0031422127000000004
-0.1015021568
-0.1015021568
-0.1015021568
-0.1015021568
-0.0054979254
-0.047182461700000004
-0.1015021568
-0.1015021568
-0.1015021568
-0.0964380164
-1.0648e-05
-0.0584040985
-0.1015021568
-0.1015021568
1.23904e-05
-0.1015021568
-0.0298206194
-0.00038025460000000005
-0.1015021568
-0.1015021568
-0.1015021568
-0.1015021568
-1.0744800000000001e-05
-0.1015021568
-0.1015021568
-0.1015021568
-5.4970300000000005e-05
-0.1015021568
-0.1015021568
-0.1015021568
-0.0074214745000000006
-0.0425578417
-0.1015021568
-0.1015021568
-0.1015021568
-0.1015021568
-0.045767923300000006
-4.9549500000000004e-05
-0.1015021568
-0.1015021568
-0.1015021568
-0.1015021568
-0.0345515016
-1.0635900000000001e-05
-0.0645538872
-0.1015021568
-0.1015021568
-0.1015021568
-0.08363297360000001
-1.0635900000000001e-05
-0.1015021568
-0.1015021568
-0.1015021568
-0.0160640326
-0.1015021568
-0.1015021568
-0.1015021568
-0.062452201900000004
-1.09989e-05
-0.0935834086
-0.1015021568
-0.1015021568
-0.1011495144
-1.0563300000000001e-05
-0.0481079181
-0.1015021568
-0.1015021568
-0.1015021568
-0.09476412660000001
-1.0648e-05
-0.010699679100000001
-0.1015021568
-0.1015021568
-0.1015021568
-0.1015021568
-0.0284438693
-0.0004260652
-0.1015021568
-0.1015021568
-0.1015021568
-0.0192513541
-0.0011438372
-0.1015021568
-0.1015021568
-0.011920448100000001
-0.0332091034
-0.1015021568
-0.1015021568
-0.1015021568
-0.0067218767000000006
-1.5064500000000001e-05
-0.043365795000000006
-0.1015021568
-0.1015021568
-0.1015021568
-0.0972990645
-1.0527000000000001e-05
-0.054239048600000006
-0.1015021568
-0.1015021568
-0.1015021568
-0.1015021568
-0.0327173352
-0.0002540274
-0.1015021568
-0.1015021568
-0.1015021568
-0.022730334
-0.0205748884
-0.1015021568
-0.1015021568
-0.07084707300000001
-0.08552278790000001
-0.1015021568
-0.1015021568
-0.0595388728
-0.0037064962
-0.09372851180000001
-0.1015021568
-0.1015021568
-0.1015021568
-0.0044690382
-0.006819100200000001
-0.1015021568
-0.1015021568
-0.1015021568
-0.0929832849
-1.05149e-05
-0.0113072927
-0.1015021568
-0.1015021568
-0.1015021568
-0.1015021568
-0.0007976925000000001
-0.1015021568
-0.1015021568
-0.1015021568
-0.0002151017
-0.1015021568
-0.1015021568
-0.011286892100000001
-0.034231299300000004
-0.1015021568
-0.1015021568
-0.1015021568
-0.053951056500000004
-1.0599600000000001e-05
-0.0443491983
-0.1015021568
-0.1015021568
-0.1015021568
-0.042128739400000004
-7.327760000000001e-05
-0.1015021568
3.0976e-06
-0.1015021568
-0.1015021568
-0.0885381684
-0.00028798
-0.1015021568
-0.1015021568
-0.1015021568
-0.0008283297000000001
-0.1015021568
-0.1015021568
-0.1015021568
-0.0019432479
-0.1015021568
-0.1015021568
-0.1015021568
-1.30801e-05
-0.039507213900000004
-0.1015021568
-0.1015021568
-0.1015021568
-0.0468995274
-3.6227400000000005e-05
-0.10007827720000001
-0.1015021568
-0.1015021568
-0.1015021568
-0.09177453120000001
-1.03939e-05
-0.011837696200000001
-0.1015021568
-0.1015021568
-0.1015021568
-0.1015021568
-0.0006787011
-0.1015021568
-0.1015021568
-0.1015021568
-0.017016593
-0.0818906704
-0.1015021568
-0.1015021568
-0.010230828300000001
-0.034946252000000004
-0.1015021568
-0.1015021568
-0.1015021568
-0.1015021568
-0.051590842600000006
-1.85009e-05
-0.0972956402
-0.1015021568
-0.1015021568
-0.1015021568
-0.0403009618
-8.448220000000001e-05
-0.056126285600000006
-0.1015021568
-0.1015021568
-0.1015021568
-0.029686248900000003
-0.00032578040000000004
-0.06696648200000001
-0.1015021568
-0.1015021568
-0.020324745100000003
-0.022037923600000002
-0.1015021568
-0.1015021568
-0.0675992152
-1.0285e-05
-0.08668064900000001
-0.1015021568
-0.1015021568
-0.1015021568
-1.18217e-05
-0.040349410200000005
-0.1015021568
-0.1015021568
-0.1015021568
-0.0968515944
-1.0236600000000001e-05
-0.0075598864
-0.1015021568
-0.1015021568
-0.1015021568
-0.1015021568
-0.0344617196
-0.0001850211
-0.0619024384
-0.1015021568
-0.1015021568
-0.0005803402
-0.018589835000000002
-0.1015021568
-0.1015021568
-1.0345500000000001e-05
-0.0824045937
-0.1015021568
-0.1015021568
-0.1015021568
-0.0100069783
-0.0031449957
-0.09086697070000001
-0.1015021568
-0.1015021568
-0.1015021568
-0.050736171200000006
-2.17437e-05
-0.09752615730000001
-0.1015021568
-0.1015021568
-0.1015021568
-0.09340745040000001
-0.0025330624
-0.057022375300000004
-0.1015021568
-0.1015021568
-0.1015021568
-1.02971e-05
-0.1015021568
-0.1015021568
-0.1015021568
-0.0002749604
-0.0780711481
-0.1015021568
-0.1015021568
-0.1015021568
-4.6270400000000003e-05
-0.0022804749
-0.0872297712
-0.1015021568
-0.1015021568
-0.1015021568
-0.0068081981
-0.004534535500000001
-0.1015021568
-0.1015021568
-0.1015021568
-0.1015021568
-0.043266381400000005
-1.0285e-05
-0.052207531200000004
-0.1015021568
-0.1015021568
-0.1015021568
-0.0324263907
-0.0632019905
-0.1015021568
-0.1015021568
-0.0226784129
-0.1015021568
-0.1015021568
-0.1015021568
-1.02608e-05
-0.0834807677
-0.1015021568
-0.1015021568
-0.1015021568
-0.058578326400000005
-1.0672200000000001e-05
-0.09151773290000001
-0.1015021568
-0.1015021568
-0.1015021568
-0.0045609861
-2.4417800000000002e-05
-0.09793142260000001
-0.1015021568
-0.1015021568
-0.1015021568
-0.0020708424
-0.010534211600000001
-0.1015021568
-0.1015021568
-0.0007466305
-0.00040467240000000005
-0.1015021568
-0.1015021568
-0.0001920512
-0.07875241440000001
-0.1015021568
-0.1015021568
-0.1015021568
1.2378300000000001e-05
-0.0024026849000000003
-0.1015021568
-0.1015021568
-0.1015021568
-0.09932735120000001
-1.0381800000000001e-05
-0.042305992300000005
-0.1015021568
-0.1015021568
-0.1015021568
-0.0938914383
-0.0024285184000000003
-0.0530164646
-0.1015021568
-0.1015021568
-0.1015021568
-0.0012646436000000002
-0.1015021568
-0.1015021568
-0.1015021568
-0.0007043531
-0.1015021568
-0.1015021568
-0.06895631490000001
-1.01882e-05
-0.1015021568
-0.1015021568
-0.1015021568
-0.1015021568
-0.008460804
-0.0035230239000000004
-0.1015021568
-0.1015021568
-0.1015021568
-0.1015021568
-0.0045338579
-2.58577e-05
-0.0980986446
-0.1015021568
-0.1015021568
-0.1015021568
-0.0369201129
-0.0001235047
-0.1015021568
-0.1015021568
-0.1015021568
-0.000836715
-0.1015021568
-0.1015021568
-0.1015021568
-0.0002292829
-0.0241239273
-0.1015021568
-0.1015021568
-0.1015021568
-0.1015021568
-3.7255900000000004e-05
-0.0328579614
-0.1015021568
-0.1015021568
-0.1015021568
-0.09969591720000001
-1.0454400000000001e-05
-0.042886973800000006
-0.1015021568
-0.1015021568
-0.1015021568
-0.1015021568
-0.0421664551
-5.7825900000000005e-05
-0.1005110216
-0.1015021568
-0.1015021568
-0.0013377639000000001
-0.013625289700000001
-0.1015021568
-0.1015021568
-0.0004309536
-0.0202692182
-0.1015021568
-0.1015021568
-0.1015021568
-0.0689920946
-1.0200300000000001e-05
-0.0839701885
-0.1015021568
-0.1015021447
-0.1015021568
-0.058298913200000003
-1.08295e-05
-0.037815754900000005
-0.1015021568
-0.1015021568
-0.1015021568
-0.0968128381
-1.01519e-05
-0.0065191896
-0.1015021568
-0.1015021568
-0.1015021568
-1.01519e-05
-0.05852996270000001
-0.1015021568
-0.1015021568
-0.0007384146
-0.0165032747
-0.1015021568
-0.1015021568
-0.1015021568
-0.0728449766
-0.0011537108000000001
-0.1015021568
-0.1015021568
-0.1015021568
-0.1015021568
-0.0105808571
-0.0025027398
-0.08727932070000001
-0.1015021568
-0.1015021568
-0.1015021568
-0.0991344772
-1.02971e-05
-0.042542377900000004
-0.1015021568
-0.1015021568
-0.1015021568
-0.0938186931
-0.05319195090000001
-0.1015021568
-0.101496736
-0.0871531903
1.6940000000000002e-07
-0.1015021568
-0.1015021568
-0.1015021568
-0.0004387581
-0.0202561623
-0.1015021568
-0.1015021568
-0.1015021568
-0.1015021568
-0.0253755392
-1.01882e-05
-0.08367931660000001
-0.1015021568
-0.1015021568
-0.1015021568
-0.05801854410000001
-1.4023900000000001e-05
-0.0379076302
-0.1015021568
-0.1015021568
-0.1015021568
-0.0966394935
-0.0043652444
-0.1015021568
-0.1015021568
-0.1015021568
-0.0019977705
-0.1015021568
-0.1015021568
-0.1015021568
-0.00046196590000000004
-0.1015021568
-0.1015021568
-0.1015021568
-0.1015021568
-0.0001947011
-0.0242772706
-0.1015021568
-0.1015021568
-0.1015021568
-0.1015021568
-2.9136800000000002e-05
-0.0330819808
-0.1015021568
-0.1015021568
-0.1015021568
-0.1015021568
-0.0058990646
-0.0050077665
-0.1015021568
-0.1015021568
-0.0029419940000000003
-0.0086823308
-0.1015021568
-0.1015021568
-0.0302422076
-0.06387810220000001
-0.1015021568
-0.1015021568
-0.0748858594
-1.0091400000000001e-05
-0.0204374324
-0.1015021568
-0.1015021568
-0.1015021568
-0.1015021568
-8.035610000000001e-05
-0.0286286
-0.1015021568
-0.1015021568
-0.1015021568
-0.0579100918
-1.1059400000000001e-05
-0.038491552000000005
-0.1015021568
-0.1015021568
-0.1015021568
-0.046237851
-0.048374227000000006
-0.1015021568
-0.1015021568
-0.0018918229000000001
-0.0591965033
-0.1015021568
-0.1015021568
-1.0127700000000001e-05
-0.0695269751
-0.1015021568
-0.1015021568
-0.1015021568
-0.0171547992
-0.0012343936
-0.0793790129
-0.1015021568
-0.1015021568
-0.1015021568
-0.0104975002
-0.0026739911
-0.0878054045
-0.1015021568
-0.1015021568
-0.1015021568
-0.09809059810000001
-1.01882e-05
-0.043101434200000004
-0.1015021568
0.0003964928
-0.0396044616
-6.790520000000001e-05
-0.1015021568
-0.1015021568
-0.08516856040000001
-0.00027238310000000005
-0.1015021568
-0.1015021568
-0.1015021568
-0.1015021568
-0.0201839737
-0.0007970996000000001
-0.0741914162
-0.1015021568
-0.1015021568
-0.1015021568
-0.012240118000000001
-0.0018346141
-0.082961593
-0.1015021568
-0.1015021568
-0.1015021568
-0.09875601340000001
-1.0877900000000001e-05
-0.0375271941
-0.1015021568
-0.1015021568
-0.1015021568
-1.0091400000000001e-05
-0.0480198422
-0.1015021568
-0.1015021568
-0.0018141893000000002
-0.0591805071
-0.1015021568
-0.1015021568
-0.08179961790000001
-0.0007091689
-0.0005077402000000001
-0.06997906740000001
-0.1015021568
-0.1015021568
-0.1015021568
-0.072938921
-1.0055100000000001e-05
-0.07973878220000001
-0.1015021568
-0.1015021568
-0.1015021568
-0.1015021568
-0.010494789800000001
-0.0027962858
-0.1015021568
-0.1015021568
-0.1015021568
-0.0057266154
-0.0948221461
-0.1015021568
-0.1015021568
-0.039831651200000005
-0.0090902823
-0.1015021568
-0.1015021568
-0.1015021568
-0.08523968420000001
-1.0091400000000001e-05
-0.1015021568
-0.1015021568
-0.1015021568
-0.1015021568
-0.020475547400000002
-1.0018800000000001e-05
-0.0752268011
-0.1015021568
-0.1015021568
-0.1015021568
-0.0669879716
-7.047040000000001e-05
-0.029612850300000004
-0.1015021568
-0.1015021568
-0.1015021568
-0.0998630303
-1.24267e-05
-0.1015021568
-0.1015021568
-0.1015021568
-0.0450673091
-0.049623878700000006
-0.1015021568
-0.1015021568
-0.0342020294
-0.0118343566
-0.1015021568
-0.1015021568
-0.1015021568
-0.1015021568
-0.1015021447
-1.0055100000000001e-05
-0.0708503521
-0.1015021568
-0.1015021568
-0.1015021568
-0.07141522850000001
-0.0001552551
-0.0257802479
-0.1015021568
-0.1015021568
-0.1015021568
-0.1015021568
-0.0606651287
-1.01761e-05
-0.1015021568
-0.1015021568
-0.09719162860000001
-1.96504e-05
-0.1015021568
-0.1015021568
-0.0025448599000000003
-0.05526852870000001
-0.1015021568
-0.1015021568
-0.1015021568
-0.0843848313
-1.00309e-05
-0.0658185792
-0.1015021568
-0.1015021568
-0.1015021568
-0.0003147452
-0.021974689000000002
-0.1015021568
-0.1015021568
-0.1015021568
-0.1015021568
-0.012137340600000001
-0.0021220859
-0.1015021568
-0.1015021568
-0.1015021568
-1.2487200000000001e-05
-0.0921847575
0.0126877696
-0.1015021568
-1.0018800000000001e-05
-0.1015021568
-0.1015021568
-0.08651991260000001
-9.9946e-06
-0.0604853953
-0.1015021568
-0.1015021568
-0.1015021568
-0.1015021568
-0.0004959306
-0.018193184900000003
-0.1015021568
-0.1015021568
-0.1015021568
-0.06922400320000001
-0.00011893090000000001
-0.025919252700000003
-0.1015021568
-0.1015021568
-0.1015021568
-0.058451978200000004
-1.02608e-05
-0.1015021568
-0.1015021568
-0.0961712356
-2.0678900000000003e-05
-0.1015021568
-0.1015021568
-0.0392550257
-0.009929852900000001
-0.1015021568
-0.1015021568
-0.1015021568
-0.1015021568
-0.0010318880000000001
-0.0154222486
-0.1015021568
-0.1015021568
-0.1015021568
-0.0750003496
-9.9946e-06
-0.022566306400000003
-0.1015021568
-0.1015021568
3.872e-07
-0.1015021568
-0.0124558852
-0.0022667414
-0.1015021568
-0.1015021568
-0.0990752114
-1.09626e-05
-0.0043941392
-0.1015021568
-0.1015021568
-9.9946e-06
-0.051383497
-0.1015021568
-0.1015021568
-0.1015021568
-0.032348660300000005
-0.00020757550000000003
-0.1015021568
-0.1015021568
-0.1015021568
-0.1015021568
-0.023653116300000002
-9.946200000000001e-06
-0.0720910619
-0.1015021568
-0.1015021568
-0.1015021568
-0.1015021568
-0.00012492040000000002
-0.026896146200000002
-0.1015021568
-0.1015021568
-0.1015021568
-1.0563300000000001e-05
-0.0893906376
-0.1015021568
-0.1015021568
-0.005075937900000001
-0.0460007273
-0.1015021568
-0.1015021568
-0.1015021568
-0.0024643949000000003
-0.00011282040000000001
-0.0569038316
-0.1015021568
-0.1015021568
-0.1015021568
-0.027963753400000003
-0.0004045877
-0.0671650914
-0.1015021568
-0.1015021568
-0.1015021568
-0.1015021568
-0.0002646149
-0.0010915894000000002
-0.1015021568
-0.1015021568
-0.1015021568
-0.1015021568
-1.0043e-05
-0.1015021568
-0.1015021568
-0.1015021568
-1.0708500000000001e-05
-0.1015021568
-0.1015021568
-0.1015021568
-0.0032864205
-0.0082155491
-0.1015021568
-0.1015021568
-0.1015021568
-0.1015021568
-0.030814404500000003
-1.0043e-05
-0.0622122468
-0.1015021568
-0.1015021568
-0.1015021568
-0.0773423651
-0.0004246011
-0.0195346272
-0.1015021568
-0.1015021568
-0.1015021568
-0.1015021568
-9.632810000000001e-05
-0.08190401670000001
-0.1015021568
-0.1015021568
-0.05803437090000001
-0.0035376649
-0.1015021568
-0.1015021568
-0.047005341900000004
-2.91489e-05
-0.0961917572
-0.1015021568
-0.1015021568
-0.1015021568
-0.0363702647
-0.0001361008
-0.10077407560000001
-0.1015021568
-0.1015021568
-0.1015021568
-0.0008057511000000001
-0.016687884400000002
-0.1015021568
-0.1015021568
-0.1015021568
-0.1015021568
-0.0177201233
-0.0239725684
-0.1015021568
-0.1015021568
-0.06329065930000001
-3.44487e-05
-0.08659049190000001
-0.1015021568
-0.0979328262
-1.55727e-05
-0.0407032747
-9.946200000000001e-06
-0.0527600172
-0.1015021568
-0.1015021568
-0.1015021568
-0.0851401133
-9.982500000000001e-06
-0.0136860438
-0.1015021568
-0.1015021568
-0.1015021568
-0.1015021568
-0.0206607379
-0.0007862459000000001
-0.1015021568
-0.1015021568
-0.1015021568
-0.0662822633
-0.0282141145
-0.1015021568
-0.1015021568
-0.0991473637
-0.0036484162000000003
-0.1015021568
-0.1015021568
-0.1015021568
-0.0039591442000000004
-3.17504e-05
-0.047442285
-0.1015021568
-0.1015021568
-0.1015021568
-0.08774514650000001
-1.00067e-05
-0.05799204510000001
-0.1015021568
-0.1015021568
-0.1015021568
-0.1015021568
-0.023956729500000003
-0.0005007464000000001
-0.1015021568
-0.1015021568
-0.1015021568
-0.1015021568
-0.0001473659
-0.1015021568
-0.1015021568
-0.1015021568
-0.0600898584
-0.0329683739
-0.1015021568
-0.1015021568
-0.049296525300000005
-1.67706e-05
-0.0936607881
-0.1015021568
-0.1015021568
-0.1015021568
-0.09099917530000001
-9.982500000000001e-06
-0.0015859712
-0.1015021568
-0.1015021568
-0.1015021568
-0.1015021568
-0.0010299157
-0.0002976116
9.91232e-05
-0.1015021568
-0.1015021568
-0.1015021568
-0.019481605000000003
-0.0008388204
-0.1015021568
-0.1015021568
-0.1015021568
-5.8551900000000004e-05
-0.1015021568
-0.1015021568
-0.0990318934
-1.1519200000000001e-05
-0.0382309422
-0.1015021568
-0.1015021568
-0.1015021568
-0.0943117197
0.0015858865
-0.007027220200000001
-0.1015021568
-0.1015021568
-0.1015021568
-0.087999912
-9.9946e-06
-0.0115243667
-0.10113987070000001
-0.1015021568
-0.1015021568
-0.1015021568
-0.023960734600000002
-0.0005451897000000001
-0.0694001429
-0.1015021568
-0.1015021568
-0.0157686353
-0.0013603909
-0.1015021568
-0.1015021568
-2.3062600000000002e-05
-0.033982124
-0.1015021568
-0.1015021568
-0.1015021568
-0.0494179972
-1.0055100000000001e-05
-0.0437298719
-0.1015021568
-0.1015021568
-0.1015021568
-0.09115825400000001
-0.0025884199
-0.0092995518
-0.1015021568
-0.1015021568
-0.1015021568
-0.1015021568
-0.0285123432
-1.00067e-05
-0.0646974174
-0.1015021568
-0.10150147920000001
-0.019489470000000002
-0.0213512728
-0.1015021568
-0.1015021568
-0.1015021568
-0.0020726574
-0.0839522926
-0.1015021568
-0.1015021568
-0.1015021568
-0.0072678287
-0.0041248174
-0.1015021568
-0.1015021568
-0.1015021568
-0.0941973868
-1.0043e-05
-0.0074090357
-0.1015021568
-0.1015021568
-0.1015021568
-0.1015021568
-0.03335123
-9.9704e-06
-0.0603294747
-0.1015021568
-0.1015021568
-0.1015021568
-0.0005887013000000001
-0.1015021568
-0.1015021568
-0.1015021568
-0.0708288504
-0.025809179
-0.1015021568
-0.1015021568
-0.1009771136
-1.0164000000000001e-05
-0.0883447983
-0.1015021568
-0.1015021568
-0.1015021568
-0.1015021568
-0.005424139600000001
-0.0057516987
-0.1015021568
-0.1015021568
-0.1015021568
-0.1015021568
-0.0388531726
-9.9704e-06
-0.055260107100000004
-0.1015021568
-0.1015021568
-0.1015021568
-0.0843399524
-0.015116651000000002
-0.1015021568
-0.1015021568
-0.1015021568
-1.00309e-05
-0.1015021568
-0.1015021568
-0.1015021568
-0.06603749240000001
-1.00309e-05
-0.1015021568
-0.1015021568
-0.1015021568
-0.09933076340000001
-0.007413065000000001
-0.0043542092000000004
-0.1015021568
-0.1015021568
-0.1015021568
-0.0945238327
-0.0038357121000000003
-4.6064700000000006e-05
-0.0977279248
-0.1015021568
-0.1015021568
-0.1015021568
-0.033649132000000005
-1.0043e-05
-0.1015021568
-0.1015021568
-0.1015021568
-0.0238812376
-0.07123716490000001
-0.1015021568
-0.1015021568
-0.0001374802
-0.08061389050000001
-0.1015021568
-0.1015021568
-0.1015021568
-0.10077792340000001
-2.1126600000000002e-05
-0.0352789536
-0.1015021568
-0.1015021568
-0.1015021568
-0.09661119160000001
-0.0051629006
-0.0058821488000000005
-0.09513035730000001
-0.1015021568
-0.1015021568
-0.1015021568
-0.09096966340000001
-9.885700000000001e-06
-0.05584487590000001
-0.10149944640000001
-0.1015021568
-0.0009482649000000001
-0.00037750790000000005
-0.1015021568
-0.1015021568
-0.0190327676
-0.0010235511
-0.1015021568
-0.1015021568
-0.1015021568
-0.1015021568
-4.81822e-05
-0.0022929863
-0.1015021568
-0.1015021568
-0.1015021568
-0.09852427420000001
-1.0696400000000001e-05
-0.0033701888000000004
-0.1015021568
-0.1015021568
-0.1015021568
-0.1015021568
-0.0424216804
-5.1412900000000004e-05
-0.0508825207
-0.1015021568
-0.1015021568
-0.0869847341
-0.00021936090000000002
-0.061568030700000005
-0.1015021568
-0.1015021568
-1.0018800000000001e-05
-0.1015021568
-0.1015021568
-0.1015021568
-0.0149637675
-1.00067e-05
-0.0269503058
-0.1015021568
-0.1015021568
-0.1015021568
-0.1003227577
-1.74361e-05
-0.0033703461000000002
-0.1015021568
-0.1015021568
-0.1015021568
-0.1015021568
-0.0477900874
-2.5276900000000002e-05
-0.045938642200000004
-0.1015021568
-0.1015021568
-0.1015021568
-9.982500000000001e-06
-0.1015021568
-0.1015021568
-0.09555476480000001
-0.027103927400000002
-0.06689384570000001
-0.1015021568
-0.1015021568
-0.0742163906
-0.0010898712000000001
-0.0766945795
-0.1015021568
-0.1015021568
-0.1015021568
-0.1015021568
-4.4939400000000005e-05
-0.031352539900000004
-0.1015021568
-0.1015021568
-0.1015021568
-0.0983782272
-0.0066534028
-0.0046320978
-0.09250109990000001
-0.1015021568
-0.1015021568
-0.1015021568
-0.0423248441
-0.0080780326
-0.1015021568
-0.1015021568
-0.1015021568
-0.00023597420000000003
-0.1015021568
-0.1015021568
-0.0786500121
-9.982500000000001e-06
-0.1015021568
-0.1015021568
-0.10113044480000001
-0.1015021568
-0.1015021568
-0.014890973900000002
-0.0001136069
-0.0016762009000000002
-0.0814354079
-0.1015021568
-0.1015021568
-0.1015021568
-0.10024346640000001
-1.0660100000000001e-05
-0.0894227147
-0.1015021568
-0.1015021568
-0.1015021568
-0.047721323100000004
-2.6753100000000003e-05
-0.0956466764
-0.1015021568
-0.1015021568
-0.1015021568
-0.037059371800000004
-0.010486331900000001
-0.1015021568
-0.1015021568
-0.1015021568
-0.00042412920000000005
-0.1015021568
-0.1015021568
-0.0185944088
-0.023233560900000002
-0.1015021568
-0.1015021568
-0.1015021568
-0.0116773228
-9.68e-06
-0.08553917130000001
-0.1015021568
-0.1015021568
-0.1015021568
-0.0531218435
-1.4205400000000001e-05
-0.1015021568
-0.1015021568
-0.1015021568
-0.1015021568
-0.042224002700000006
-5.6978900000000004e-05
-0.0981735194
-0.1015021568
-0.1015021568
-9.909900000000001e-06
-0.062275796
-0.1015021568
-0.1015021568
-0.0007131377
-0.1015021568
-0.1015021568
-0.1015021568
-0.00010891210000000001
-0.0017055555
-0.1015021568
-0.1015021568
-0.1015021568
-0.1001156299
-0.0087963854
-0.0034739463000000004
-0.1015021568
-0.1015021568
-0.1015021568
-0.09563948900000001
-0.0046542529
-0.006355053100000001
-0.1015021568
-0.1015021568
-0.1015021568
-0.08977238050000001
-0.0001273646
-0.1015021568
-0.1015021568
-0.1015021568
-9.9704e-06
-0.1015021568
-0.1015021568
-0.0181261025
-0.023648917600000003
-0.1015021568
-0.1015021568
-0.1015021568
-0.1015021568
-3.80303e-05
-0.0322545949
-0.1015021568
-0.1015021568
-0.1015021568
-0.052560064700000006
-1.48709e-05
-0.041882456000000005
-0.1015021568
-0.1015021568
-0.1015021568
-0.09298608000000001
-9.922000000000001e-06
-0.0084676284
-0.1015021568
-0.1015021568
-9.9341e-06
-0.013373270900000001
-0.1015021568
-0.1015021568
-9.958300000000001e-06
-0.1015021568
-0.1015021568
-0.1015021568
-0.068929102
-0.00010668570000000001
-0.0278091396
-0.1015021568
-0.1015021568
-0.1015021568
-0.058248565100000003
-1.0914200000000001e-05
-0.0895868028
-0.1015021568
-0.1015021568
-0.1015021568
-0.0956289862
-9.9341e-06
-0.0469175806
-0.1015021568
-0.1015021568
-0.1015021568
-0.0001271589
-0.1015021568
-0.1015021568
-0.1015021568
-9.9704e-06
-0.1015021568
-0.1015021568
-0.07331138320000001
-0.0011517869
-0.1015021568
-0.1015021568
-0.1015021568
-0.1015021568
-0.0111985742
-1.00309e-05
-0.0858596882
-0.1015021568
-0.1015021568
-0.09775292340000001
-0.0063059513
-0.004815400700000001
-0.09290396940000001
-0.1015021568
-0.1015021568
-0.1015021568
-0.0032000749
-0.0083214362
-0.1015021568
-0.1015021568
-0.030994331500000003
-0.0002483404
-0.1015021568
-0.1015021568
-0.000438988
-0.0007302350000000001
-0.1015021568
-0.1015021568
-0.1015021568
-0.0679731657
-0.0017143038000000002
-0.1015021568
-0.1015021568
-0.1015021568
-0.09961314110000001
-1.5391200000000003e-05
-0.0369147526
-0.1015021568
-0.1015021568
-0.1015021568
-0.1015021568
-0.0045131064
-0.0064950622
-0.1015021568
-0.1015021568
-0.1015021568
-0.0020896821000000003
-0.1003073302
-0.1015021568
-0.1015021568
-0.000768592
-0.1015021568
-0.1015021568
-0.1015021568
-9.946200000000001e-06
-0.07749763230000001
-0.1015021568
-0.1015021568
-0.1015021568
-0.1012289509
-3.42914e-05
-0.0860215257
-0.1015021568
-0.1015021568
-0.1015021568
-0.051605967600000004
-1.5052400000000002e-05
-0.0419260886
-0.1015021568
-0.1015021568
-0.1015021568
-0.0410021084
-6.52674e-05
-0.1015021568
-0.1015021568
-0.030608039000000004
-0.0002658491
-0.1015021568
-0.1015021568
-0.00043204260000000004
-0.0200787763
-0.1015021568
-0.1015021568
-0.1015021568
-0.1015021568
-8.932220000000001e-05
-0.028082950500000002
-0.1015021568
-0.1015021568
-0.1015021568
-0.09962796360000001
-1.4447400000000002e-05
-0.0036224738000000005
-0.1015021568
-0.1015021568
-0.1015021568
-0.1015021568
-0.046572839500000004
-9.9946e-06
-0.047234915200000005
-0.1015021568
-0.1015021568
1.22573e-05
-0.0001368026
-0.10033155440000001
-0.1015021568
-0.0818429722
-0.016694975
-0.1015021568
-0.1015021568
-0.1015021568
-0.017727165500000003
-9.9341e-06
-0.0240554171
-0.1015021568
-0.1015021568
-0.0253755392
-0.06294346190000001
-1.00067e-05
-0.08615596880000001
-0.1015021568
-0.1015021568
-0.1015021568
-0.09766861060000001
-1.02971e-05
-0.0422907584
-0.1015021568
-0.1015021568
-0.09251474870000001
-0.008699948400000001
-0.1015021568
-0.1015021568
-0.1015021568
-0.00027309700000000003
-0.1015021568
-0.1015021568
-0.07742397960000001
-0.0007839953000000001
-0.1015021568
-0.1015021568
-0.1015021568
-0.1015021568
-0.014133477600000001
-0.0018315165000000002
-0.1015021568
-0.1015021568
-0.1015021568
-0.1015021568
-0.0083505609
-0.0036874387
-0.08983018220000001
-0.1015021568
-0.1015021568
-0.1015021568
-0.046448342600000005
-3.18472e-05
-0.1015021568
-0.1015021568
-0.0892233188
-0.011045497100000001
-0.1015021568
-0.1015021568
-9.946200000000001e-06
-0.06835333560000001
-0.1015021568
-0.1015021568
-0.1015021568
-0.017275399900000002
-0.0012353011
-0.1015021568
-0.1015021568
-0.1015021568
-0.10118566920000001
-3.34081e-05
-0.0026593864000000003
-0.1015021568
-0.1015021568
-0.1015021568
-0.1015021568
-0.0060008377
-1.6262400000000002e-05
-0.0932297014
-0.1015021568
-0.1015021568
-0.0404935696
-0.008728468100000001
-0.0984660853
-0.1015021568
-0.1015021568
-0.00028094990000000005
-0.1015021568
-0.1015021568
-0.1015021568
-0.0767371352
-9.9341e-06
-0.0204501979
-0.1015021568
-0.1015021568
-0.1015021568
-0.1015021568
-8.21227e-05
-0.0284701142
-0.1015021568
-0.1015021568
-0.1015021568
-0.1015021568
-0.0569876241
-1.12167e-05
-0.0903273712
-0.1015021568
-0.1015021568
-0.1015021568
-0.0042828192
-0.0963530986
-0.1015021568
-0.1015021568
-0.0019749257
-0.1007778024
-0.1015021568
-0.1015021568
-0.0814995379
-1.0055100000000001e-05
-0.06884241760000001
-0.1015021568
-0.1015021568
-0.1015021568
-0.1015021568
-0.0171914017
-0.0012753279
-0.1015021568
-0.1015021568
-0.1015021568
-0.1015021568
-0.0106258207
-1.00309e-05
-0.0866598491
-0.1015021568
-0.1015021568
-0.1015021568
-0.0513861227
-0.042932723900000004
-0.1015021568
-0.1015021568
-0.1015021568
-7.32655e-05
-0.1015021568
-0.1015021568
-0.1015021568
-0.085134148
-0.0002849792
-0.1015021568
-0.053923020800000006
-0.1015021568
-0.1015021568
-0.00039219730000000005
-0.0207034993
-0.1015021568
-0.1015021568
-0.1015021568
-0.1015021568
-0.0134864543
-0.0019256182
-0.0828958295
-0.1015021568
-0.1015021568
-0.1015021568
-0.0993846689
-1.3055900000000001e-05
-0.0380217211
-0.1015021568
-0.1015021568
-0.045470832
-0.048204524500000005
-0.1015021568
-0.1015021568
-0.0019001356
-0.011311636600000001
-0.1015021568
-0.1015021568
-0.1015021568
-0.1015021568
-0.0252342717
-0.0005043522000000001
-0.1015021568
-0.1015021568
-0.1015021568
-0.1015021568
-0.0170211426
-0.0013054932
-0.07874509390000001
-0.1015021568
-0.1015021568
-0.1015021568
-0.061655429000000005
-2.7963100000000003e-05
-0.0335688727
-0.1015021447
-0.1015021568
-0.050911173500000004
-1.00793e-05
-0.1015021568
-0.1015021568
-0.0028195662
-0.0538510379
-0.1015021568
-0.1015021568
-0.0846939379
0.10149720790000001
-0.014336757600000001
-0.1015021568
-0.1015021568
-0.1015021568
-0.07608421920000001
-0.00035367090000000003
-0.021153147400000002
-0.1015021568
-0.1015021568
-0.1015021568
-0.1015021568
-6.859490000000001e-05
-0.0019936444000000003
-0.1015021568
-0.1015021568
-0.1015021568
-0.0557489834
-0.0909768266
-0.1015021568
-0.1015021568
-0.003926074900000001
-0.09681157970000001
-0.1015021568
-0.1015021568
-0.0017440214
-0.011578006
-0.1015021568
-0.1015021568
-0.1015021568
-0.1015021568
-0.0006229685000000001
-0.0173686062
-0.1015021568
-0.1015021568
-0.1015021568
-0.0705720158
-1.00309e-05
-0.0788775647
-0.1015021568
-0.1015021568
-0.1015021568
-0.06021036230000001
-1.0043e-05
-0.08700380370000001
-0.1015021568
-0.0964779706
-0.0053664831000000005
-0.0938042699
-0.1015021568
-0.09101023470000001
-0.0091053347
-0.1015021568
-0.1015021568
-0.1015021568
-0.028450294400000003
-9.9946e-06
-0.0641715151
-0.1015021568
-0.1015021568
-0.1015021568
-0.019917471200000002
-0.0008643272000000001
-0.0741104914
-0.1015021568
-0.1015021568
-0.1015021568
-0.1015021568
-5.7801700000000006e-05
-0.028907142
-0.1015021568
-0.1015021568
-0.1015021568
-1.14708e-05
-0.1015021568
-0.1015021568
-0.1015021568
-1.0043e-05
-0.0964290624
-0.1015021568
-0.1015021568
-0.08757464540000001
-1.0055100000000001e-05
-0.0591778572
-0.1015021568
-0.1015021568
-0.1015021568
-0.1015021568
-0.0006365084000000001
-0.0005585481
-0.1015021568
-0.1015021568
-0.1015021568
-0.1015021568
-0.0165987558
-9.9704e-06
-0.0794163172
-0.1015021568
-0.1015021568
-0.1015021568
-0.1009983007
-0.0342312267
-0.1015021568
-0.1015021568
-0.1015021568
-1.89365e-05
-0.1015021568
-0.1015021568
-0.1015021568
-9.9341e-06
-0.0545191031
-0.1015021568
-0.1015021568
-0.1015021568
-0.1015021568
-0.0010979661000000002
-0.014835338100000001
-0.1015021568
-0.1015021568
-0.1015021568
-0.1015021568
-0.0200149851
-0.0009334061
-0.0751132426
-0.1015021568
-0.1015021568
-0.1015021568
-0.1015021568
-6.10324e-05
-0.0839843697
-0.1015021568
-0.1015021568
-0.0073487293000000006
-0.09146051200000001
-0.1015021568
-0.1015021568
-0.0447566779
-9.885700000000001e-06
-0.0973530063
-0.1015021568
-0.1015021568
-0.1015021568
-0.0017752394000000002
-0.00019017570000000002
-0.1014180739
-0.1015021568
-0.1015021568
-0.1015021568
-0.0006532669000000001
-0.0006125141
-0.1015021568
-0.1015021568
-0.1015021568
-0.0507510784
-0.0722436308
-9.922000000000001e-06
-0.0261411546
-0.1015021568
-0.1015021568
-0.060872329100000004
-0.0031054892000000004
-0.1015021568
-0.1015021568
-0.0969561384
-9.958300000000001e-06
-0.044976619600000003
-0.1015021568
-0.1015021568
-0.1015021568
-0.0025716009
-0.009802246300000001
-0.0996962802
-0.1015021568
-0.1015021568
-0.1015021568
-0.0287132395
-0.0003626249
-0.1015021568
-0.1015021568
-0.1015021568
-0.1015021568
-0.0754899156
-0.0003134384
-0.0223598199
-0.1015021568
-0.1015021568
-0.0124095785
-0.0022615868
-0.1015021568
-0.1015021568
-1.13982e-05
-0.0920658387
-0.1015021568
-0.1015021568
-0.0434016594
-9.946200000000001e-06
-0.050711971200000004
-0.1015021568
-0.1015021568
-0.1015021568
-0.0872846689
-9.9946e-06
-0.0612194418
-0.1015021568
-0.1015021568
-0.1015021568
-0.023229749400000003
-9.9946e-06
-0.07152380180000001
-0.1015021568
-0.1015021568
-0.1015021568
-0.00011842270000000001
-0.1015021568
-0.1015021568
-0.1015021568
-0.0090045538
-0.1015021568
-0.1015021568
-0.1015021568
-9.9341e-06
-0.09516588290000001
-0.1015021568
-0.1015021568
-0.1015021568
-0.036906706100000006
-0.00011384890000000001
-0.09987498510000001
-0.1015021568
-0.1015021568
-0.1015021568
-0.0270907384
-0.0004005705
-0.1015021568
-0.07771258880000001
-0.1015021568
-0.1015021568
-0.018529964200000002
-0.0010766217
-0.1015021568
-0.1015021568
-0.06378599700000001
-1.00067e-05
-0.08544526320000001
-0.1015021568
-0.0529533389
-0.0414405761
-0.1015021568
-0.1015021568
-0.1015021568
-0.041969176700000006
-5.8854400000000004e-05
-0.09807275060000001
-0.1015021568
-0.1015021568
-0.1015021568
-0.0014016035000000001
-0.0132886314
-0.1015021568
-0.1015021568
-0.1015021568
-0.1015021568
-0.022184793400000003
-0.0007381
-0.0727269774
-0.1015021568
-0.1015021568
-0.1015021568
-0.0001020514
-0.1015021568
-0.1015021568
-0.1015021568
-0.057842319700000006
-0.0371050372
-0.1015021568
-0.1015021568
1.90696e-05
-2.9269900000000002e-05
-0.0473196757
-0.1015021568
-0.1015021568
-0.1015021568
-0.1015021568
-0.0021137732000000003
-0.0108447581
-0.10026811410000001
-0.1015021568
-0.1015021568
-0.1015021568
-0.026329890400000003
-9.982500000000001e-06
-0.0680816785
-0.1015021568
-0.1015021568
-0.1015021568
-0.0176934912
-0.023897971900000002
-0.1015021568
-0.1015021568
-0.10120782430000001
-9.958300000000001e-06
-0.1015021568
-0.1015021568
-0.0974454019
-1.01519e-05
9.68e-08
-0.1015021568
-0.1015021568
-0.1015021568
-0.1015021568
-0.0030014897000000002
-0.0086355764
-0.1015021568
-0.1015021568
-0.1015021568
-0.1015021568
-0.0012528461
-0.0002712215
-0.1015021568
-0.1015021568
-0.1015021568
-0.1015021568
-0.07685702200000001
-9.946200000000001e-06
-0.1015021568
-0.1015021568
-0.1015021568
-0.0669052197
-0.028576570000000003
-0.1015021568
-0.1015021568
-1.2632400000000001e-05
-0.0379787056
-0.1015021568
-0.1015021568
-0.1015021568
-0.0943987792
-9.885700000000001e-06
-0.0481766219
-0.1015021568
-0.1015021568
-0.1015021568
-0.0880657844
-0.0018192834
-0.0113750527
-0.1006951836
-0.1015021568
-0.1015021568
-0.1015021568
-0.024660356600000002
-0.0005171661
-0.1015021568
-0.1015021568
-0.1015021568
-0.00016747610000000001
-0.0013176416
-0.1015021568
-0.1015021568
-0.06078987970000001
-0.0028281693000000003
-0.1015021568
-0.1015021568
-0.1015021568
-0.0497797025
-1.00067e-05
-0.0053667614
-0.1015021568
-0.1015021568
-0.1015021568
-0.09100060310000001
-9.9341e-06
-0.0092058131
-0.1015021568
-0.1015021568
-0.1015021568
-0.1015021568
-0.028727783700000002
-0.00031349890000000004
-0.1015021568
-0.1015021568
-0.1015021568
-0.1015021568
-0.0008918063000000001
-0.1015021568
-0.1015021568
-0.1015021568
-0.0020380998
-0.1015021568
-0.1015021568
-0.0550165462
-0.0040458649000000005
-0.1015021568
-0.1015021568
-0.1015021568
-0.1015021568
-0.0038163521000000003
-0.007270297100000001
-0.09679274
-0.1015021568
-0.1015021568
-0.1015021568
-0.0017017803
-0.00017874120000000002
-0.1010151197
-0.1015021568
-0.1015021568
-0.1015021568
-9.9946e-06
-0.0701747365
-0.1015021568
-0.1015021568
-0.0001382667
-0.0795220107
-0.1015021568
-0.1002766325
-1.0164000000000001e-05
-0.1015021568
-0.1015021568
-0.1015021568
-0.09593017940000001
-0.0050994361
-0.044567796900000005
6.1952e-06
-0.1015021568
-0.1015021568
-0.0902041932
-9.8615e-06
-0.05482247430000001
-0.1015021568
-0.1015021568
-0.1015021568
-0.0827328546
-9.922000000000001e-06
-0.06531572740000001
-0.1015021568
-0.1015021568
-0.1015021568
-0.021911648000000002
-0.1015021568
-0.1015021568
-0.0118111246
-0.08413064660000001
-0.1015021568
-0.1015021568
-0.0068334629
-0.004280496
-0.1015021568
-0.1015021568
-0.1015021568
-0.1015021568
-0.0035015101000000002
-0.0076095327
-0.1015021568
-0.1015021568
-0.1015021568
-0.1015021568
-0.032041042
-0.0001992265
-0.0605881969
-0.1015021568
-0.1015021568
-0.1015021568
-0.022590821
-0.0006199314
-0.1015021568
-0.1015021568
-0.1015021568
-9.9704e-06
-0.1015021568
-0.1015021568
-0.1015021568
-0.057943620900000006
-0.0031492428000000003
-0.1015021568
-0.1015021568
-0.1015021568
-0.095087366
-1.0018800000000001e-05
-0.044829362600000006
-0.1015021568
-0.1015021568
-0.1015021568
-0.08823430110000001
-0.0020285408
-0.009711157500000001
-0.0990060962
-0.1015021568
-0.1015021568
-0.1015021568
-0.0250311369
-0.00036564990000000004
-0.1015021568
-0.1015021568
-0.1015021568
-0.0002338809
-0.07553895690000001
-0.1015021568
-0.1010886998
-9.8978e-06
-0.0842171616
-0.1015021568
-0.1015021568
-0.1015021568
-0.0528580514
-0.0031719424
-0.0400991822
-0.1015021568
-0.1015021568
-0.1015021568
-0.0928944346
-9.9704e-06
-0.050513265
-0.1015021568
-0.1015021568
-0.1015021568
-0.1015021568
-0.0016140795000000002
-0.012558118100000001
-0.10113044480000001
-0.1015021568
-0.10147892480000001
-1.0055100000000001e-05
-0.0188883541
-0.1015021568
-0.1015021568
-0.0155073358
-0.0264782364
-0.1015021568
-0.1015021568
-0.1015021568
-0.059087942100000006
-1.8960700000000003e-05
-0.035231364300000005
-0.1015021568
-0.1015021568
-0.1015021568
-0.0954760422
-9.958300000000001e-06
-0.045046533400000005
-0.1015021568
-0.1015021568
-0.1015021568
-0.1015021568
-0.0374320639
-0.0001030799
-0.0997206375
-0.1015021568
-0.1015021568
-0.0837014838
-0.0003839935
-0.1015021568
-0.1015021568
-0.1015021568
-0.0010359899
-0.1015021568
-0.1015021568
-0.1015021568
-0.012627935100000001
-0.0023164119000000003
-0.0850143943
-0.1015021568
-0.1015021568
-0.1015021568
-0.0990917763
-1.1809600000000001e-05
-0.040656471900000005
-0.1015021568
-0.1015021568
-0.1015021568
-0.1015021568
-0.0063438848
-5.11951e-05
-0.09764852460000001
-0.1015021568
-0.1015021568
-0.1015021568
-0.0002118226
-0.1015021568
-0.1015021568
-0.1015021568
-0.0006419897000000001
-0.1015021568
-0.1015021568
-0.1015021568
-9.982500000000001e-06
-0.0803463232
-0.1015021568
-0.1015021568
-0.1015021568
-0.009051526
-0.0031947146
-0.1015021568
-0.1015021568
-0.1015021568
-0.0960641264
-9.9946e-06
-0.0059230105
-0.0947578951
-0.1015021568
-0.1015021568
-0.1015021568
-0.0024799192
-0.0100044615
-0.1015021568
-0.1015021568
-0.0286923307
-0.015545075700000001
-0.1015021568
-0.1015021568
-0.0010348888000000001
-0.1015021568
-0.1015021568
-0.1015021568
-0.0660707069
-6.304100000000001e-05
-0.030872811200000003
-0.1015021568
-0.1015021568
-0.1015021568
-0.0989443136
-1.1845900000000001e-05
-0.0402712563
-0.1015021568
-0.1015021568
-0.1015021568
-0.044396981200000005
-4.9234900000000005e-05
-0.0974506896
-0.1015021568
-0.1015021568
-0.0879687061
-0.012411950100000001
-0.1015021568
-0.1015021568
-0.07997962060000001
-0.0186792177
-0.1015021568
-0.1015021568
-0.0710126615
-9.958300000000001e-06
-0.08035392200000001
-0.1015021568
-0.1015021568
-0.1015021568
-0.0097091489
-0.0031962755000000003
-0.1015021568
-0.1015021568
-0.1015021568
-0.1015021568
-0.0052925037
-0.0058803822
-0.09487167140000001
-0.1015021568
-0.1015021568
-0.1015021568
-0.0911908151
-1.00309e-05
-0.1015021568
-0.1015021568
-0.1015021568
-9.9341e-06
-0.1015021568
-0.1015021568
-0.1015021568
-0.00031560430000000003
-0.022437175200000003
-0.1015021568
-0.1015021568
-0.1015021568
-0.1015021568
-0.0128368174
-0.0022744128000000002
-0.1015021568
-0.1015021568
-0.1015021568
-0.1015021568
-0.007261258400000001
-0.0043797402
-0.09181838160000001
-0.1015021568
-0.1015021568
-0.1015021568
-0.0441833799
-4.66334e-05
-0.0504548099
-0.1015021568
-0.1015021568
-0.0334594282
-9.909900000000001e-06
-0.1015021568
-0.1015021568
-0.07987402390000001
-9.9704e-06
-0.018632378600000003
-0.1015021568
-0.1015021568
-0.1015021568
-0.0001479346
-0.0015071276
-0.1015021568
-0.1015021568
-0.1015021568
-0.1015021568
-0.009642913500000001
-0.0031674291000000003
-0.1015021568
-0.1015021568
-0.1015021568
-0.1015021568
-0.049262354900000006
-9.9704e-06
-0.045092344000000006
-0.1015021568
-0.1015021568
-0.0383210146
-0.009757815100000001
-0.09960419920000001
-0.1015021568
-0.0838470105
-0.015169612700000001
-0.1015021568
-0.1015021568
-0.1015021568
-0.07531502220000001
-9.946200000000001e-06
-0.0221908071
-0.1015021568
-0.1015021568
-0.1015021568
-0.1015021568
-0.012424836600000001
-0.0022103554000000004
-0.1015021568
-0.1015021568
-0.1015021568
-0.1015021568
-0.007219392400000001
-1.29349e-05
-0.0917204442
-0.1015021568
-0.1015021568
-0.1015021568
-4.49152e-05
-0.0973671754
-0.1015021568
-0.1015021568
-0.0015404147000000002
-0.060360487000000004
-0.1015021568
-0.1015021568
-0.0785180132
0.10119989880000001
-0.0705032636
-0.1015021568
-0.1015021568
-0.1015021568
-0.1015021568
-0.0001222342
-0.025914920900000003
-0.1015021568
-0.1015021568
-0.1015021568
-0.1015021568
-0.0091664881
-1.01761e-05
-0.0348570387
-0.1015021568
-0.1015021568
-0.1015021568
-0.0960720761
-2.12113e-05
-0.1015021568
-0.1015021568
-0.09043777160000001
-0.0096924993
-0.1015021568
-0.1015021568
-0.0275947276
-0.0151482804
-0.1015021568
-0.1015021568
-0.1015021568
-0.1015021568
-0.00027066490000000003
-0.0754453997
-0.1015021568
-0.1015021568
-0.1015021568
-0.0117400734
-0.0021881882000000003
-0.08422225570000001
-0.1015021568
-0.1015021568
-0.1015021568
-0.053152529100000005
-1.2378300000000001e-05
-0.1015021568
-0.1015021568
-0.042618886200000004
-9.9704e-06
-0.0973089986
-0.1015021568
-0.0866593167
-0.0123067769
-0.1015021568
-0.1015021568
-0.1015021568
-0.0005367802
-0.0006154544
-0.1015021568
-0.1015021568
-0.1015021568
-0.1015021568
-0.0152718577
-0.0015088337
-0.1015021568
-0.1015021568
-0.1015021568
-0.10041520170000001
-0.009334061000000001
-1.02487e-05
-0.08836263370000001
-0.1015021568
-0.1015021568
-0.0961597406
-0.0449435503
-0.0063438848
-0.1015021568
-0.0023864951000000002
-0.09958474240000001
-0.1015021568
-0.1015021568
-0.0009656163000000001
-0.0151724804
-0.1015021568
-0.1015021568
-0.1015021568
-0.07423652500000001
-9.9704e-06
-0.0756699999
-0.1015021568
-0.1015021568
-0.1015021568
-0.06443956640000001
-9.9341e-06
-0.0305549926
-0.1015021568
-0.1015021568
-0.1015021568
-0.0983684504
-0.006946513200000001
-0.0043466830000000005
-0.1015021568
-0.1015021568
-0.0935405141
-9.8978e-06
-0.1015021568
-0.1015021568
-0.0327166334
-0.0002010899
-0.1015021568
-0.1015021568
-0.1015021568
-0.1015021568
-0.0231811679
-0.0006249287000000001
-0.0709714126
-0.1015021568
-0.1015021568
-0.1015021568
-0.0696166482
-1.00067e-05
-0.08036028660000001
-0.1015021568
-0.1015021568
-0.1015021568
-0.1000222421
-1.7557100000000002e-05
-0.035179431100000005
-0.1015021568
-0.1015021568
-0.0048273797
-2.1247600000000003e-05
-0.09474035010000001
-0.1015021568
-0.08985746770000001
-0.00010199090000000001
-0.1015021568
-0.1015021568
-0.1015021568
-0.0822967101
-0.0008794764
-0.00036700510000000003
-0.1015021568
-0.1015021568
-0.1015021568
-0.1015021568
-0.000248292
-0.0221715439
-0.1015021568
-0.1015021568
-0.1015021568
-0.1015021568
-0.06434846550000001
-9.946200000000001e-06
-0.030708384300000002
-0.1015021568
-0.1015021568
-0.1015021568
-1.09384e-05
-0.09188723060000001
-0.1015021568
-0.1015021568
-0.0035919092000000004
-0.0974582521
-0.1015021568
-0.1015021568
-0.0871792537
-0.00020841040000000002
-0.0612024171
-0.1015021568
-0.1015021568
-0.1015021568
-0.1015021568
-0.0005537323
-0.0189510684
-0.1015021568
-0.1015021568
-0.1015021568
-0.1015021568
-0.015291205600000001
-0.0015812885
-0.0810267546
-0.1015021568
-0.1015021568
-0.1015021568
-0.0093778993
-0.0358616654
-0.1015021568
-0.1015021568
-0.0963075179
-2.2614900000000003e-05
-0.1015021568
-0.1015021568
-0.1015021568
-0.038205387
-0.010127288600000001
-0.1015021568
-0.1015021568
-0.1015021568
-0.0838010547
-0.0003866555
-0.1015021568
-0.1015021568
-0.1015021568
-0.1015021568
-0.00029311040000000005
-0.022731991700000002
-0.1015021568
-0.1015021568
-0.1015021568
-0.1015021568
-0.0121840829
-0.0022839597
-0.1015021568
-0.1015021568
-0.0541893539
-0.0045200760000000005
-0.1015021568
-0.1015021568
-9.9946e-06
-0.1015021568
-0.1015021568
1.5488e-06
-0.08694849460000001
-0.0015233295
-0.012780854900000001
-0.1015021568
-0.1015021568
-0.1015021568
-0.1015021568
-0.023111471900000003
-0.0006656089
-0.1015021568
-0.1015021568
-0.1015021568
-0.1015021568
-0.1015021568
-0.0001207217
-0.0268495612
-0.1015021568
-0.1015021568
-0.1015021568
-0.0033070994
-0.1015021568
-0.1015021568
-0.1015021568
-9.958300000000001e-06
-0.0952502441
-0.1015021568
-0.1015021568
-0.09028544470000001
-9.909900000000001e-06
-0.010292368900000001
-0.0998685358
-0.1015021568
-0.1015021568
-0.1015021568
-0.0009032166000000001
-0.0158371334
-0.1015021568
-0.1015021568
-0.1015021568
-0.1015021568
-0.0186497179
-9.958300000000001e-06
-0.076667778
-0.1015021568
-0.1015021568
-0.1015021568
-0.06407133920000001
-0.031482493900000005
-0.1015021568
-0.1015021568
-0.0978624284
-0.0046109228
-0.1015021568
-0.1015021568
-0.09277549160000001
-5.5672100000000005e-05
-0.0978291292
-0.1015021568
-0.1015021568
-0.1015021568
-0.08560050620000001
-0.0013337951
-0.0128499943
-0.1015021568
-0.1015021568
-0.1015021568
-0.1015021568
-0.00042475840000000004
-0.0006784954
-0.0719431636
-0.1015021568
-0.1015021568
-0.1015021568
-0.0142959443
-0.0016528721000000001
-0.1015021568
-0.1015021568
-0.0998570529
-1.0454400000000001e-05
-0.1015021568
-0.1015021568
-0.0956687831
-9.958300000000001e-06
-0.09551951750000001
-0.1015021568
-0.1015021568
-0.1015021568
-0.0368099182
-9.9704e-06
-0.056992573000000005
-0.1015021568
-0.1015021568
-0.1015021568
-0.0269397788
-9.9704e-06
-0.0675082837
-0.1015021568
-0.1015021568
-0.1015021568
-0.1015021568
-0.0002447951
-0.0232621169
-0.1015021568
-0.1015021568
-0.1015021568
-4.2216900000000006e-05
-0.0318349548
-0.1015021568
-0.0980297472
-1.3697200000000002e-05
-0.09272943900000001
-0.1015021568
-0.1015021568
-0.0931821605
-0.0033237732000000004
-5.4970300000000005e-05
-0.09810990970000001
-0.1015021568
-0.1015021568
-0.1015021568
-0.0316813332
-0.0002327677
-0.0623226714
-0.1015021568
-0.1015021568
-0.1015021568
-0.1015021568
-0.00047848240000000005
-0.0194880664
-0.1015021568
-0.1015021568
-0.1015021568
-0.0016699452
-0.0816141249
-0.1015021568
-0.1015021568
-1.67706e-05
-0.0893023802
-0.1015021568
-0.1015021568
-0.09549068320000001
-9.982500000000001e-06
-0.0062398369
-0.09544282770000001
-0.1015021568
-0.1015021568
-0.1015021568
-0.0021929798
-0.00011917290000000001
-0.1000376696
-0.1015021568
-0.0896073728
-0.1015021568
-0.0825378752
-9.946200000000001e-06
-0.0673300265
-0.1015021568
-0.1015021568
-0.1015021568
-0.018174684
-0.0770586806
0.0031719424
-0.1015021568
-0.1015021568
-0.0318121342
-0.1015021568
-0.1015021568
-0.09803124760000001
-1.0454400000000001e-05
-0.0413445626
-0.1015021568
-0.1015021568
-0.1015021568
-0.1015021568
-0.0033131252
-0.0081852144
-0.098033958
-0.1015021568
-0.1015021568
-0.1015021568
-0.0321593316
-9.958300000000001e-06
-0.062118508100000004
-0.1015021568
-0.1015021568
-0.1015021568
-0.0791210167
-0.000691999
-0.1015021568
-0.10147892480000001
-0.1015021568
-0.0001196327
-0.1015021568
-0.1015021568
-0.1015021568
-0.0602167632
-1.04302e-05
-0.08950227220000001
-0.1015021568
-0.1015021568
-0.1015021568
-0.0049042631
-0.006225800900000001
-0.1015021568
-0.1015021568
-0.1015021568
-0.1015021568
-0.0024111791000000003
-0.0001192939
-0.1002030403
-0.1015021568
-0.1015021568
-0.1015021568
-0.08329650890000001
-1.0018800000000001e-05
-0.06735906650000001
-0.1015021568
-0.1015021568
-0.07468399510000001
-0.0231484495
-0.1015021568
-0.1015021568
-4.9791500000000006e-05
-0.0315944794
-0.1015021568
-0.1015021568
-0.1015021568
-0.09861956170000001
-0.006909208900000001
-0.0046540109
-0.1015021568
-0.1015021568
-0.1015021568
-0.1015021568
-0.0034954359
-5.38571e-05
-0.09798812320000001
-0.1015021568
-0.1015021568
-0.1015021568
-0.08718884900000001
-9.946200000000001e-06
-0.062063065900000006
-0.1015021568
-0.1015021568
-0.0005018354
-0.0007023566
-0.1015021568
-0.1015021568
-0.0693112684
-0.0016811982000000001
-0.1015021568
-0.1015021568
-0.1015021568
-0.0088822712
-1.04665e-05
-0.08896164420000001
-0.1015021568
-0.1015021568
-0.1015021568
-0.047736544900000004
-2.5821400000000003e-05
-0.0954239154
-0.1015021568
-0.1015021568
-0.1015021568
-0.09006555140000001
-0.0022390566000000003
-0.010503719600000001
-0.1000863963
-0.1015021568
-0.1015021568
-0.1015021568
-9.946200000000001e-06
-0.1015021568
-0.1015021568
-0.1015021568
-0.0002488002
-0.1015021568
-0.1015021568
-0.1015021568
-4.51935e-05
-0.031841513
-0.1015021568
-0.1015021568
-0.1015021568
-0.1015021568
-0.006754970200000001
-1.43627e-05
-0.0927861033
-0.1015021568
0.0126877696
-0.1015021568
-0.0428894664
-9.982500000000001e-06
-0.051905878200000005
-0.1015021568
-0.1015021568
-0.1015021568
-0.0870904034
-9.922000000000001e-06
-0.06244840250000001
-0.1015021568
-0.1015021568
-0.023165050700000002
-9.9341e-06
-0.1015021568
-0.1015021568
-0.0697617514
-0.0017341357000000002
-0.1015021568
-0.1015021568
-0.1015021568
-0.1003669348
-0.0091371577
-0.0035172401
-0.1015021568
-0.1015021568
-0.1015021568
-0.1015021568
-0.0049330732000000006
-0.006466711900000001
-0.0958281401
-0.1015021568
-0.1015021568
-0.1015021568
-0.0904641617
-9.946200000000001e-06
-0.0107127834
-0.1015021568
-0.1015021568
-0.1015021568
-9.9946e-06
-0.06779271840000001
-0.1015021568
-0.1015021568
-9.958300000000001e-06
-0.1015021568
-0.1015021568
-0.1015021568
-0.06452389130000001
-9.9946e-06
-0.0323464581
-0.1015021568
-0.1015021568
-0.1015021568
-0.1015021568
-0.006742737100000001
-0.0048862704
-0.0929756377
-0.1015021568
-0.1015021568
-0.1015021568
-0.0427762588
-9.9946e-06
-0.0523007859
-0.1015021568
-0.1015021568
-0.1015021568
-0.0014475714
-0.1015021568
-0.1015021568
-0.1015021568
-0.1015021568
-0.0786976256
-9.946200000000001e-06
-0.1015021568
-0.1015021568
-0.0692367324
-9.9341e-06
-0.08203282120000001
-0.1015021568
-0.1015021568
-0.10004765210000001
-0.0086689603
-0.0035665597
-0.0897088555
-0.1015021568
-0.1015021568
-0.1015021568
-0.09584336190000001
-9.982500000000001e-06
-0.047004059300000005
-0.1015021568
-0.1015021568
-0.1015021568
-0.0364946406
-0.0001281148
-0.10032117260000001
-0.1015021568
-0.1015021568
-0.0253755392
-0.0265791262
-0.00044736120000000003
-0.1015021568
-0.1015021568
-0.07382351570000001
-0.0011817707
-0.0776681334
-0.1015021568
-0.06411226140000001
-0.0025708749
-0.1015021568
-0.1015021568
-0.0982394765
-1.0599600000000001e-05
-0.004916048500000001
-0.0931379955
-0.1015021568
-0.1015021568
-0.093630768
-1.0055100000000001e-05
-0.052575238100000005
-0.1015021568
-0.1015021568
-0.1015021568
-0.08717261080000001
-1.00067e-05
-0.0135848031
-0.1015021568
-0.1015021568
-0.1015021568
-0.0228058259
-0.0731866322
-0.1015021568
-0.1015021568
-0.014839645700000001
-0.1015021568
-0.1015021568
-0.1000719973
1.5125000000000001e-06
-0.1015021568
-0.1015021568
-0.1015021568
-0.1015021568
-0.0046615008
-0.006588062800000001
-0.1015021568
-0.1015021568
-0.1015021568
-0.1015021568
-0.0021558207
-0.010827104200000002
-0.10039994360000001
-0.1015021568
-0.1015021568
-0.1015021568
-0.0007718227
-0.06775756790000001
-0.1015021568
-0.1015021568
-0.0001882276
-0.0235749503
-0.1015021568
-0.1015021568
-2.75759e-05
-0.0855329761
-0.1015021568
-0.1015021568
-0.049424156100000005
-9.9946e-06
-0.041426225500000004
-0.1015021568
-0.1015021568
-0.1015021568
-0.0387360204
-9.9341e-06
-0.0518062226
-0.1015021568
-0.1015021568
-0.1015021568
-0.0850526182
-9.9704e-06
-0.0627458568
-0.1015021568
-0.1015021568
-0.1015021568
-0.0003550382
-0.1015021568
-0.1015021568
-0.1015021568
-1.00067e-05
-0.1015021568
-0.1015021568
-0.05799379960000001
-0.0037022733000000004
-0.1015021568
-0.1015021568
-0.1015021568
-0.1015021568
-0.0045742719
-0.006759108400000001
-0.1015021568
-0.1015021568
-0.1015021568
-0.1015021568
-0.0021578777
-0.011102076700000001
-0.10053749640000001
-0.1015021568
-0.1015021568
-0.0825755667
-9.958300000000001e-06
-0.0687041872
-0.1015021568
-0.1015021568
-0.0002269476
-0.024462243300000002
-0.1015021568
-0.1015021568
-1.0055100000000001e-05
-0.1015021568
-0.1015021568
-0.1015021568
-0.053969678400000005
-1.63108e-05
-0.0433721112
-0.1015021568
-0.1015021568
-0.1015021568
-0.0431809191
-7.32534e-05
-0.09885063540000001
-0.1015021568
-0.1015021568
-0.1015021568
-0.03238565
-9.9341e-06
-0.0642628459
-0.1015021568
-0.1015021568
-0.1015021568
-0.021003131600000002
-0.1015021568
-0.1015021568
-0.0700057479
-0.0292185839
-0.1015021568
-0.1015021568
-0.0573349183
-0.0037633057000000004
-0.1015021568
-0.1015021568
-0.1015021568
-0.1015021568
-0.0037585625
-0.0067527801
-0.1015021568
-0.1015021568
-0.1015021568
-0.1015021568
-0.0019209718
-0.011260719800000001
-0.10049957500000001
-0.1015021568
-0.1015021568
-0.1015021568
-0.0006831055
-0.016956891600000003
-0.1015021568
-0.1015021568
-0.0707591302
-0.024269199900000003
-0.1015021568
-0.1005445023
-9.9704e-06
-0.1015021568
-0.1015021568
-0.1015021568
-0.050754950400000005
-1.0043e-05
-0.043181560400000006
-0.1015021568
-0.1015021568
-0.1015021568
-0.041266820100000004
-7.56371e-05
-0.05391873740000001
-0.1015021568