192 0 0 236 0 0 127 255 255 127 255 255 128 0 0 0 0 0 0 0 0
192 0 0 112 124 185 124 102 36 124 85 44 127 255 255 133 169 63 128 0 0
192 0 0 127 255 255 127 255 255 127 255 255 127 255 255 0 0 0 0 0 0
192 0 0 251 208 203 107 11 126 113 214 212 171 79 167 134 243 243 14 6 188
192 0 0 65 192 162 108 148 17 115 91 155 128 0 0 128 0 0 244 38 177
192 0 0 127 255 255 99 32 160 112 29 182 127 255 255 128 0 0 115 134 197
192 0 0 138 38 103 97 246 160 128 157 115 169 35 179 127 255 255 128 0 0
192 0 0 127 255 255 103 214 25 128 0 0 212 55 39 128 0 0 64 125 4
192 0 0 45 150 96 91 139 249 128 0 0 40 40 133 127 255 255 127 255 255
192 0 0 128 0 0 93 8 18 98 83 106 93 81 237 8 70 22 166 235 233
192 0 0 107 134 222 88 181 157 92 134 177 104 32 185 73 81 170 127 255 255
192 0 0 34 166 155 75 188 94 129 146 151 9 38 213 127 255 255 128 0 0
192 0 0 128 0 0 89 195 172 128 0 0 128 0 0 127 255 255 127 255 255
192 0 0 128 0 0 81 223 190 127 255 255 127 255 255 127 255 255 21 179 106
192 0 0 250 91 174 75 113 54 127 255 255 43 166 99 128 0 0 29 49 192
192 0 0 128 0 0 87 82 132 163 56 195 128 0 0 51 97 112 127 255 255
192 0 0 34 224 209 105 109 150 90 1 180 112 56 122 216 216 178 232 7 105
192 0 0 35 220 76 128 0 0 72 1 162 27 181 1 7 168 60 152 49 159
192 0 0 35 151 37 127 255 255 69 49 115 127 255 255 85 78 69 209 251 4
192 0 0 33 105 208 71 217 246 127 255 255 19 159 152 127 255 255 43 1 162
192 0 0 34 223 26 74 248 135 127 255 255 127 255 255 171 214 19 128 0 0
192 0 0 32 8 192 197 48 224 138 234 184 127 255 255 33 53 250 128 0 0
192 0 0 32 12 95 128 0 0 4 43 225 128 0 0 128 0 0 127 255 255
192 0 0 114 106 243 206 221 146 177 90 12 14 179 235 127 255 255 127 255 255
192 0 0 127 255 255 128 0 0 5 163 113 226 125 233 114 92 112 127 255 255
192 0 0 128 0 0 127 255 255 127 255 255 25 183 178 127 255 255 127 255 255
192 0 0 127 255 255 128 0 0 127 255 255 128 0 0 128 0 0 127 255 255
192 0 0 40 55 153 127 255 255 128 0 0 119 222 166 128 0 0 16 54 246
192 0 0 33 185 188 128 0 0 127 255 255 95 197 16 128 0 0 150 40 26
192 0 0 146 73 83 127 255 255 127 255 255 128 0 0 128 0 0 34 33 195
192 0 0 185 5 11 127 255 255 35 217 91 238 31 104 128 0 0 39 0 80
192 0 0 127 255 255 34 116 36 128 0 0 212 175 147 127 255 255 35 171 137
192 0 0 25 95 209 59 154 206 35 81 180 255 107 122 241 97 76 37 34 242
192 0 0 127 255 255 184 81 140 128 0 0 157 5 82 127 255 255 127 255 255
192 0 0 127 255 255 24 183 151 205 209 183 128 0 0 206 30 169 128 0 0
192 0 0 128 0 0 128 0 0 128 0 0 210 98 51 213 10 144 128 0 0
192 0 0 127 255 255 127 255 255 128 0 0 127 255 255 254 11 123 86 39 153
192 0 0 76 5 14 146 7 38 127 255 255 54 100 222 127 255 255 52 148 101
192 0 0 6 152 85 128 0 0 226 59 34 89 160 179 200 136 31 39 168 26
192 0 0 32 75 214 62 30 237 127 255 255 85 29 131 127 255 255 127 255 255
192 0 0 37 104 13 221 233 56 205 194 170 1 73 84 127 255 255 224 45 98
192 0 0 128 0 0 127 255 255 64 193 163 127 255 255 127 255 255 128 0 0
192 0 0 127 255 255 101 251 169 127 255 255 128 0 0 127 255 255 119 211 185
192 0 0 42 90 51 128 0 0 127 255 255 127 255 255 232 191 200 128 0 0
192 0 0 33 103 82 128 0 0 127 255 255 127 255 255 193 29 128 128 0 0
192 0 0 127 255 255 127 255 255 128 0 0 127 255 255 216 111 121 127 255 255
192 0 0 60 0 0 127 255 255 127 255 255 236 0 0 0 0 0 0 0 0