-0.1003444046
-0.0104071132
-0.0654337871
-0.1015021568
-0.1015021568
-0.031150566700000003
-0.0492973239
-0.1015021568
-0.1015021568
-0.045545634200000004
-0.0343527712
-0.1015021568
-0.1015021568
-0.0621850581
-0.0228786921
-0.1015021568
-0.1015021568
-0.0792388465
-0.016436143900000002
-0.0937817155
-0.1015021568
-0.0948226422
-0.0157965984
-0.0789110333
-0.1015021568
-0.1015021568
-0.021316582100000002
-0.06248369820000001
-0.1015021568
-0.1015021568
-0.0324988213
-0.046084507700000006
-0.1015021568
-0.1015021568
-0.047387205800000005
-0.031544506400000005
-0.1015021568
-0.1015021568
-0.0643438675
-0.0209289344
-0.1015021568
-0.1015021568
-0.08126362420000001
-0.0153431146
-0.090966711
-0.1015021568
-0.0965082569
-0.0155899425
-0.0756384189
-0.1015021568
-0.1015021568
-0.022224541900000002
-0.0590145072
-0.1015021568
-0.1015021568
-0.0341645557
-0.0427145488
-0.1015021568
-0.1015021568
-0.049406187600000005
-0.028776123200000003
-0.1015021568
-0.1015021568
-0.06674879090000001
-0.0190688982
-0.1013831533
-0.1015021568
-0.08365065170000001
-0.014509654500000002
-0.08789182270000001
-0.1015021568
-0.0985539192
-0.0158701301
-0.072159076
-0.1015021568
-0.1015021568
-0.0234226839
-0.1015021568
-0.1015021568
-0.0360182636
-0.1015021568
-0.1015021568
-0.026364774700000003
-0.1015021568
-0.1015021568
-0.0689787241
-0.0173636936
-0.0988652522
-0.1015021568
-0.0857275562
-0.0137578452
-0.0849125002
-0.1015021568
-0.10031845010000001
-0.016211083900000003
-0.0689964022
-0.1015021568
-0.1015021568
-0.024737590900000002
-0.052321561600000004
-0.1015021568
-0.0380188897
-0.036665589400000004
-0.1015021568
-0.1015021568
-0.054057839
-0.024038235100000003
-0.1015021568
-0.1015021568
-0.0714361978
-0.0159525311
-0.09627027410000001
-0.1015021568
-0.0879111464
-0.013273240200000001
-0.0818320096
-0.1015021568
-0.1015021568
-0.016747501100000003
-0.06570787630000001
-0.1015021568
-0.1015021568
-0.0491004327
-0.1015021568
-0.1015021568
-0.0400517502
-0.033780404900000005
-0.1015021568
-0.1015021568
-0.056567959800000005
-0.021901145200000003
-0.1015021568
-0.1015021568
-0.0741787354
-0.0147994374
-0.0935752048
-0.1015021568
-0.0904068561
-0.0131581208
-0.0787578594
-0.1015021568
-0.1015021568
-0.0176623579
-0.06236644920000001
-0.1015021568
-0.1015021568
-0.028031900600000003
-0.0459641853
-0.1015021568
-0.1015021568
-0.0424918362
-0.031165316600000003
-0.1015021568
-0.1015021568
-0.05944664660000001
-0.020025439500000002
-0.1015021568
-0.1015021568
-0.0764153962
-0.0136170859
-0.0908685921
-0.1015021568
-0.0925494394
-0.013066209200000001
-0.0757153265
-0.1015021568
-0.018647152700000003
-1.79564e-05
-0.0592221069
-0.1015021568
-0.1015021568
-0.029810443300000003
-0.042903829100000006
-0.1015021568
-0.1015021568
-0.045143030900000006
-0.028778627900000003
-0.1015021568
-0.1015021568
-0.061849924400000006
-0.0181782535
-0.10143674420000001
-0.1015021568
-0.07901229820000001
-0.012794322200000001
-0.08813533520000001
-0.1015021568
-0.0947225752
-0.013233455400000002
-0.0725203215
-0.1015021568
-0.1015021568
-0.0199115664
-0.0559829006
-0.1015021568
-0.1015021568
-0.031801643500000004
-0.039844295700000004
-0.1015021568
-0.1015021568
-0.047605574500000004
-0.026143477800000002
-0.1015021568
-0.1015021568
-0.0646621943
-0.0166262712
-0.09894190570000001
-0.1015021568
-0.0816372964
-0.0121820138
-0.0851278439
-0.1015021568
-0.09709223920000001
-0.0138512935
-0.06935747830000001
-0.1015021568
-0.1015021568
-0.021410030400000002
-0.0527411896
-0.1015021568
-0.1015021568
-0.0340114181
-0.036902967200000004
-0.1015021568
-0.1015021568
-0.04989007870000001
-0.0238403517
-0.1015021568
-0.015371549600000001
-0.09661866940000001
-0.0841353051
-0.011805486
-0.0823792079
-0.1015021568
-0.09923505240000001
-0.014505201700000001
-0.06632250790000001
-0.1015021568
-0.1015021568
-0.0230518431
-0.049710793
-0.1015021568
-0.1015021568
-0.0363815056
-0.034243653400000004
-0.1015021568
-0.1015021568
-0.052654275300000004
-0.0219936739
-0.1015021568
-0.1015021568
-0.014123604000000001
-0.1015021568
-1.7109400000000003e-05
-0.0865894271
-0.011776446000000001
-0.0792564278
-0.1015021568
-0.10075817620000001
-0.015323113300000002
-0.0629155351
-0.1015021568
-0.1015021568
-0.0242039809
-0.0461299916
-0.1015021568
-0.1015021568
-0.0380440456
-0.0314102085
-0.1015021568
-0.1015021568
-0.0544214924
-0.0199049477
-0.1015021568
-0.1015021568
-0.07165350170000001
-0.0131317549
-0.1015021568
-0.0877733395
-0.0116054851
-0.0754142906
-0.1015021568
-0.10116818470000001
-0.016063403400000002
-0.0592352717
-0.1015021568
-0.1015021568
-0.025904902100000002
-0.043173017800000005
-0.1015021568
-0.1015021568
-0.028844706
-0.1015021568
-0.1015021568
-0.0568573313
-0.018184666500000002
-0.09993057250000001
-0.1015021568
-0.07389281240000001
-0.0121346665
-0.0871047177
-0.1015021568
-0.08962379250000001
-0.0116709219
-0.0720604973
-0.1015021568
-0.1015021568
-0.0171230125
-0.0559258491
-0.1015021568
-0.1015021568
-0.027960813100000002
-0.040164062400000006
-0.1015021568
-0.1015021568
-0.0423529282
-0.0263632138
-0.1015021568
-0.059130001700000004
-0.0164431861
-0.0967656239
-0.1015021568
-0.07573744530000001
-0.011364646700000001
-0.0836053493
-0.1015021568
-0.0910422513
-0.0119770519
-0.0685143987
-0.1015021568
-0.1015021568
-0.018143199800000002
-0.0524731141
-0.1015021568
-0.1015021568
-0.029899789700000002
-0.0369888772
-0.1015021568
-0.1015021568
-0.024007222800000002
-1.63834e-05
-0.1015021568
-0.1015021568
-0.061339026100000006
-0.0149722375
-0.0938061817
-0.1015021568
-0.07768410540000001
-0.0108462343
-0.08037847290000001
-0.1015021568
-0.09230674970000001
-0.012308725000000001
-0.0651657479
-0.1015021568
-0.1015021568
-0.019711771200000002
-0.049210203900000006
-0.1015021568
-0.0320327051
-0.0343095621
-0.1015021568
-0.1015021568
-0.047166513900000005
-0.021882547500000002
-0.1015021568
-0.1015021568
-0.0633243336
-0.013617654600000001
-0.09093372640000001
-0.1015021568
-0.0793616131
-0.0104437399
-0.07732189190000001
-0.1015021568
-0.0936722952
-0.0130307562
-0.061962962600000004
-0.1015021568
-0.1015021568
-0.021182284200000002
-0.046229586700000005
-0.1015021568
-0.1015021568
-0.0336130861
-0.0315357339
-0.1015021568
-0.1015021568
-0.0486228578
-0.0199015718
-0.0995041564
-0.1015021568
-0.06502710610000001
-0.012632750900000001
-0.0880729113
-0.1015021568
-0.081008653
-0.010367667200000001
-0.07420325
-0.1015021568
-0.09459426680000001
-0.013598173600000001
-0.058921506600000007
-0.1015021568
-0.022274720600000002
-0.0433177459
-0.1015021568
-0.1015021568
-0.035309239900000004
-0.0293213129
-0.1015021568
-0.1015021568
-0.05123309400000001
-0.0184641886
-0.0974960767
-0.1015021568
-0.0673458049
-0.011670486300000001
-0.08567694190000001
-0.1015021568
-0.08324075210000001
-0.010398340700000001
-0.07158332170000001
-0.1015021568
-0.0961505567
-0.014546813600000002
-0.1015021568
-0.1015021568
-0.024089841600000002
-0.040840875900000004
-0.1015021568
-0.1015021568
-0.0375924615
-0.027180701900000003
-0.1015021568
-0.1015021568
-0.053343406600000004
-0.016872082700000002
-0.0952071802
-0.1015021568
-0.069684142
-0.011046840200000001
-0.0830285302
-0.1015021568
-0.0849580567
-0.010533110500000002
-0.0687234141
-0.1015021568
-0.09717180880000001
-0.0154447546
-0.0533965256
-0.1015021568
-0.1015021568
-0.0257463921
-0.0382300226
-0.1015021568
-0.1015021568
-0.0398576541
-0.025092713800000003
-0.1015021568
-0.1015021568
-0.055753738700000006
-0.015513373700000001
-0.0928678146
-0.1015021568
-0.0719261147
-0.0105326749
-0.08033961980000001
-0.1015021568
-0.0865811749
-0.0107920142
-0.06593706240000001
-0.1015021568
-0.0982258277
-0.016551940900000003
-0.0505983038
-0.1015021568
-0.1015021568
-0.027624312100000003
-0.035784080200000006
-0.1015021568
-0.1015021568
-0.042185355300000005
-0.0231807444
-0.10076417780000001
-0.1015021568
-0.058054735200000006
-0.0142434666
-0.0905202573
-0.1015021568
-0.07391925090000001
-0.0100465332
-0.07771087060000001
-0.1015021568
-0.0882409561
-0.0112168331
-0.0631369772
-0.1015021568
-0.09937085070000001
-0.0180164402
-0.0478535277
-0.1015021568
-0.1015021568
-0.029482581700000003
-0.0332283061
-0.1015021568
-0.1015021568
-0.044116333800000004
-0.0211807959
-0.0988051394
-0.1015021568
-0.0603859817
-0.013115807100000001
-0.08818300920000001
-0.1015021568
-0.0761232054
-0.0097756505
-0.0750301761
-0.1015021568
-0.0897378471
-0.011604626000000002
-0.0603510732
-0.1015021568
-0.1004695307
-0.019533562400000003
-0.045069438700000006
-0.1015021568
-0.1015021568
-0.031801946000000005
-0.0308471592
-0.1015021568
-0.1015021568
-0.0466615567
-0.0193219334
-0.1015021568
-0.0626819567
-0.0120596465
-1.56574e-05
-0.08569572110000001
-0.1015021568
-0.0782391929
-0.0096384365
-0.0722889574
-0.1015021568
-0.091553198
-0.0127173904
-0.0574395591
-0.1015021568
-0.1015021568
-0.0214958557
-0.0423492982
-0.1015021568
-0.1015021568
-0.033964857300000005
-0.0285835275
-0.1015021568
-0.1015021568
-0.0177203532
-1.55969e-05
-0.09479192030000001
-0.1015021568
-0.0651574594
-0.0112643861
-0.08335979190000001
-0.1015021568
-0.080497549
-0.0097146786
-0.06973407870000001
-0.1015021568
-0.0932369009
-0.0136313881
-0.0547525
-0.1015021568
-0.1015021568
-0.0228897757
-0.039578144100000004
-0.1015021568
-0.1015021568
-0.035947079300000004
-0.0263352991
-0.1015021568
-0.0513014711
-0.016217666300000003
-0.09253766610000001
-0.1015021568
-0.0672044769
-0.0106890916
-0.0807305224
-0.1015021568
-0.0822134984
-0.010067357300000001
-0.0668639466
-0.1015021568
-0.09443862450000001
-0.0148733079
-0.0519898764
-0.1015021568
-0.1015021568
-0.024809368100000003
-0.0374181731
-0.1015021568
-0.1015021568
-0.038412466400000005
-0.0244781064
-0.10022460250000001
-0.1015021568
-0.05375461300000001
-0.014890296300000001
-0.090693009
-0.1015021568
-0.0695909841
-0.0099535084
-0.07848230610000001
-0.1015021568
-0.08426898590000001
-0.0102345309
-0.0642980206
-0.1015021568
-0.0960081155
-0.016186230500000003
-0.0492822352
-0.1015021568
-0.1015021568
-0.0268897937
-0.034784620200000005
-0.1015021568
-0.1015021568
-0.0407799282
-0.0223806198
-0.09844664060000001
-0.1015021568
-0.056347485700000005
-0.013683720600000001
-0.0884934589
-0.1015021568
-0.0723701
-0.009774488900000001
-0.0759221397
-0.1015021568
-0.0862834665
-0.0107201281
-0.0616400136
-0.1015021568
-0.0972356
-0.017328664100000002
-0.046624010400000006
-0.1015021568
-0.1015021568
-0.0289613742
-0.0323855169
-0.1015021568
-0.1015021568
-0.043176018600000005
-0.0206210741
-0.09673008620000001
-0.1015021568
-0.0588086499
-0.0126012425
-0.08625580590000001
-0.1015021568
-0.0743645914
-0.009455472400000001
-0.0732656089
-0.1015021568
-0.08752394640000001
-0.0113518691
-0.0587760162
-0.1015021568
-0.0983448796
-0.0190198206
-0.0437419961
-0.1015021568
-0.1015021568
-0.0307859816
-0.030115762600000002
-0.1015021568
-0.1015021568
-0.045742065600000006
-0.0189982947
-0.095025656
-0.1015021568
-0.061401341100000006
-0.0116047349
-0.0841902875
-0.1015021568
-0.07664086760000001
-0.009095037600000001
-0.0710721572
-0.1015021568
-0.09005876330000001
-0.0122293611
-0.05644158740000001
-0.1015021568
-0.0998580814
-0.0206605927
-0.041494409
-0.1015021568
-0.1015021568
-0.033077709500000003
-0.0278749031
-0.1015021568
-0.1015021568
-0.048232995800000004
-0.017274008400000002
-0.09316369590000001
-0.1015021568
-0.0642089888
-0.0108091599
-0.0818248827
-0.1015021568
-0.009233933500000001
-0.06836311240000001
-0.1015021568
-0.09168096190000001
-0.0131203567
-0.0536746078
-0.1015021568
-0.10091755740000001
-0.0223717142
-0.038958975
-0.1015021568
-0.1015021568
-0.0354229073
-0.0257674945
-0.1001953931
-0.1015021568
-0.0508527547
-0.0158509516
-0.0912293415
-0.1015021568
-0.0665596074
-0.0795486428
-0.1015021568
-0.08116112510000001
-0.009407024
-0.06591552440000001
-0.1015021568
-0.09322097730000001
-0.014285756100000001
-0.051155157900000005
-0.1015021568
-0.1015021568
-0.024342804200000002
-0.0365284359
-0.1015021568
-0.1015021568
-0.0377904296
-0.0237396071
-0.09869083070000001
-0.1015021568
-0.0533858413
-0.0145420704
-0.0892746591
-0.1015021568
-0.0690910847
-0.009724237600000001
-0.0772088295
-0.1015021568
-0.08310590970000001
-0.009609130300000001
-0.0632897276
-0.1015021568
-0.0947695474
-0.0156393105
-0.04849294010000001
-0.1015021568
-0.1015021568
-0.026242976100000003
-0.0341770671
-0.1015021568
-0.1015021568
-0.0402949723
-0.021914697200000003
-0.0971660371
-0.1015021568
-0.05597031660000001
-0.0134161291
-0.08730429510000001
-0.1015021568
-0.07125446790000001
-0.009263481700000001
-0.0749514898
-0.1015021568
-0.0853291879
-0.010428917400000001
-0.060880133600000004
-0.1015021568
-0.0963191339
-0.017293307900000002
-0.0459685171
-0.1015021568
-0.1015021568
-0.028345484200000003
-0.031932662300000005
-0.1015021568
-0.1015021568
-0.0426247547
-0.020199425400000002
-0.09564643440000001
-0.1015021568
-0.058169794100000005
-0.012309668800000001
-0.0853864572
-0.1015021568
-0.07327407890000001
-0.0088409134
-0.07261337050000001
-0.1015021568
-0.0871705175
-0.0110947562
-0.05825214670000001
-0.1015021568
-0.0975929009
-0.018771262400000002
-0.043403571200000005
-0.1015021568
-0.1015021568
-0.030338511500000002
-0.029645411400000002
-0.1015021568
-0.1015021568
-0.0449202457
-0.0185284154
-0.0940242116
-0.1015021568
-0.0606618254
-0.0114182981
-0.08329290310000001
-0.1015021568
-0.0760566554
-0.0090509452
-0.0701368514
-0.1015021568
-0.08924520770000001
-0.0121169642
-0.055715176000000005
-0.1015021568
-0.09897046170000001
-0.0204966135
-0.0410084609
-0.1015021568
-0.1015021568
-0.0326873756
-0.0275302951
-0.1007265831
-0.1015021568
-0.0474590193
-0.0169383302
-0.0922939358
-0.1015021568
-0.06340128960000001
-0.010641224000000001
-0.0810817249
-0.1015021568
-0.0785144437
-0.009199763100000001
-0.0677439917
-0.1015021568
-0.09098492150000001
-0.013079954800000002
-0.053200251500000004
-0.10014372610000001
-0.0221590204
-0.038453812100000005
-0.1015021568
-0.1015021568
-0.035098966100000004
-0.0253814561
-0.09936189670000001
-0.1015021568
-0.050184520100000005
-0.0155399695
-0.09048753890000001
-0.1015021568
-0.06589340560000001
-0.0098870068
-0.07880694910000001
-0.1015021568
-0.08078107620000001
-0.0093911367
-0.06515447070000001
-0.1015021568
-0.0926733797
-0.0504587666
-0.1015021568
-0.1012598422
-0.0239708865
-0.0360384827
-0.1015021568
-0.1015021568
-0.0376245386
-0.0234502356
-0.0979492096
-0.1015021568
-0.052947409900000006
-0.0142205734
-0.0885146581
-0.1015021568
-0.06858535310000001
-0.0094446671
-0.07650141510000001
-0.1015021568
-0.08276153160000001
-0.009723475300000001
-0.0625081281
-0.1015021568
-0.09434271990000001
-0.015829268400000002
-0.0478832816
-0.1015021568
-0.1015021568
-0.0261083273
-0.0335660292
-0.1015021568
-0.1015021568
-0.0402327057
-0.0214597251
-0.0963772744
-0.1015021568
-0.055800940800000004
-0.012972458400000001
-0.08642183
-0.1015021568
-0.07094845890000001
-0.0089338051
-0.0740349027
-0.1015021568
-0.0848930071
-0.0101793065
-0.059922406500000004
-0.1015021568
-0.09574473480000001
-0.016944731100000002
-0.045067055
-0.1015021568
-0.1015021568
-0.0282596347
-0.031048321700000003
-0.1015021568
-0.1015021568
-0.0426957091
-0.019604710400000003
-0.0946262592
-0.1015021568
-0.058305786000000005
-0.011991850200000001
-0.0843819757
-0.1015021568
-0.07363695790000001
-0.0088072996
-0.0716373966
-0.1015021568
-0.0872125408
-0.0110869638
-0.057355730300000005
-0.1015021568
-0.09742552160000001
-0.018810539
-0.0424803049
-0.1015021568
-0.1015021568
-0.030659330900000004
-0.028673019100000002
-0.10096308970000001
-0.1015021568
-0.045479931200000004
-0.0178880229
-0.0928753771
-0.1015021568
-0.0610715677
-0.0109979199
-0.0819753341
-0.1015021568
-0.0761464132
-0.008870497900000001
-0.0690336097
-0.1015021568
-0.08905838370000001
-0.0120082094
-0.054608981900000006
-0.1015021568
-0.0986857487
-0.020477713300000002
-0.0399146451
-0.1015021568
-0.1015021568
-0.0331064349
-0.0266300551
-0.0997941692
-0.1015021568
-0.0479724949
-0.09125921640000001
-0.1015021568
-0.0635455095
-0.010155893000000001
-0.0799867112
-0.1015021568
-0.07849320820000001
-0.0088972631
-0.06660829780000001
-0.1015021568
-0.09101958800000001
-0.013213575100000001
-0.0519948011
-0.1015021568
-0.0999231794
-0.022245922600000002
-0.037478237500000004
-0.1015021568
-0.1015021568
-0.035278397
-0.0246408756
-0.1015021568
-0.050610040800000006
-0.0149699506
-0.08941605970000001
-0.1015021568
-0.0661227006
-0.0095284717
-0.0776934224
-0.1015021568
-0.0808827646
-0.0093107806
-0.0640376891
-0.1015021568
-0.09266656740000001
-0.014412624600000002
-0.049420719700000004
-0.1015021568
-0.10109229350000001
-0.024288475200000003
-0.0351051734
-0.1015021568
-0.1015021568
-0.0226263587
-0.09704400860000001
-0.1015021568
-0.053047077600000006
-0.013609680700000001
-0.0875295487
-0.1015021568
-0.06898393920000001
-0.0091552956
-0.07546502590000001
-0.1015021568
-0.08313251760000001
-0.0096893412
-0.061556741400000003
-0.1015021568
-0.09410032060000001
-0.0153453531
-0.0465874079
-0.1015021568
-0.1015021568
-0.025925411600000003
-0.0321022196
-0.1015021568
-0.1015021568
-0.0394309839
-0.020206891100000002
-0.0947033604
-0.1015021568
-0.05487101950000001
-0.0127468539
-0.0847022748
-0.1015021568
-0.07040499950000001
-0.009114034600000001
-0.07250333310000001
-0.1015021568
-0.08461249280000001
-0.0103572612
-0.058774189100000006
-0.1015021568
-0.0954899451
-0.0170131082
-0.044099829400000005
-0.1015021568
-0.1015021568
-0.028238120900000004
-0.030399326100000002
-0.1015021568
-0.1015021568
-0.042536255300000006
-0.0190837207
-0.0939755696
-0.1015021568
-0.0580458417
-0.0114038507
-0.0835374925
-0.1015021568
-0.0734439992
-0.0084942847
-0.0708275799
-0.1015021568
-0.08688776470000001
-0.0107912761
-0.056580991500000004
-0.1015021568
-0.09703587740000001
-0.0184116988
-0.0418510807
-0.1015021568
-0.1015021568
-0.0306591857
-0.028221326100000003
-0.10044496770000001
-0.1015021568
-0.045241488600000004
-0.0174386531
-0.09239886700000001
-0.1015021568
-0.060671202900000006
-0.010479180800000001
-0.08156769720000001
-0.1015021568
-0.0759105721
-0.0084417828
-0.0685116399
-0.1015021568
-0.08890247520000001
-0.0117325714
-0.0539858198
-0.1015021568
-0.0983945259
-0.020083918800000003
-0.039396777200000004
-0.1015021568
-0.1015021568
-0.0328313656
-0.026204038300000003
-0.0992994123
-0.1015021568
-0.047766093100000004
-0.0159360025
-0.0907271431
-0.1015021568
-0.06342240410000001
-0.0097742711
-0.0794219921
-0.07839334690000001
-0.0086900627
-0.0661183567
-0.1015021568
-0.0907074201
-0.0127856102
-0.0515705388
-0.1015021568
-0.099688149
-0.0220796202
-0.0370323646
-0.1015021568
-0.1015021568
-0.0354238511
-0.024184391000000003
-0.0979745107
-0.1015021568
-0.050608758200000006
-0.014594802200000001
-0.0889496047
-0.1015021568
-0.06619918470000001
-0.009267063300000001
-0.1015021568
-0.0807402145
-0.008998673200000001
-0.0636219452
-0.1015021568
-0.0924028721
-0.013925793200000001
-0.048935473400000006
-0.1015021568
-0.10093685690000001
-0.024289999800000003
-0.034639105600000004
-0.1015021568
-0.1015021568
-0.038116718200000003
-0.022297154000000003
-0.0965939249
-0.1015021568
-0.053342595900000005
-0.0133505592
-0.0870314764
-0.1015021568
-0.0686196324
-0.0087651069
-0.07494490740000001
-0.1015021568
-0.0829285842
-0.0094996737
-0.061090843000000006
-0.1015021568
-0.09417511070000001
-0.015603748600000002
-0.0463889679
-0.1015021568
-0.1015021568
-0.0266281917
-0.0323561018
-0.1015021568
-0.1015021568
-0.040652866100000004
-0.020450161600000002
-0.09509956280000001
-0.1015021568
-0.056079277100000005
-0.0122182291
-0.08503328240000001
-0.1015021568
-0.0714217867
-0.008558317900000001
-0.072532119
-0.1015021568
-0.0851455341
-0.0101589422
-0.05842587850000001
-0.1015021568
-0.09574619890000001
-0.017150285900000003
-0.043637137500000006
-0.1015021568
-0.1015021568
-0.028623965700000004
-0.029839580100000002
-0.1011498895
-0.1015021568
-0.042923164900000005
-0.018536486100000003
-0.0934530432
-0.1015021568
-0.058713931100000005
-0.011167755500000001
-0.0829408415
-0.1015021568
-0.07393296020000001
-0.0083778101
-0.07006328340000001
-0.1015021568
-0.0870702569
-0.0107604937
-0.055742364700000005
-0.1015021568
-0.0971822511
-0.0187747109
-0.0411879402
-0.1015021568
-0.1015021568
-0.030958733300000003
-0.027656062500000002
-0.10000752850000001
-0.1015021568
-0.045472392900000005
-0.0168671217
-0.09177470060000001
-0.1015021568
-0.061237168300000006
-0.010167593700000001
-0.0807450061
-0.1015021568
-0.07655158170000001
-0.008436374100000001
-0.0675210371
-0.1015021568
-0.0892719487
-0.011941998200000001
-0.0530593954
-0.1015021568
-0.0986083692
-0.020645310400000002
-0.038497674600000004
-0.1015021568
-1.5209700000000001e-05
-0.0253499356
-0.09865148150000001
-0.1015021568
-0.048076337100000005
-0.015175081900000002
-0.0898719998
-0.1015021568
-0.06430386490000001
-0.0095299237
-0.07843205480000001
-0.1015021568
-0.0791824121
-0.0086651972
-0.06491990010000001
-0.1015021568
-0.09113425970000001
-0.0129502912
-0.0503099487
-0.10000392270000001
-0.022748314600000003
-0.0358712486
-0.1015021568
-0.1015021568
-0.0360039614
-0.023183963000000002
-0.0972304333
-0.1015021568
-0.0510267769
-0.0136961352
-0.08789182270000001
-0.1015021568
-0.0670377147
-0.0088716474
-0.0759362967
-0.1015021568
-0.08148706280000001
-0.0089132714
-0.062209596900000004
-0.1015021568
-0.09318513710000001
-0.047410280500000006
-0.1015021568
-0.1013985929
-0.0251831492
-0.033280094100000004
-0.1015021568
-0.1015021568
-0.038797282700000005
-0.0210770505
-0.0956978594
-0.1015021568
-0.0544398239
-0.012527626100000001
-0.0858390214
-0.1015021568
-0.0701005514
-0.008591084700000001
-0.0734916127
-0.1015021568
-0.0839490861
-0.0095570519
-0.0594657525
-0.1015021568
-0.09482511060000001
-0.0160676142
-0.0448280074
-0.1015021568
-0.1015021568
-0.027365118
-0.030829686800000002
-0.1015021568
-0.1015021568
-0.041634865800000004
-0.019235854
-0.0941171154
-0.1015021568
-0.057138123900000004
-0.01134133
-0.0837735877
-0.1015021568
-0.0725623085
-0.0082804898
-0.07103549420000001
-0.1015021568
-0.0858874819
-0.0100837891
-0.0567825775
-0.1015021568
-0.0963403936
-0.017697145400000003
-0.042077108700000004
-0.1015021568
-0.1015021568
-0.030011617900000002
-0.028458994300000002
-0.1003913163
-0.1015021568
-0.044382666900000006
-0.017508530600000002
-0.0924078452
-0.1015021568
-0.0598890226
-0.010421379100000001
-0.0815760462
-0.1015021568
-0.07524253110000001
-0.008247771400000001
-0.0686120094
-0.1015021568
-0.0881368114
-0.011069890700000001
-0.0541171048
-0.1015021568
-0.0980081124
-0.019820634900000002
-0.0395144981
-0.1015021568
-0.1015021568
-0.032393297200000004
-0.026155553600000003
-0.09912569260000001
-0.1015021568
-0.047011186200000006
-0.0158324265
-0.09061285860000001
-0.1015021568
-0.0627275979
-0.0096276312
-0.0793727209
-0.1015021568
-0.0775897859
-0.0081730297
-0.06598791870000001
-0.1015021568
-0.0902662904
-0.0124323507
-0.0513916887
-0.1015021568
-0.09940187510000001
-0.021820341400000002
-0.036873903
-0.1015021568
-0.1015021568
-0.0346553801
-0.024019080800000002
-0.0978201389
-0.1015021568
-0.050058547
-0.0144003431
-0.0887438321
-0.1015021568
-0.0657362871
-0.009004602200000001
-0.0769821118
-0.1015021568
-0.0802085647
-0.008511091600000001
-0.06333492110000001
-0.1015021568
-0.09220354880000001
-0.013777773900000002
-0.0486648327
-0.1015021568
-0.10069324760000001
-0.0239325779
-0.034311715900000005
-0.1015021568
-0.1015021568
-0.0374169268
-0.0219149392
-0.09630398470000001
-0.1015021568
-0.0529272271
-0.0129959687
-0.0866745627
-0.1015021568
-0.06859376260000001
-0.0085682762
-0.0745519236
-0.1015021568
-0.0828510474
-0.009235821100000001
-0.060672049900000004
-0.1015021568
-0.09402972920000001
-0.015351318400000001
-0.0459094933
-0.1015021568
-0.1015021568
-0.0260554503
-0.0318265332
-0.1015021568
-0.1015021568
-0.0401239872
-0.0199541584
-0.09473503820000001
-0.1015021568
-0.055862578200000006
-0.011879586400000001
-0.0846247864
-0.1015021568
-0.07145413
-0.0083406873
-0.0720462072
-0.1015021568
-0.0851095971
-0.009907830900000001
-0.057969091400000006
-0.1015021568
-0.09558607960000001
-0.016885271700000003
-0.043288088800000006
-0.1015021568
-0.1015021568
-0.0284590306
-0.029515735700000004
-0.10090735710000001
-0.1015021568
-0.043081251400000006
-0.0181574052
-0.09304036060000001
-0.1015021568
-0.058938979
-0.0109578689
-0.0824831832
-0.1015021568
-0.0740594294
-0.0081868479
-0.0695410837
-0.1015021568
-0.0873046581
-0.0108820261
-0.0552830003
-0.1015021568
-0.09721564710000001
-0.018890399000000002
-0.0406800911
-0.1015021568
-0.1015021568
-0.0311391443
-0.0271687471
-0.0996458716
-0.1015021568
-0.0458333722
-0.0165753907
-0.09137019760000001
-0.1015021568
-0.061594408700000006
-0.010098236500000001
-0.0803390632
-0.1015021568
-0.0766671367
-0.0083600231
-0.0671399839
-0.1015021568
-0.08933286010000001
-0.0120026555
-0.052646495
-0.1015021568
-0.0986814411
-0.020919677900000003
-0.0380998629
-0.1015021568
-0.1015021568
-0.033670440100000004
-0.025100469900000002
-0.09840683160000001
-0.1015021568
-0.048720105500000006
-0.015099227000000002
-0.0895675759
-0.1015021568
-0.06445904740000001
-0.0094363181
-0.0781004906
-0.1015021568
-0.07914473270000001
-0.008511926500000001
-0.0645663139
-0.1015021568
-0.0912346292
-0.013137889600000001
-0.0499802721
-0.1015021568
-0.1000458855
-0.02298153
-0.0355340216
-0.1015021568
-0.1015021568
-0.036277687600000004
-0.022887283100000003
-0.0968701921
-0.1015021568
-0.051142828
-0.013573368600000002
-0.08759100460000001
-0.1015021568
-0.06694384290000001
-0.0814250019
-0.0088630201
-0.061901639800000005
-0.1015021568
-0.09298751990000001
-0.014498607200000001
-0.047198457900000004
-0.1015021568
-0.1010979684
-0.024766110600000002
-0.032966329
-0.1015021568
-0.1015021568
-0.0386136652
-0.0208376641
-0.09537361570000001
-0.1015021568
-0.053962987100000005
-0.012335224
-0.0855936697
-0.1015021568
-0.0695222924
-0.0082078414
-0.07321847940000001
-0.1015021568
-0.0836826804
-0.009354667300000001
-0.059212947200000005
-0.1015021568
-0.09461366310000001
-0.015957068600000002
-0.0445099589
-0.1015021568
-0.1015021568
-0.0270605247
-0.0305417189
-0.1012951742
-0.1015021568
-0.0413782732
-0.0190316544
-0.0938168902
-0.056997848600000005
-0.0112019622
-0.0834257248
-0.1015021568
-0.0724066178
-0.0080555266
-0.0707713149
-0.1015021568
-0.0859450295
-0.010111473900000001
-0.056557154500000005
-0.1015021568
-0.0963386512
-0.0178538767
-0.041837165700000005
-0.1015021568
-0.1015021568
-0.029597035600000002
-0.0281424946
-0.1001025982
-0.1015021568
-0.044438230100000004
-0.0172174772
-0.0920112072
-0.1015021568
-0.0595730432
-0.10070920750000001
-0.0812262836
-0.1015021568
-0.0750099691
-0.0078941731
-0.06815564580000001
-0.1015021568
-0.0881407802
-0.0111314918
-0.053740286600000006
-0.1015021568
-0.0978266487
-0.019670836900000002
-0.0391290647
-0.1015021568
-0.1015021568
-0.0319587136
-0.025858413900000002
-0.09883286050000001
-0.0471347635
-1.5137100000000001e-05
-0.0156520881
-0.09028537210000001
-0.1015021568
-0.0628370545
-0.0094780026
-0.0790177553
-0.1015021568
-0.0776568804
-0.0081286832
-0.0656757387
-0.1015021568
-0.09022360160000001
-0.0124389452
-0.051129723700000004
-0.1015021568
-0.09925907090000001
-0.0217679
-0.036650367600000004
-0.1015021568
-0.1015021568
-0.0237356141
-0.0974784712
-0.1015021568
-0.0500132567
-0.0141794455
-0.0883645455
-0.1015021568
-0.0655779949
-0.008807444800000001
-0.0766187851
-0.1015021568
-0.0802408233
-0.0085317221
-0.0629722115
-0.1015021568
-0.09211789290000001
-0.013790249000000001
-0.0483695322
-0.1015021568
-0.10051460320000001
-0.0237806866
-0.0340934924
-0.1015021568
-0.037246522500000004
-0.0216730844
-0.0960350501
-0.1015021568
-0.0529835042
-0.012899519600000001
-0.08640935490000001
-0.1015021568
-0.06853741290000001
-0.0083845619
-0.07415390620000001
-0.1015021568
-0.08271180060000001
-0.0090459237
-0.060291867900000004
-0.1015021568
-0.0939454648
-0.0153764985
-0.0455785462
-0.1015021568
-0.0259851977
-0.0315245293
-0.1015021568
-0.1015021568
-0.0399056427
-0.0197218142
-0.0944634416
-0.1015021568
-0.055995387800000004
-0.0117253719
-0.0842668926
-0.1015021568
-0.07140105940000001
-0.0081625511
-0.0716699214
-0.1015021568
-0.0850348191
-0.009799705300000001
-0.0575615634
-0.1015021568
-0.09551203970000001
-0.016811848900000002
-0.1015021568
-0.1015021568
-0.0284378919
-0.0291428016
-0.1005832465
-0.1015021568
-0.0430109262
-0.017881682500000003
-0.09273081840000001
-0.1015021568
-0.0586332846
-0.010529153800000001
-0.08207467510000001
-0.1015021568
-0.07399694500000001
-0.007990948900000001
-0.0692023442
-0.1015021568
-0.0872410121
-0.0106922013
-0.0547570012
-0.1015021568
-0.0970892626
-0.0185889275
-0.0401475217
-0.1015021568
-0.1015021568
-0.031087973400000003
-0.026750462200000002
-0.0993106774
-0.1015021568
-0.045857753700000004
-0.0162011014
-0.09095421170000001
-0.1015021568
-0.061490058300000004
-0.0096874657
-0.0798316376
-0.1015021568
-0.0765841307
-0.0080125232
-0.0665924226
-0.1015021568
-0.0893264108
-0.0520816549
-0.1015021568
-0.09853823760000001
-0.0205624012
-0.0376103211
-0.1015021568
-0.1015021568
-0.0337611175
-0.024534105200000003
-0.0979695497
-0.1015021568
-0.0485948463
-0.014573966
-0.08911878690000001
-0.1015021568
-0.0643364502
-0.0089219229
-0.07759688860000001
-0.1015021568
-0.07928564930000001
-0.008343385600000001
-0.0640157155
-0.0914427371
-1.51492e-05
-0.0131779406
-0.0493757924
-0.1015021568
-0.10016947490000001
-0.023096141200000003
-0.034954443700000004
-0.1015021568
-0.1015021568
-0.0364508507
-0.022459923200000002
-0.09662974090000001
-0.1015021568
-0.0515111762
-0.0132363836
-0.08722690350000001
-0.1015021568
-0.067141327
-0.008419627700000001
-0.0752551635
-0.1015021568
-0.008772052300000001
-0.0613631414
-0.1015021568
-0.0933088596
-0.0146673901
-0.0465962893
-0.1015021568
-0.1013547062
-0.0252427538
-0.0324509174
-0.1015021568
-0.1015021568
-0.038828367600000004
-0.020507842300000002
-0.0951477087
-0.1015021568
-0.0541647788
-0.0119634757
-0.0851932081
-0.1015021568
-0.06993332940000001
-0.0080915967
-0.0727632532
-0.1015021568
-0.08402472320000001
-0.0094154214
-0.058735118200000005
-0.1015021568
-0.0948503633
-0.016056433800000002
-0.0440383614
-0.1015021568
-0.1015021568
-0.0273391514
-0.0301154964
-0.1011297067
-0.1015021568
-0.0416785952
-0.0186267037
-0.0934916664
-0.1015021568
-0.057236025
-0.010903031700000001
-0.0830545694
-0.1015021568
-0.0727774707
-0.0079122626
-0.0702390117
-0.1015021568
-0.0863853727
-0.0103084377
-0.0559437329
-0.1015021568
-0.09650656290000001
-0.017862854900000003
-0.0412321173
-0.1015021568
-0.1015021568
-0.0297406384
-0.0276707882
-0.0998792564
-0.1015021568
-0.0445544506
-0.0168722158
-0.091725018
-0.1015021568
-0.060389732700000004
-0.010035280200000002
-0.0807687463
-0.1015021568
-0.07552078270000001
-0.0079298076
-0.06762564160000001
-0.1015021568
-0.0884115419
-0.0111825659
-0.0532305499
-0.1015021568
-0.0979842996
-0.019697227
-0.038576203600000004
-0.1015021568
-0.1015021568
-0.0322947306
-0.0254301102
-0.1015021568
-0.0475036199
-0.015243108100000001
-0.08987665830000001
-0.1015021568
-0.0632426344
-0.0091198547
-0.07836557740000001
-0.1015021568
-0.07797093590000001
-0.0079298439
-0.06500129680000001
-0.1015021568
-0.09026305970000001
-0.0119973557
-0.050398484400000006
-0.1015021568
-0.0994206301
-0.0217209278
-0.0358511747
-0.1015021568
-0.1015021568
-0.0230645602
-0.0970977447
-0.1015021568
-0.0502438222
-0.013580519700000002
-0.08782576880000001
-0.1015021568
-0.0659272614
-0.008393540100000001
-0.0759447909
-0.1015021568
-0.08036963990000001
-0.0081061651
-0.06226009020000001
-0.1015021568
-0.09229062040000001
-0.0135071332
-0.047520100100000004
-0.1015021568
-0.1007395422
-0.0238879047
-0.1015021568
-0.1015021568
-0.0375422102
-0.020976414800000003
-0.0955810702
-0.1015021568
-0.052986952700000006
-0.012195469
-0.085788758
-0.1015021568
-0.06862616640000001
-0.007860716600000001
-0.0734598744
-0.1015021568
-0.082922994
-0.0087537571
-0.0594623161
-0.1015021568
-0.09402854340000001
-0.014940196700000002
-0.044775844300000006
-0.1015021568
-0.1015021568
-0.026069571000000003
-0.030720786800000004
-0.1014179892
-0.1015021568
-0.040226111200000005
-0.0190049376
-0.09394792110000001
-0.1015021568
-0.055889040900000006
-0.011035550900000001
-0.0836665632
-0.1015021568
-0.0713525021
-0.007564907900000001
-0.0709404245
-0.1015021568
-0.0852583182
-0.009469024400000001
-0.056687144800000006
-0.1015021568
-0.09575863770000001
-0.0166956526
-0.041969164600000004
-0.1015021568
-0.1015021568
-0.028661983900000004
-0.028235846100000003
-0.10018720140000001
-0.1015021568
-0.0428712438
-0.0171870699
-0.09226410930000001
-0.1015021568
-0.0586178934
-0.0099573199
-0.0814335082
-0.1015021568
-0.074235073
-0.0075848366
-0.06835891370000001
-0.1015021568
-0.08743398290000001
-0.010347520700000001
-0.0539254771
-0.1015021568
-0.09737228160000001
-0.018684590100000002
-0.039300727400000006
-0.1015021568
-0.1015021568
-0.031042150700000003
-0.0259164092
-0.09891597540000001
-0.1015021568
-0.0458177632
-0.015464332400000001
-0.0903718629
-0.1015021568
-0.0617441462
-0.0091550899
-0.0791530817
-0.1015021568
-0.07709973590000001
-0.0078434378
-0.0656814862
-0.1015021568
-0.0894434541
-0.011483214600000001
-0.051127630400000006
-0.1015021568
-0.09866517870000001
-0.020466883800000002
-0.036565958
-0.1015021568
-0.1015021568
-0.033561128700000005
-0.023683209
-0.09744776140000001
-0.1015021568
-0.048620038500000004
-0.0138710407
-0.088342947
-0.1015021568
-0.0644541711
-0.0766150341
-0.1015021568
-0.0793244419
-0.0078259049
-0.06292527560000001
-0.1015021568
-0.0913791032
-0.012675572800000002
-0.0482555018
-0.1015021568
-0.10008712230000001
-0.022732572500000003
-0.0339212126
-0.1015021568
-0.1015021568
-0.0363486057
-0.0215052332
-0.09592179410000001
-0.1015021568
-0.0515060337
-0.0124192706
-0.0862862737
-0.1015021568
-0.007799611600000001
-1.5052400000000002e-05
-0.0741382004
-0.1015021568
-0.08182587490000001
-0.008277005
-0.060114542400000005
-0.1015021568
-0.09329631190000001
-0.0142096713
-0.0453814977
-0.1015021568
-0.1013902197
-0.0251097869
-0.0313309535
-0.1015021568
-0.1015021568
-0.0390555693
-0.0193491826
-0.0942267898
-0.0545492926
-0.0111455036
-0.0840660084
-0.1015021568
-0.0704121627
-0.0075132772000000006
-0.0714729092
-0.1015021568
-0.08422575260000001
-0.008890838
-0.0573949101
-0.1015021568
-0.0951495237
-0.0161015426
-0.0426213546
-0.1015021568
-0.1015021568
-0.027791304200000002
-0.0287684518
-0.1003784419
-0.1015021568
-0.042023663
-0.0175326217
-0.0925454948
-0.1015021568
-0.057856682400000005
-0.010160733
-0.0818772999
-0.1015021568
-0.07320640360000001
-0.0074043409000000004
-0.06900262160000001
-0.1015021568
-0.08659135100000001
-0.0098569867
-0.0546487546
-0.1015021568
-0.0967844394
-0.0179719727
-0.039916641600000004
-0.1015021568
-0.1015021568
-0.0300224837
-0.026509817400000003
-0.0991908269
-0.1015021568
-0.044751220800000005
-0.0158715821
-0.0908367691
-0.1015021568
-0.060743246300000005
-0.009331399
-0.07970162310000001
-0.1015021568
-0.07597014040000001
-0.0074736497
-0.06638854970000001
-0.1015021568
-0.0887272672
-0.0109229241
-0.0519343737
-0.1015021568
-0.0982091781
-0.0197855691
-0.0374153417
-0.1015021568
-0.1015021568
-0.032633240200000004
-0.024286926400000002
-0.0978597664
-0.1015021568
-0.048022480000000006
-0.0143578842
-0.08892793360000001
-0.1015021568
-0.06382020370000001
-0.0086777086
-0.0773952663
-0.1015021568
-0.0785415477
-0.0076720292
-0.0638334774
-0.1015021568
-0.09080960460000001
-0.0122708641
-0.049250037100000005
-0.1015021568
-0.09971743100000001
-0.022112423300000003
-0.0347568991
-0.1015021568
-0.1015021568
-0.0355500783
-0.0221467873
-0.09642629150000001
-0.1015021568
-0.0509398021
-0.0129145357
-0.0869757438
-0.1015021568
-0.0667116318
-0.0080782504
-0.07497542360000001
-0.1015021568
-0.0811650939
-0.008181790100000001
-0.061149721600000005
-0.1015021568
-0.0928195477
-0.046373685600000006
-0.1015021568
-0.1010947014
-0.0246657774
-0.0322234374
-0.1015021568
-0.1015021568
-0.0383240517
-0.0201310362
-0.0948764267
-0.1015021568
-0.053966496100000004
-0.0116454151
-0.08485421450000001
-0.1015021568
-0.0696723687
-0.007746770900000001
-0.07242602620000001
-0.1015021568
-0.08369175540000001
-0.0088750596
-0.058395374400000005
-0.1015021568
-0.015642262900000002
-0.0436254005
-0.1015021568
-0.1015021568
-0.0269054874
-0.029698530400000003
-0.1008619458
-0.1015021568
-0.041251465200000004
-0.0182132467
-0.0931880048
-0.1015021568
-0.0568863229
-0.010562344100000001
-0.0827569336
-0.1015021568
-0.0726035211
-0.007657085700000001
-0.06995471010000001
-0.1015021568
-0.0861061047
-0.055556194100000005
-0.1015021568
-0.0963895317
-0.017559641
-0.040859872900000004
-0.1015021568
-0.1015021568
-0.0294065574
-0.0272663336
-0.0996364457
-0.1015021568
-0.044246203100000006
-0.016442944100000002
-0.0913984511
-0.1015021568
-0.0598785682
-0.0096047743
-0.0804499597
-0.1015021568
-0.0753310668
-0.007550363700000001
-0.0672033274
-0.1015021568
-0.0884296677
-0.0110019129
-0.052713250700000006
-0.1015021568
-0.0979064845
-0.019488550400000002
-0.0381714223
-0.1015021568
-0.1015021568
-0.0321417503
-0.024981902
-0.09836437270000001
-0.1015021568
-0.0471955176
-0.014855738700000001
-0.0896023997
-0.1015021568
-0.06316773540000001
-0.0089387419
-0.07814881800000001
-0.1015021568
-0.0781801933
-0.0078672385
-0.0646451212
-0.1015021568
-0.09052097120000001
-0.0122071455
-0.049988185500000004
-0.1015021568
-0.0994280837
-0.021649078000000002
-0.0355316621
-0.1015021568
-0.1015021568
-0.0350784566
-0.022741103000000002
-0.0968674333
-0.1015021568
-0.0504840677
-0.0133419682
-0.08749839120000001
-0.1015021568
-0.0662897169
-0.0083248968
-0.07553414110000001
-0.1015021568
-0.0808036548
-0.0081492774
-0.0617513941
-0.1015021568
-0.0926023648
-0.0137866311
-0.0470444491
-0.1015021568
-0.10093524760000001
-0.0243031525
-0.0327564666
-0.1015021568
-0.1015021568
-0.0380951439
-0.0205968862
-0.095254709
-0.1015021568
-0.05356186
-0.011964371100000001
-0.0853515366
-0.1015021568
-0.0692577501
-0.0078963027
-0.07302918700000001
-0.1015021568
-0.0832857157
-0.008779953600000001
-0.0590265951
-0.1015021568
-0.0944133476
-0.015451724200000001
-0.044227206100000006
-0.1015021568
-0.1015021568
-0.026871123400000002
-0.030229696200000003
-0.10114347650000001
-0.1015021568
-0.0411140092
-0.0186604506
-0.09355508250000001
-0.1015021568
-0.010891464100000001
-0.0831365711
-0.1015021568
-0.0720074509
-0.007638536400000001
-0.0705237247
-0.1015021568
-0.08570969660000001
-0.009704369400000001
-0.056251932000000004
-0.1015021568
-0.09627179870000001
-0.0175624966
-0.041410580200000005
-0.1015021568
-0.1015021568
-0.029523903200000003
-0.0277969186
-0.0999160404
-0.1015021568
-0.0440828168
-0.016876608100000003
-0.1015021568
-0.0596557225
-0.0099017446
-0.08091908880000001
-0.1015021568
-0.074788769
-0.0075724220000000005
-0.0678270582
-0.1015021568
-0.0880482273
-0.0107832054
-0.053323816700000005
-0.1015021568
-0.09790396770000001
-0.019701885500000002
-0.038688951400000005
-0.1015021568
-0.1015021568
-0.0320196008
-0.025482333800000003
-0.0986130882
-0.046749959300000005
-0.015204170300000002
-0.08998034320000001
-0.1015021568
-0.06276349860000001
-0.009138767
-0.07854610940000001
-0.1015021568
-0.0778099575
-0.007932784200000001
-0.0651574957
-0.1015021568
-0.0901491382
-0.0120359547
-0.0505871597
-0.1015021568
-0.09928866750000001
-0.021650300100000002
-0.0360906579
-0.1015021568
-0.1015021568
-0.034484286100000004
-0.023266134100000002
-0.09721314240000001
-0.1015021568
-0.049998059100000006
-0.0137907935
-0.0880221276
-0.1015021568
-0.0656325296
-0.0085006009
-0.07623215380000001
-0.1015021568
-0.0803311498
-0.008280235700000001
-0.06254667870000001
-0.1015021568
-0.09210311880000001
-0.0134567972
-0.047844960900000004
-0.1015021568
-0.1005017651
-0.0234799532
-0.0334981966
-0.1015021568
-0.1015021568
-0.0372243674
-0.0212593854
-0.0957597267
-0.1015021568
-0.052850017000000006
-0.012484029800000001
-0.0860506625
-0.1015021568
-0.0684249918
-0.0080164799
-0.0738011549
-0.1015021568
-0.0828027563
-0.0088416152
-0.0598050607
-0.1015021568
-0.09391952240000001
-0.0149964254
-0.0450854833
-0.1015021568
-0.1015021568
-0.025803976000000003
-0.0310372502
-0.1015021568
-0.1015021568
-0.040066669500000006
-0.019200461500000002
-0.09406789260000001
-0.1015021568
-0.0557926039
-0.0111752333
-0.08381277960000001
-0.1015021568
-0.0713174847
-0.007731101400000001
-0.0712039141
-0.1015021568
-0.08508612310000001
-0.0095152464
-0.057057066000000004
-0.1015021568
-0.0955514736
-0.016579746700000002
-0.0423097917
-0.1015021568
-0.1015021568
-0.0282347813
-0.0285598357
-0.1003304049
-0.1015021568
-0.042966870100000006
-0.0174080643
-0.09237578020000001
-0.1015021568
-0.0586280937
-0.0101965853
-0.0816890844
-0.1015021568
-0.0739350535
-0.007558845800000001
-0.06864435270000001
-0.0873523442
-0.0105111006
-0.0542680039
-0.1015021568
-0.09723984710000001
-0.018626461700000003
-0.0395801043
-0.1015021568
-0.1015021568
-0.0310129534
-0.0261811209
-0.0990320144
-0.1015021568
-0.0457953056
-0.015748984900000002
-0.09056616470000001
-0.1015021568
-0.061580118600000004
-0.009282769100000001
-0.0792768284
-0.1015021568
-0.0767549101
-0.0077091157000000006
-0.0658650432
-0.08940158810000001
-0.011604880100000001
-0.0514364345
-0.1015021568
-0.09864048260000001
-0.0206014116
-0.0369292
-0.1015021568
-0.1015021568
-0.0334984144
-0.023881407
-0.0975680233
-0.1015021568
-0.0488263919
-0.0141463157
-0.08855567710000001
-0.1015021568
-0.06449908630000001
-0.0085741931
-0.0769037159
-0.07930381140000001
-0.0079846327
-0.06327093630000001
-0.1015021568
-0.0913647647
-0.0128939536
-0.048641153000000006
-0.1015021568
-0.10001882990000001
-0.022782642300000003
-0.0342443068
-0.1015021568
-0.1015021568
-0.0362927279
-0.021803425600000002
-0.0961239851
-0.1015021568
-0.0516874853
-0.0127781929
-0.0865858092
-0.1015021568
-0.06734320340000001
-0.008065581700000001
-0.0744897296
-0.1015021568
-0.0818397173
-0.0085222599
-0.060623686200000006
-0.1015021568
-0.09326964350000001
-0.014445742300000002
-0.045909941
-0.1015021568
-0.1013371249
-0.0252347194
-0.0317870872
-0.1015021568
-0.1015021568
-0.039204399300000005
-0.0198624404
-0.09456604960000001
-0.1015021568
-0.0547759982
-0.0115925139
-0.0845259052
-0.1015021568
-0.0703226106
-0.007761157800000001
-0.07200146140000001
-0.1015021568
-0.08418887180000001
-0.009102176600000001
-0.057921562600000004
-0.1015021568
-0.09507355990000001
-0.016206147100000002
-0.0431329789
-0.1015021568
-0.1015021568
-0.027754278200000003
-0.029270468700000003
-0.1005986982
-0.1015021568
-0.042055752200000004
-0.0179448687
-0.0928578684
-0.1015021568
-0.057536274400000004
-0.010382707500000001
-0.0822589581
-0.1015021568
-0.0729058638
-0.007561556200000001
-0.0694817937
-0.1015021568
-0.08645711360000001
-0.0100179772
-0.055184324800000004
-0.1015021568
-0.0966734219
-0.0179779017
-0.0403633252
-0.1015021568
-0.1015021568
-0.0302222184
-0.026883090300000002
-0.09936009380000001
-0.044831419600000005
-0.016198996
-0.0911043364
-0.1015021568
-0.0605868659
-0.0094835444
-0.0800241728
-0.1015021568
-0.0758225688
-0.007602321100000001
-0.06678567170000001
-0.1015021568
-0.0887794061
-0.0111914957
-0.052223612100000004
-0.1015021568
-0.0982882637
-0.0201056867
-0.0376345816
-0.1015021568
-0.1015021568
1.6940000000000002e-07
-0.0979883894
-0.1015021568
-0.0479309798
-0.014572961700000001
-0.08911233760000001
-0.1015021568
-0.0636836431
-0.0087122662
-0.07755666820000001
-0.1015021568
-0.0787088544
-0.0079318767
-0.0640474659
-0.1015021568
-0.0908871051
-0.012606106700000001
-0.04943072640000001
-0.1015021568
-0.09961880390000001
-0.0220568722
-0.0349393187
-0.1015021568
-1.51492e-05
-0.035594739400000006
-0.0223877951
-0.09652493070000001
-0.1015021568
-0.0510340732
-0.0131282459
-0.0870945053
-0.1015021568
-0.0666914006
-0.0081859041
-0.07514988140000001
-0.1015021568
-0.08131356090000001
-0.0084065839
-0.0613106032
-0.1015021568
-0.0928393433
-0.0140870499
-0.046619339800000006
-0.1015021568
-0.1010058632
-0.0245227312
-0.032355387900000004
-0.1015021568
-0.1015021568
-0.0384837717
-0.020318804000000003
-0.09493624910000001
-0.1015021568
-0.054136295400000006
-0.011817670700000001
-0.08496375580000001
-0.1015021568
-0.06983769100000001
-0.007897137600000001
-0.0724918623
-0.1015021568
-0.08385179000000001
-0.0091382467
-0.0584223332
-0.1015021568
-0.0945687479
-0.0156385845
-0.0437417541
-0.1015021568
-0.1015021568
-0.0269223911
-0.029789558700000003
-0.10086944780000001
-0.1015021568
-0.0416395606
-0.018338844700000002
-0.0931645066
-0.1015021568
-0.057405146700000007
-0.0107079676
-0.08263306590000001
-0.1015021568
-0.0726692604
-0.0076709039000000005
-0.0698840461
-0.1015021568
-0.0861907321
-0.010023398000000001
-0.055630911600000006
-0.1015021568
-0.0963764879
-0.0176723646
-0.0409277781
-0.1015021568
-0.1015021568
-0.029883200600000003
-0.027279873500000003
-0.099559042
-0.1015021568
-0.044747869100000004
-0.0165753907
-0.0913622842
-0.1015021568
-0.06028082060000001
-0.009728835600000001
-0.0804020316
-0.1015021568
-0.0754979137
-0.007697124600000001
-0.06720134300000001
-0.1015021568
-0.08864053440000001
-0.0113071596
-0.052751329400000005
-0.1015021568
-0.0980652486
-0.0197624339
-0.0381479241
-0.1015021568
-0.1015021568
-0.032628363900000006
-0.025051864200000003
-0.09831730370000001
-0.1015021568
-0.0477382026
-0.0149727699
-0.0895484579
-0.1015021568
-0.06333945860000001
-0.0089452517
-0.0780193601
-0.1015021568
-0.07820473210000001
-0.0078955646
-0.06453613650000001
-0.1015021568
-0.0906342514
-0.0124014594
-0.0499087006
-0.1015021568
-0.0996208367
-0.022157411100000003
-0.0354142558
-0.1015021568
-0.1015021568
-0.035415175400000005
-0.022681619400000002
-0.0967779054
-0.1015021568
-0.0504026952
-0.013255380600000002
-0.0874383631
-0.1015021568
-0.06642552730000001
-0.008363713600000001
-0.0754536519
-0.1015021568
-0.0810079149
-0.0083713124
-0.0616248281
-0.1015021568
-0.0926807607
-0.013906941400000001
-0.0469270186
-0.1015021568
-0.10105564260000001
-0.0246365438
-0.0326221566
-0.1015021568
-0.1015021568
-0.0382164101
-0.0205366887
-0.09517728110000001
-0.1015021568
-0.0536647342
-0.011968993300000001
-0.0853045402
-0.1015021568
-0.0695653442
-0.0079829992
-0.0728633444
-0.1015021568
-0.08360014630000001
-0.009035541900000001
-0.05877887180000001
-0.1015021568
-0.0946381414
-0.015761895600000003
-0.0439695124
-0.1015021568
-0.1015021568
-0.027001162100000003
-0.030073400500000003
-0.1010482132
-0.1015021568
-0.0411475867
-0.0185140285
-0.0934404592
-0.1015021568
-0.0569159679
-0.0106905678
-0.08290196420000001
-0.1015021568
-0.07261731510000001
-0.0077181786
-0.07003377150000001
-0.1015021568
-0.0860917662
-0.009878669900000001
-0.0557611681
-0.1015021568
-0.09642603740000001
-0.0176566951
-0.041043127400000004
-0.1015021568
-0.1015021568
-0.029648823600000002
-0.027453629500000003
-0.0997135227
-0.1015021568
-0.0443630044
-0.0165830016
-0.09149422260000001
-0.1015021568
-0.0600532438
-0.009668045200000001
-0.08049938820000001
-0.1015021568
-0.07543138790000001
-0.007728282100000001
-0.06736558840000001
-0.1015021568
-0.0883182267
-0.010877331300000001
-0.052843192600000005
-0.1015021568
-0.09795268230000001
-0.0195429036
-0.038148553300000006
-0.1015021568
-0.1015021568
-0.0323200801
-0.025031729800000003
-0.0983133228
-0.1015021568
-0.0474119261
-0.014891893500000001
-0.0895556574
-0.1015021568
-0.0632430942
-0.008934119700000001
-0.0781081499
-0.1015021568
-0.07816417290000001
-0.007851496400000001
-0.06448082740000001
-0.1015021568
-0.09042193270000001
-0.0121073689
-0.049938236700000006
-0.1015021568
-0.0994743057
-0.021790176100000003
-0.035412089900000006
-0.1015021568
-0.1015021568
-0.0354104201
-0.0227515211
-0.0968030492
-0.1015021568
-0.0506266178
-0.0133395482