voltage
0.1015021447
0.1015021447
-0.1015021568
0.1015021447
-0.015859712
0.1015021447
0.0437887989
0.0350570638
-0.05790245670000001
0.1015021447
0.08009351790000001
-0.1015021568
0.0255636579
0.022916976500000002
0.0235379606
-0.1015021568
-0.0340672354
-0.1015021568
0.1015021447
0.1015021447
-0.0101426072
0.1015021447
-0.045311946900000004
0.1015021447
-0.0341740421
0.1015021447
-0.1015021568
0.1015021447
-0.1015021568
0.0151630666
-0.1015021568
0.013716487400000001
0.015012712000000001
0.0135309581
0.1015021447
-0.09699013940000001
-0.0569459759
0.1015021447
0.1015021447
-0.1015021568
-0.0026292937000000002
-0.0814236467
0.0011687874
-0.1015021568
-0.0348649521
-0.013183482400000002
0.0136649777
0.0108691275
0.0791986382
-0.0207386377
-0.1015021568
0.1015021447
0.1015021447
0.052957053600000005
0.1015021447
-0.0918963056
-0.0220643379
-0.0973457342
0.013572787800000001
-0.1015021568
0.061720055100000004
-0.1015021568
-0.0960136089
-0.1015021568
-0.1015021568
-0.0516990166
-0.0597601092
0.1015021447
-0.1015021568
-0.07807274530000001
0.0096697876
-0.0286387035
0.1015021447
-0.1015021568
-0.1015021568
0.1015021447
0.1015021447
0.1015021447
-0.0909276522
-0.0679053815
0.1015021447
0.0154985512
-0.07278998210000001
0.1015021447
-0.0663906551
0.0921282142
0.011791619400000002
0.014474709700000001
0.0095862129
0.0151381406
-0.1015021568
0.1015021447
-0.1015021568
-0.040382261700000005
0.07157885680000001
0.1015021447
0.1015021447
0.0070824325
0.1015021447
-0.1015021568
-0.1015021568
0.0059433143
-0.048407151100000004
-0.05917432400000001
-0.1015021568
0.0287040193
-0.0494058125
0.1015021447
-0.1015021568