192 0 0 172 32 126
192 0 0 206 117 237
192 0 0 228 203 177
192 0 0 235 75 175
192 0 0 226 173 5
192 0 0 207 80 240
192 0 0 173 185 104
192 0 0 134 20 15
192 0 0 128 0 0
192 0 0 128 0 0
192 0 0 128 0 0
192 0 0 128 0 0
192 0 0 128 0 0
192 0 0 128 0 0
192 0 0 128 0 0
192 0 0 128 0 0
192 0 0 140 160 95
192 0 0 178 231 240
192 0 0 211 132 33
192 0 0 231 141 83
192 0 0 234 252 68
192 0 0 224 95 71
192 0 0 202 192 36
192 0 0 166 180 157
192 0 0 128 165 214
192 0 0 128 0 0
192 0 0 128 0 0
192 0 0 128 0 0
192 0 0 128 0 0
192 0 0 128 0 0
192 0 0 128 0 0
192 0 0 128 0 0
192 0 0 128 0 0
192 0 0 147 123 75
192 0 0 185 149 159
192 0 0 216 59 108
192 0 0 233 147 255
192 0 0 233 244 210
192 0 0 221 122 54
192 0 0 197 116 177
192 0 0 159 86 135
192 0 0 128 0 0
192 0 0 128 0 0
192 0 0 128 0 0
192 0 0 128 0 0
192 0 0 128 0 0
192 0 0 128 0 0
192 0 0 128 0 0
192 0 0 128 0 0
192 0 0 128 0 0
192 0 0 154 137 214
192 0 0 192 18 192
192 0 0 220 157 72
192 0 0 235 28 159