-0.0231774411
-0.00041780090000000005
-0.0009265454000000001
-0.022781843700000002
-0.023103062400000002
-0.0015403421000000001
-2.36676e-05
-0.0031414262
-0.0233614579
-0.022950929100000003
-0.0005022589
-1.3164800000000001e-05
-0.016133910100000003
-0.022949319800000003
-2.33651e-05
-0.019721487500000003
-0.022306761400000003
-0.0002755049
-0.0035272589000000004
-0.0226704632
-0.0227514969
-0.0081538875
-2.32199e-05
-0.0070992273
-0.022918355900000003
-0.0230831095
-0.006247810800000001
-4.87751e-05
-0.0200139203
-0.0200995399
-4.5411300000000003e-05
-0.00036731970000000003
-0.0218299609
-0.0228923288
-2.04248e-05
-0.021027573600000002
-0.0223574604
-2.3558700000000002e-05
-0.012649473100000001
-0.022565035900000002
-0.0164873148
-1.694e-05
-0.0107079071
-0.022129871500000002
-0.0019359274000000002
-2.2675400000000003e-05
5.5055e-06
-0.0223182443
-1.67222e-05
-0.021696873000000002
-0.012890323600000001
-2.45267e-05
-0.0221204093
-0.0217628906
-0.0004990887
-0.0021379974
-0.021667240100000002
-0.0100909039
-2.23608e-05
-0.0191841991
-0.022127790300000002
-0.0001637009
-0.0178897774
-0.021620993900000003
-2.23124e-05
-0.0202991536
-0.0219677073
-0.0053112345
-6.0669400000000006e-05
-0.0193159439
-0.0214899872
-0.0050183298000000005
-2.2034100000000003e-05
-0.0209276639
-0.0218267181
-1.7036800000000003e-05
-0.020213884900000003
-0.016923737600000002
-2.1985700000000002e-05
-0.0212126794
-0.0216318234
-0.0018983569000000002
-0.0005713862000000001
-0.0206436527
-0.0211275317
-2.1901000000000003e-05
-0.0019110256000000002
-0.0212547995
-0.021288643200000002
-1.58631e-05
-0.020811637
-0.0119017778
-2.5760900000000003e-05
-0.0213427181
-0.0097939336
-1.58026e-05
-0.0156641518
-0.020882022700000002
-0.009193083900000001
-2.1622700000000002e-05
-0.0052084329000000006
-0.021061949700000002
-0.0072800981
-0.0039121599
-0.020671325400000003
-0.0065637539
-0.007535964700000001
-0.021100657600000003
-0.0048493291
-7.54798e-05
-0.0187912395
-0.0206320125
-0.0042122520000000005
-0.0004922643000000001
-0.020202619800000002
-0.0209643511
-0.0029294826000000004
-0.0084988222
-0.020501622900000002
-2.1332300000000002e-05
-0.0125952409
-0.020781713700000003
-0.0110358776
-0.0203242974
-0.013411470600000001
-2.11387e-05
-0.0149704346
-0.0206504045
-0.011621529700000001
-0.0014042534000000002
-0.020222633200000003
-0.000618673
-2.8543900000000003e-05
-0.0205428476
-0.0003034075
-0.0025483931
-0.0155218921
-0.0200755456
-0.00022798820000000003
-7.69802e-05
-0.018311801200000002
-0.020461245200000002
-9.19237e-05
-0.017222607600000002
-0.0200199824
-6.45656e-05
-0.0191590674
-0.0174279204
-2.44299e-05
-0.0063588888
-0.019830460100000002
-0.0168053028
-2.4042700000000003e-05
-4.95616e-05
-0.0201464516
-0.0155930522
-1.48346e-05
-0.019038019
-0.014821604600000001
-2.07152e-05
-0.019811886600000002
-0.013336184400000001
-0.0007875164000000001
-0.0193484082
-0.019652505400000003
-0.012493758200000002
-2.0824100000000003e-05
-0.0149151981
-0.019977535600000002
-0.010622698900000001
-0.0015732662
-0.019568446700000002
-0.009894375700000001
-3.37711e-05
-0.0198948442
-0.0002205467
-0.0028364941
-0.0193932871
-0.018494390200000002
-0.00016414860000000002
-9.728400000000001e-05
-0.019680166000000002
-0.018057362400000002
-6.72397e-05
-0.0045435137000000006
-0.019398018200000002
-4.67665e-05
-0.0081754618
-0.0166260171
-0.00012888920000000002
-0.0180198524
-0.0193060461
-0.0031849136000000004
-1.936e-05
-0.0105790421
-0.0195487721
-0.014372864
-1.4350600000000001e-05
-0.0185946024
-0.013929628900000001
-2.01586e-05
-0.0129509446
-0.0194329872
-0.0009026116000000001
-0.0188557204
-0.018981342600000003
-0.000887656
-2.09572e-05
-0.014924466700000001
-0.019078650800000003
-0.0005137781
-0.0017889487
-0.019039942900000002
-0.0090210098
-4.07528e-05
-0.019226670100000003
-0.0001812701
-0.015539860600000002
-0.0189622609
-0.0065801494000000006
-0.0001161116
-0.00012385560000000001
-0.019151105600000003
-0.0173555503
-4.9392200000000005e-05
-0.0049156855
-0.018902583700000003
-0.0044039886
-0.0003396712
0.045944559100000004
-1.6214e-05
-0.017751522800000002
-0.018822384900000003
-0.0026572326
-1.98077e-05
-0.0108313029
-0.019033856600000003
-0.0018750644000000002
-0.00047000030000000003
-0.0182387777
-0.0187078826
-1.96625e-05
-0.013029957600000001
-0.0189119249
-1.3806100000000002e-05
-0.0184299819
-0.018263449600000002
-0.000694177
-2.19252e-05
-0.0149003151
-0.018521131200000002
-0.0004151752
-0.0020148436000000003
-0.0184712671
-0.0081606877
-1.9602e-05
-0.016455189300000003
-0.0178110427
-0.0034626207000000003
-0.0184989761
-0.005778730100000001
-1.94568e-05
-0.006506992800000001
-0.018699666700000003
-0.0166718761
-6.43841e-05
-0.016716706600000002
-0.0159488164
-2.60029e-05
-0.0088395824
-0.01877194
-1.39392e-05
-0.0174670639
-0.0143216447
-1.93842e-05
-0.0009446349000000001
-0.0183148141
-0.0186538561
-1.3515700000000002e-05
-0.009730251300000001
-0.018248699700000003
-0.0121995346
-1.93842e-05
-0.018405431
-0.010661358400000001
-1.3418900000000001e-05
-0.0182070031
-0.0099286066
-1.92874e-05
-0.0030995481
-0.018389701
-0.017957489
-1.34673e-05
-0.013927596100000002
-0.0181516093
-0.0075639762
-6.33193e-05
-0.0183375258
-0.0058720332000000005
-2.4708200000000002e-05
-0.0180944731
-6.0742e-05
-0.00019565700000000001
-0.0172466624
-0.0184398797
-0.0038757389000000004
-8.829370000000001e-05
-0.0179689477
0.0234675628
-2.20946e-05
-0.0005098577000000001
-0.018264998400000003
-0.0023203444000000004
-0.0078376177
-0.013535531900000002
-1.91543e-05
-0.0010911054000000001
-0.017978301000000002
-0.0182478769
-0.0012758482
-0.0100442342
-0.0178954765
-0.0114500243
-1.90091e-05
-0.013480452700000001
-0.017974356400000002
-1.30801e-05
-0.0178480445
-0.0004609616
-2.82293e-05
-0.015084235100000001
-0.0181543318
-0.0075763545
-0.0024999084
-0.0177176065
-0.016941089
-0.0001593207
-0.0051681036000000005
-0.0181352985
-6.56788e-05
-0.0040672335000000006
-0.0160315441
1.815e-07
-0.0002346674
-0.0170598263
-0.0180951144
-0.0034813394
-0.0060734256000000006
-0.017640638400000002
-0.014637781400000001
-1.9916600000000002e-05
-0.0095209213
-0.0180344329
-1.29349e-05
-0.017047956200000002
-0.0127974803
-0.011645838600000001
-0.017896650200000003
-0.011555124900000002
-0.0007965914000000001
-0.017318851
-0.0174657571
-0.0008187949000000001
-1.93721e-05
-0.017736785
-0.0092676683
-0.001603613
-0.0175348239
-1.8694500000000002e-05
-0.0036784605000000003
-0.0177305656
-0.017016459900000003
-0.00017704720000000001
-0.0028085431
-0.0174117306
0.0007691486000000001
-0.00011002530000000001
-0.005625483600000001
-0.017817479900000002
-0.0048006387
-0.0155742246
-0.0253755392
-1.85735e-05
-0.007682060100000001
-0.0176600347
-0.0147431603
-1.4979800000000002e-05
-0.0065340121
-0.0174210597
-0.0024688961
-1.85009e-05
-0.0172849831
-0.0130571221
-1.26203e-05
1.6940000000000002e-07
-0.0013472866
-0.0014366814000000001
-0.0174473409
-0.0175701196
-0.0008790529
-0.0009623009000000001
-0.017100917900000002
-0.0171243919
-1.84162e-05
-0.0025780018
-0.017475304
-0.0083672226
-0.0018375907
-0.017264570400000002
-0.000263538
-0.0041470814000000005
-0.017453548200000002
-0.016509651400000002
-0.00012183490000000001
-0.0031019076000000003
-0.0172283672
-0.0055094809000000005
-1.84162e-05
-0.006053678400000001
-0.017556603900000002
-0.0041807436
-0.0048429887
-0.0172034896
-2.53616e-05
-0.016817318100000003
-0.0175287981
-0.0026376306000000004
-0.0001936242
-0.0162968245
-0.0171665241
-0.0021856472000000003
2.46719e-05
-0.017113937500000002
-0.0174505958
-1.24025e-05
-0.0166984477
-0.0113470896
-1.83073e-05
-0.0172138714
-0.0172300854
-0.0006972262000000001
-0.0011266673000000001
-0.0168861429
-0.0168227994
-0.0005335616
-0.0028887298000000003
-0.0172462752
-0.0168244692
-1.25477e-05
-0.016925988200000002
-0.007037965
-6.0935600000000007e-05
-0.0172173199
-0.0055626241
-2.2034100000000003e-05
-0.014481606700000002
-0.0170019883
-0.004968695600000001
-1.82226e-05
-0.0064306902
-0.017322771400000003
-0.0036950375
-0.0052489437000000005
-0.0168949033
-2.09451e-05
-0.0085533811
-0.0172807118
-0.0022647812
-0.000255068
-0.0162257612
-0.016946316200000002
-0.0018755726
3.751e-07
-0.0169355593
-0.0171884251
-0.0011927696
-0.009454601200000001
-0.0168154789
-1.8041100000000002e-05
-0.0125933533
-0.0169354625
-1.21847e-05
-0.0012959584000000002
-0.016702017200000002
-0.016537251500000003
-1.81016e-05
-0.0031298707
-0.0170234174
-0.0164957001
-1.2813900000000001e-05
-0.013199769
-0.0159959096
-1.81016e-05
-0.0153455467
-0.0050777045
-2.8350300000000002e-05
-0.0145962784
-0.0168039839
-0.0044511786
-1.7980600000000002e-05
-0.0068316721
-0.0171326199
-0.0032655359000000003
-0.00010039370000000001
-0.0166925066
-0.013855274400000001
-0.0005586570000000001
-0.016992393
-0.0018958401000000002
-0.0003135836
-0.016111476700000002
-0.0167162831
-0.0015877136000000001
-0.0011509762
-0.0167721246
-0.016957448200000003
-0.0010124796000000001
-0.009755383000000001
-0.016663273000000003
-0.0008044806000000001
-0.0020967122
-0.0169657488
-1.2027400000000001e-05
-0.011805135100000001
-0.016646478200000002
-0.007888667600000001
-0.00032133970000000004
-0.0034707519
-0.016837561400000003
-0.016138108800000002
-0.0001601556
-0.0134564342
-0.0166354672
-0.00010235390000000001
-0.005232645
-0.0169481675
-4.18902e-05
-0.0146992252
-0.016613421
-0.0038596701000000004
-0.0507510784
-0.0072603388
-0.016810288
-0.013899161100000001
-1.3915000000000001e-05
-0.015533604900000001
-0.0165831952
-1.79927e-05
-0.0093950208
-0.016874248600000002
-0.0003923667
-0.016035803300000002
-0.0165180488
-0.0012559437
-1.78112e-05
-0.011427385200000001
-0.016788495900000002
-0.0007957081
-0.0008906931
-0.0162896613
-0.009348218
-2.47808e-05
-0.0167897543
-0.00031551960000000004
-0.0121836231
-0.016469213200000003
-0.007100388900000001
-1.77023e-05
-0.0038990919000000002
-0.0166589654
-0.005613069
-1.6831100000000002e-05
-0.013730838
-0.0151971281
-1.77386e-05
-0.0166613249
-0.013480755200000001
-0.0046423949
-0.0164237172
-2.1840500000000002e-05
-0.0078984807
-0.0166484626
-0.0131822845
-1.21847e-05
-0.015560055500000001
-0.0164066562
-1.77265e-05
-0.0163643667
-0.011330077000000001
-0.0004972495
-0.0163398521
-0.0010065022000000001
-1.76297e-05
-0.0164902551
-0.0164740653
-0.0006072627
-0.010673047000000001
-0.0163300995
-0.00045936440000000006
-0.0027485513000000002
-0.016644155
-0.0002424356
-0.0124517349
-0.0163176486
-0.006435748000000001
-1.7617600000000002e-05
-0.0042474751
-0.0165151327
-0.015338274600000002
-7.086970000000001e-05
-0.0139065421
-0.0163069885
-4.43102e-05
-0.0061544956000000005
-0.016633700600000002
-1.94568e-05
-0.014919493600000002
-0.016305560700000003
-0.0028140123000000004
-1.76297e-05
-0.0081383027
-0.016514092100000002
-0.0020359702000000003
-0.00024213310000000001
-0.0155571999
-0.011952416300000001
-1.75692e-05
-0.0162740886
-0.0165092763
-0.0006143654
-0.015919861100000002
-0.0161393914
-1.7545000000000002e-05
-0.0018187026000000002
-0.0163627332
-0.0162527321
-1.16402e-05
-0.0111261194
-0.0161943859
-0.00025291420000000004
-0.0031892212000000004
-0.0165081631
-8.10337e-05
-0.012986470200000001
-0.0161534032
-0.0041748872000000005
-1.74966e-05
-0.0047796694
-0.0163504517
-0.0143580657
-3.11212e-05
-0.014209344600000002
-0.016130050200000003
-1.8198400000000002e-05
-0.00022855690000000002
-0.0163641731
-1.19064e-05
-0.015064790400000002
-0.016095976600000002
-0.0014826009
-1.75087e-05
-0.008765288400000001
-0.0163499314
-0.011083999300000001
-1.15797e-05
-0.0078027455
-0.0159631307
-1.74482e-05
-0.0011959761
-0.016361656300000003
-1.1519200000000001e-05
-0.0158229522
-0.0156323893
-0.0002894562
-1.8319400000000003e-05
-0.0126041586
-0.0163729819
-0.0068896674000000005
-0.0015816636
-0.0159190625
-0.015066557000000001
-1.74482e-05
-0.0139738302
-0.015114932800000001
-1.4169100000000001e-05
-0.0159423187
-0.014160775200000001
-2.78058e-05
-0.00010139800000000001
-0.014967373300000001
-0.0163715662
-1.67464e-05
-0.004355165100000001
-0.015929323300000003
-0.1015021447
-1.70852e-05
-0.0155771286
-0.0124497384
-0.0062319719
-0.0159770457
-0.0012761991
-1.7327200000000002e-05
-0.0006908616000000001
-0.015923249100000002
-0.0105527851
-1.1482900000000001e-05
-0.008204211400000001
-0.0159299162
-0.0006108201
-0.0013823766
-0.016083731400000002
-0.008479934100000001
-0.0507510784
-0.015452486500000001
-0.0002409473
-1.95052e-05
-0.012846630500000001
-0.0161339464
-0.006420973900000001
-1.14708e-05
-0.011958442100000001
-0.015936910000000002
-7.19587e-05
-0.0038459366
-0.0161411943
-0.004409748200000001
-0.0134276241
-0.0138131785
-2.28569e-05
-0.00013089780000000002
-0.0150311282
-0.0161375038
-0.0028204374
-5.7511300000000006e-05
-0.0144731488
-0.015924471200000002
-1.7303e-05
-0.0076131022
-0.0161502209
-0.0016062266
-0.0151242861
-0.010617616900000001
-1.7254600000000002e-05
-0.0007929856
-0.015856904800000002
-0.016129251600000002
-0.0008448704000000001
-0.0005207961
-0.015503500100000001
-0.0085435922
-1.73756e-05
-0.0114480399
-0.016161607
-1.1386100000000001e-05
-0.015682253400000002
-0.0065712559000000005
-1.73151e-05
-0.0026792667000000003
-0.0160302857
-0.015316893900000001
-0.00011848320000000001
-0.0020566733000000003
-0.0158319425
-0.0046062522
-1.73151e-05
-0.0160415387
-0.014443891
-2.1755800000000003e-05
-0.0158288086
-1.93479e-05
-0.000170005
-0.0060641086000000005
-0.0160330929
-0.0131319485
-7.914610000000001e-05
-0.0145667907
-0.0158128366
-0.0017086894000000001
-0.00042623460000000004
-0.015571925600000001
-0.011530695
-0.0002503248
-0.015755119600000003
-1.7254600000000002e-05
-0.0009296067
-0.015831966700000002
-0.016003617300000002
-0.0095575117
-0.0006319709
-0.0154760815
-0.0154853743
-0.0003944479
-0.0017361927000000001
-0.0159301219
-0.007864479700000001
-0.0012461306
-0.0157620529
-1.71457e-05
-0.0029403484000000003
-0.0159656959
-0.015126694000000001
-0.0001004179
-0.0021548769000000003
-0.0156803295
-0.014808911700000002
-9.39565e-05
-0.0044414018000000005
-0.0160943552
3.0855000000000004e-06
-0.0136953608
-0.0139225262
-1.71336e-05
-0.0062474962
-0.0159869314
-0.0135588002
-1.62019e-05
-0.0052853647000000005
-0.015712576000000002
-0.012685918300000001
-1.71699e-05
-0.0082348244
-0.0160794601
-1.1277200000000001e-05
-0.0151680639
-0.011079655400000001
-1.71699e-05
-0.0015859712
-0.0159926789
-0.0101819564
-1.12167e-05
-0.0091676376
-0.015573413900000001
-0.0006531822
-1.74966e-05
-0.0158295588
0.0015223857
-1.1240900000000001e-05
-0.015525836700000002
-0.007174126300000001
-0.0031183999000000003
-0.0158166481
-0.0159299041
-0.0061485545
-1.24993e-05
-0.015541917600000002
-0.0146250401
-8.572850000000001e-05
-8.07191e-05
-0.0158174467
-0.0042980047
-3.14479e-05
-0.0155737406
-2.6015e-05
-0.006630703200000001
-0.0158382466
-0.013182417600000001
-0.0027364634000000003
-0.00011527670000000001
-0.0155791372
-0.0124051257
-1.72304e-05
-0.0005692324000000001
-0.0158811774
-0.0015848459000000002
-0.00032176320000000004
-0.015600638900000002
-1.7048900000000002e-05
-0.0105277744
-0.0158952134
-0.0097011992
0.0007929372
-0.0007791553
-0.015612218600000002
-0.0005772184
-1.79927e-05
-0.012215361400000001
-0.0159141862
-0.0003423211
-0.0112573197
-0.015112670100000001
-1.71336e-05
-0.013566689400000002
-0.0159337035
-0.0057406514
-1.36125e-05
-0.015548282200000001
-0.014497421400000002
-7.013160000000001e-05
-0.00010013960000000001
-0.0145598332
-0.014175924400000001
-4.05592e-05
-0.0155584341
-0.0032725902
-0.0002827528
-0.0158379804
3.509e-07
0.0507480171
-0.0001416426
-0.014695498400000001
-0.0121531311
-1.70247e-05
-0.0006561709000000001
-0.015530628300000002
-0.011197509400000001
-0.00038394510000000005
-0.015578798400000001
-0.0104237749
-0.0012892066000000002
-0.0158672261
-0.009418869900000001
-0.000723943
-0.0008760763
-0.015388719500000002
-0.008554216
-1.7048900000000002e-05
-0.0022854601
-0.0157638195
-0.007413307000000001
-0.0115811157
-0.015009977400000001
-0.0001901394
-0.0137581235
-0.014871734900000001
-9.46704e-05
-0.0028736048000000004
-0.0155074931
-0.014328275500000001
-5.57326e-05
-0.0001239403
0.046807349600000006
-0.013934928700000002
-5.2078400000000006e-05
-0.015509513800000001
-0.0029674161
-0.0003266637
-0.0158021886
-0.0126822157
-1.1664400000000001e-05
-0.006231742
-0.0155195447
-0.0118247855
-1.70005e-05
-0.0007476348
-0.0158097874
-0.010975958400000001
-0.0004649909
-0.1015021447
-0.0100314687
-0.0014668951
-0.0158211251
-0.0090488519
-1.10836e-05
-0.0101431517
-0.015377127700000002
-0.0080795451
-1.70126e-05
-0.0025290089
-0.0157161939
-0.007018883300000001
-0.00188155
-0.0155376342
-0.0001506934
-0.0039797747
-0.0158356209
-0.0050673832
-1.8960700000000003e-05
-0.0132125829
-0.015539993700000001
-0.0042241100000000005
-1.69158e-05
-0.0147170848
-0.015845071000000002
-0.0033841159000000003
-0.0047365692000000004
-0.015538493300000001
-1.8404100000000002e-05
-0.0003903097
-0.015749069600000002
-1.11925e-05
-0.006635119700000001
-0.0154637516
-0.0114236826
-1.70005e-05
-0.0008799604000000001
-0.015521178200000001
-0.0104046569
-1.10715e-05
-0.0151742591
-0.0095664657
-1.7048900000000002e-05
-0.008426561
-1.1059400000000001e-05
-0.010455368000000001
-0.0154849024
-0.007370799700000001
-2.3558700000000002e-05
-0.012973051300000002
-0.0157874145
-0.0062357834
-0.0021342827
-0.015471060000000002
-8.45548e-05
-0.0156658821
-0.0043587709
-2.4708200000000002e-05
-0.013407610700000001
-0.015476263
-0.0035549074
-1.694e-05
-0.014800236000000001
-0.015790415300000003
-0.0029196937000000004
-0.0051182274000000005
-0.015483172100000001
-1.7194100000000002e-05
-0.0081075687
-0.015775701700000002
-0.0016467737
-0.0002744401
-0.014875147100000001
-0.015425467200000001
-0.0011316646
-0.0009880376
-0.0155050731
-0.0156456025
-0.0007638367000000001
-0.0090095027
-0.015196438400000001
-1.6964200000000003e-05
-0.0118476182
-0.015299554600000001
-0.0002827528
-0.0013683285
-0.015279396
-0.014714894700000002
-0.0001441836
-2.9173100000000004e-05
-0.015605636200000002
-0.014663518100000002
-8.667230000000001e-05
-0.0124456002
-0.015407329300000001
-1.69279e-05
-0.0142538
-0.013719572900000001
-2.2977900000000002e-05
-0.0039016934
-0.015318950900000001
-0.0127092229
-1.77144e-05
-0.0002478927
-0.015618317000000001
-0.012300242900000001
-1.13982e-05
-0.014454490600000001
-0.015385585600000001
-1.68553e-05
-0.015290152900000001
-0.0105246889
-1.0914200000000001e-05
-0.007654919800000001
-0.0153314139
-0.0091897201
-1.694e-05
-0.0012204544
-0.0154661958
-0.015483474600000002
-1.09747e-05
-0.009562025
-0.015340488900000001
-0.0073104691000000005
-1.82226e-05
-0.015541603000000001
-0.0064866527000000005
-0.0016250542000000002
-0.0153534359
-0.0053664589
-1.68432e-05
-0.0035200836000000004
-0.015560551600000002
-0.0145507219
-7.73795e-05
-0.0026680984000000004
-0.015299469900000001
-0.0046561405
-1.6891600000000003e-05
-0.0143956241
-0.013867350200000001
-4.19991e-05
-0.015318503200000002
-0.0029360166000000003
-1.6903700000000002e-05
-0.006912354900000001
-0.015610621400000002
-0.0124747612
-1.1482900000000001e-05
-0.0058855247
-0.0153178014
-0.0015570401
-1.68795e-05
-0.015292984300000001
-0.011031315900000001
-0.00041362640000000003
-0.015342303900000001
-0.0010086681000000001
-1.6819000000000003e-05
-0.010701651400000001
-0.0154736131
-0.015543526900000002
-1.0950500000000001e-05
-0.0097439606
-0.0153560737
-0.0082059175
-1.8960700000000003e-05
-0.015538215000000001
-0.0071030872
-1.0986800000000001e-05
-0.015364204900000001
-0.0001738528
-1.6831100000000002e-05
-0.0037290264000000004
-0.015546152600000002
-0.014618518200000001
-1.59357e-05
-0.0128815148
-0.015367036300000001
-0.004434408
-0.0001278002
-0.014489399100000001
-0.0035193939000000003
-5.4643600000000007e-05
-0.015369613600000002
-0.0028542932
-1.6891600000000003e-05
-0.0072726687
-0.015573897900000001
-0.0123510266
-0.00018636420000000002
-0.014596121100000001
-0.015357053800000001
-0.0016908177
-0.0007541567000000001
-0.015323488400000002
-1.09747e-05
-0.014984156
-0.009806287700000001
9.91111e-05
-0.0014482127000000002
-0.015451203900000002
-0.015466982300000001
-0.0005977521
-0.0100768074
-0.015322278400000002
-0.0078349436
-1.68069e-05
-0.012612979500000001
-0.015099335900000002
-1.1095700000000001e-05
-0.015253453600000001
-0.0058842663000000005
-1.67706e-05
-0.0040079072
-0.015525885100000001
-0.0144197273
-6.772370000000001e-05
-0.0130748244
-0.0153357457
-0.0040763569000000005
-1.6819000000000003e-05
-0.014571437100000001
-0.0134096677
-7.129320000000001e-05
-0.015270974400000002
-0.0025693019000000003
-1.67706e-05
-0.0076477082000000005
-0.015554816200000002
-0.012084862900000002
-1.09989e-05
-0.014667136
-0.0153230649
-0.0015064984000000001
0.0001973752
-0.015331837400000001
-0.0102772802
-0.0005698737000000001
-0.015224195800000001
-1.6831100000000002e-05
-0.0016615115
-0.0154464486
-0.0153777206
-0.0004846776
-0.0011696949
-0.015304164700000001
-0.014960040700000002
-1.6831100000000002e-05
-0.0028089424
-0.0155994531
-0.0021360735000000002
-0.0153035597
-0.00010798040000000001
-6.475920000000001e-05
-0.0139334767
-0.015615219400000001
-0.0044682033
-2.5131700000000002e-05
-0.013301021800000002
-0.0153147643
-0.0037468981000000003
-0.00020111410000000002
-0.0155091871
-0.013117864100000001
-0.0051532327000000005
-0.015316059000000002
-1.7121500000000002e-05
-0.0004975157
-0.015129428600000001
-0.015611662000000002
0.0007864516000000001
-0.0002775256
-0.014723146900000001
-0.015286135700000002
-0.0013043921000000002
-0.0010251241000000001
-0.0153486564
-0.009819016900000001
-0.0006749985000000001
-0.0152521952
-0.0005043038000000001
-0.0019033421000000002
-0.015422381700000001
-0.015553497300000002
-0.007181132200000001
-0.0014003088000000001
-0.015127432100000001
-0.014558550600000001
-0.00014363910000000002
-2.9040000000000003e-05
-0.015442128900000001
-0.0050736873
-0.0024831257000000003
-0.0152510457
-3.6929200000000006e-05
-8.580110000000001e-05
-0.014126314400000001
-0.015578979900000001
-0.0033974622
-3.44608e-05
-0.015174392200000001
-0.0125284126
-1.7399800000000002e-05
-0.0002556246
-0.0154682649
-0.0019999727000000003
-0.0056782517
-0.015231649400000002
-1.67706e-05
-0.0005967236000000001
-0.0151422546
-0.015522606000000001
-0.0010929446
-0.0003734302
-0.014767650700000001
0.0969236499
-0.0253755392
-0.0012338007
-0.0155120427
-0.008474852100000001
-0.0008531347000000001
-0.015206142600000002
2.4768700000000002e-05
-0.0021662509
-0.015392083300000001
-0.0149681719
-0.006567650100000001
-0.0015949978000000002
-0.015105422200000001
-0.014557437400000001
-0.0001518066
-3.44124e-05
-0.015429060900000001
-0.0055491689
-0.0026507954
-0.0152535141
-6.15769e-05
-2.47808e-05
-0.014255820700000001
-0.013811169900000001
-3.01532e-05
-0.004126668700000001
-0.015165849600000001
-0.0030600295000000003
-1.6819000000000003e-05
-0.006895366500000001
-0.015583106000000001
-1.1567600000000001e-05
-0.014408764700000002
-0.0117352576
-1.67464e-05
-0.008829975
-0.015482409800000001
-0.010919681300000001
-1.08295e-05
-0.007800131900000001
-0.015220239100000001
-0.0010086197000000001
-1.67464e-05
-0.0106709416
-0.0154044495
-1.0841600000000001e-05
-0.0150538278
-0.0081619824
-1.9033300000000003e-05
-0.012270416400000001
-0.015521299200000001
-0.0071575856
-1.0914200000000001e-05
-0.0113992043
-0.015237953500000002
-0.0001771924
-0.0507510784
-0.0135228511
-0.0145250941
-0.0029125910000000004
-0.0152371428
-4.7807100000000005e-05
-0.0053659991
-0.0154383537
-0.0136186589
-2.40306e-05
-0.0044591767
-0.0152592495
-1.9045400000000002e-05
-0.00034745150000000004
-0.0149107816
-0.012230450100000002
-1.0986800000000001e-05
-0.0151830316
-0.0114140752
-0.0007878068
-0.015203045000000002
-0.015504819000000001
-0.0011774510000000001
-0.0004885254
-0.0148685889
-0.0151585654
-1.6685900000000002e-05
0.0003935283
-0.015339085300000001
-0.0087457227
-1.0841600000000001e-05
-0.0152093733
-0.00038226320000000005
-0.0025797442
-0.0153950357
-0.0150260462
-0.00024740870000000004
-0.0019297322
-0.015138636700000001
-0.014499938200000001
-1.66738e-05
-0.0039981546000000005
-0.015415061200000002
-0.0049332789
-0.0032043099
-0.0152362111
-3.86232e-05
-0.0057416799
-0.015420494100000001
-0.013434738900000001
-2.00134e-05
-0.0048296424000000004
-0.015163841
-0.0025908036000000002
-1.6685900000000002e-05
-0.007674122500000001
-0.015537368000000001
-0.0019853196
-0.006684850700000001
-0.015217202
-1.67101e-05
-0.0096141881
-0.015451482200000002
-0.0103478474
-1.07811e-05
-0.0085633636
-0.015190666700000001
-0.0094092867
-1.67706e-05
-0.011360109200000001
-0.015482990600000001
-0.0005141411
-0.0011917169
-0.015205271400000001
-1.67222e-05
-0.0021520455
-0.015133094900000001
-0.014410555500000002
-0.00011816860000000001
-7.00832e-05
-0.0153923374
-0.0141993137
-2.77332e-05
-0.0132742203
-0.0152283824
-3.34928e-05
-0.000201344
-0.0061952242
-0.0146227895
-0.0155311244
-0.013206327200000001
-0.0030458846
-9.9825e-05
-0.0052296805
-0.0141477556
-0.0151567504
-0.012439901100000001
-0.0024078637000000003
-1.6698000000000002e-05
-0.0080556597
-0.015428153400000002
-0.0017841571000000002
-0.00028824620000000005
-0.0031719424
-0.015192191300000001
-0.0108618796
-0.0013501301
-1.66738e-05
-1.66375e-05
-0.0010468073000000002
-0.009990244
-0.0152445722
-0.0154382448
-0.0099146916
-0.0009252749000000001
-1.0841600000000001e-05
-0.0006859974000000001
-0.008942008900000001
-0.014950167100000002
-0.0150990697
-0.0091092914
-0.0006923378000000001
-1.72062e-05
-0.0116655374
-0.0154690151
-0.0080370862
-0.0013704097000000002
-0.0150841141
-0.0151942362
-0.014811731000000002
-0.0071838789
-0.00029191250000000003
-1.6685900000000002e-05
-3.0939700000000005e-05
-0.0130727311
-0.0153803584
-0.015493420800000001
-0.014776241700000001
-0.0060560137000000005
-0.00015685230000000002
-1.27171e-05
-0.0023952676
-0.0122732115
-0.0152149151
-0.0142965977
-0.0053005381
-1.66496e-05
-0.0047508109
-0.015401194600000001
-0.014059038400000001
-3.50174e-05
-0.013460209400000001
-0.015213959200000002
-0.0035368179
-2.7128200000000002e-05
4.7952300000000005e-05
-0.014718367400000001
-0.0155171247
-0.0027462644
-0.0001269048
-0.0142582044
-0.015216500200000002
-0.0021823560000000003
-0.0005886166
-0.015092838200000002
-0.015515152400000001
-1.07932e-05
-0.0147382598
-0.010586640900000001
-1.6625400000000002e-05
-0.0152728862
-0.015408660300000002
-0.0008239374000000001
-0.0008148987
-0.014976508800000001
-0.015033427200000001
-0.0005910124
-1.82347e-05
-0.012043347800000001
-0.015145703100000001
-1.07569e-05
-0.015092451000000002
-0.014713067600000001
-3.7147e-05
-0.015373279900000002
-0.014636099500000001
-0.005654559900000001
-1.4592600000000002e-05
-0.012561215700000001
-0.014109108200000001
-7.00832e-05
-0.00011469590000000001
-0.014255494
-0.013809463800000001
-4.71779e-05
-0.015129440700000002
-0.013141217100000002
-0.00029976540000000004
-0.0147981306
-0.015508412700000002
-0.0024351976000000003
-0.0001629144
-0.0143898766
-0.015205537600000001
-1.6685900000000002e-05
-0.0007088301000000001
-0.0151390844
-0.010967669900000001
-1.07569e-05
-0.014801204000000002
-0.010100015200000001
-1.66012e-05
-0.015286486600000001
-0.015352262200000001
-0.0006976981
-0.0009509027
-0.015013583200000001
-0.014976883900000001
-0.00048305620000000006
-1.97351e-05
-0.015346805100000001
-0.0150405299
-1.0805300000000001e-05
-0.0150964319
-0.014595830700000001
-4.62825e-05
-0.0153623778
-0.0144550109
-0.005178606400000001
-1.71699e-05
-0.0128062286
-0.0139484081
-5.3978100000000004e-05
-0.0001463616
-0.0143761552
-0.0134903747
-6.35492e-05
-0.0151208255
-0.0028770291
-0.00037323660000000003
-0.015389530200000001
-0.012251903400000002
-1.09384e-05
-0.0002105521
-0.0151355996
-0.0114333747
-1.66012e-05
-0.0093436079
-0.0154239426
-0.0011913781000000001
-0.0083008662
-0.015122471100000002
-1.65891e-05
-0.0111389091
-0.015435582800000002
-0.0087177717
-1.0744800000000001e-05
-0.0101567279
-0.0151614694
-0.007795279800000001
-2.2106700000000003e-05
-0.012602065300000001
-0.015453527100000001
-0.0002215631
-0.0117914742
0.0007365754000000001
-1.65891e-05
-0.013709529900000001
-0.015471979600000001
-0.0048753199
-2.29537e-05
-0.0130787811
-0.0151798372
-0.0040206001000000005
-1.6625400000000002e-05
-0.005935231500000001
-0.0154915211
-1.74966e-05
-0.0049498196000000005
-0.015190509400000001
-1.6625400000000002e-05
-0.0149608393
-0.015474024500000001
-0.0018963604
-0.0002507241
-0.0145554167
-0.0151661642
-0.0014542627
-1.66496e-05
-0.0097068741
-0.015416355900000001
-1.07569e-05
-0.0087755492
-0.015067960600000001
-1.6891600000000003e-05
-0.0152997119
-0.0152035532
-0.0004572832
-1.0732700000000001e-05
-0.010573851200000001
-0.0151551653
-0.0003067592
-2.6910400000000002e-05
-0.0128875164
-0.015450877200000001
-0.00017145700000000002
-0.0121466455
-0.0142680901
-1.65891e-05
-0.013938558700000001
-0.014078471
-0.0044000924000000005
-3.13148e-05
-0.013336741000000001
-0.015171681800000001
-2.8822200000000003e-05
-0.00023094060000000002
-0.0146291783
-0.0129011047
-1.3455200000000001e-05
-0.014144500700000001
-0.012188378400000002
-1.65891e-05
-0.015009916900000001
-0.011498920400000001
-1.0660100000000001e-05
-0.00032915630000000004
-0.0146495063
-0.0151374872
-1.6613300000000002e-05
-0.0011331771
-0.015215459600000002
-0.0096393803
-0.000765809
-0.014926439000000001
-0.008763098300000001
-0.0020448758
-0.015428879400000001
-0.0076755019
-0.00036986070000000003
-0.0014989238000000002
-0.015034867100000002
-0.014670282000000002
-1.66738e-05
-0.0033654214
-0.015320100400000002
-0.014618808600000002
-1.3818200000000001e-05
-0.015075220600000001
-0.0049165083000000005
-0.00010246280000000001
-0.015343913200000002
-0.0138414925
-3.44366e-05
-0.004054589
-0.0150844892
-0.0131706927
-2.2820600000000003e-05
-0.0007929856
-0.015357428900000001
-0.012584254100000001
-1.16039e-05
-0.014288478600000001
-0.011855688900000001
-1.66012e-05
-0.0150765879
-0.010930329300000001
-1.0696400000000001e-05
-0.007748464900000001
-0.0151135534
-0.010184594200000001
-1.6613300000000002e-05
-0.0013481094
-0.015234662300000002
-0.0090864103
-1.0660100000000001e-05
-0.014945363400000002
-0.0083197906
-1.95052e-05
-0.015302882100000002
-0.0071337607
-1.07569e-05
-0.0113180859
-0.015044075200000001
-0.006347333300000001
-1.6625400000000002e-05
1.6940000000000002e-07
-0.015433888800000002
-0.0053398994000000005
-0.0028951428
-0.015061099900000001
-0.0045278442000000006
-0.0001326644
-0.015451663700000002
-0.0035114926000000004
-5.84551e-05
-0.013758159800000001
-0.0151592309
-0.0029556549
-1.6577e-05
-0.007313034300000001
-0.015350495600000002
-0.00214654
-0.00019165190000000002
-0.015092354200000001
-0.0017072737
7.623000000000001e-07
-0.015373836500000002
-0.0011931689000000002
-0.000500214
-0.014792879200000001
-0.0150821297
-0.0009054672
-1.66375e-05
-0.015248867700000002
-0.0152472947
-0.0005639326
-0.009989530100000001
-0.0151176069
-1.6625400000000002e-05
-0.0026321009000000004
-0.014878510900000001
-0.00022116380000000003
-0.0019492737
-0.0150468461
-0.014460250200000002
-0.0001511048
-5.6833700000000004e-05
-0.015316059000000002
-0.014234101200000002
-6.756640000000001e-05
-0.012998630700000001
-0.0137237837
-1.6625400000000002e-05
-0.014443213400000002
-0.0132636812
-1.7678100000000003e-05
-0.0048388384
-0.0150745309
-0.0126607261
-1.815e-05
-0.007744411400000001
-0.0153578766
-0.011887027900000001
-1.07569e-05
-0.0145035561
-0.0111735393
-1.65165e-05
-0.015153156700000002
-0.0102851694
-0.0005888344
-0.0148315266
-0.015098985
-0.0094099522
-1.6758500000000002e-05
-0.0113351469
-0.015393123900000001
-0.0083841142
-0.0012139083000000002
-0.015002935200000001
-0.0074620579
-2.53737e-05
-0.015305907100000002
-0.0063958664
-0.0021992355
-0.011995794800000001
-0.0151303966
-0.0055352902
-1.65649e-05
-0.0138610824
-0.015437143700000001
-0.0045004861
-0.0035492930000000002
-0.015072389200000001
-0.0037571589000000003
-0.00020713990000000002
-0.015338915900000001
-0.0029865462
-0.0001045077
-0.014094067900000002
-0.0151488733
-0.0023312949
-1.6577e-05
-0.014977065400000001
-0.0154383537
-0.0017818581000000001
-0.00030407300000000003
-0.015094822600000002
-0.0108088816
-0.0010666392000000002
-0.0153748045
-0.0009363706
-0.0007331390000000001
-0.014896297900000001
-0.0150070492
-0.0006544406
-1.73514e-05
-0.0117319664
-0.015390679700000002
-0.0078906036
-0.0014341646000000001
-0.015119361400000001
-0.0070154711
-3.26095e-05
-0.0154125444
-0.00014225970000000002
-0.0024810324000000003
-0.015058861400000002
-0.0141455897
-0.0050766155
-9.344830000000001e-05
-0.0140341366
-0.0154219461
-0.0041602341
-0.0038832288
-0.015058208000000002
-0.0034844370000000004
-0.0002591941
-0.0153343542
-0.0026679048000000003
-0.005619312600000001
2.29295e-05
-0.015137426700000001
-0.0021409861
-1.65891e-05
-0.0150243643
-0.0154177232
-0.0015065952000000002
-0.00037430140000000003
-0.0150805325
-0.010453855500000001
-0.0012364385
-0.015201338900000002
-0.0007825312
-0.0008378887000000001
-0.0149177149
-0.014956931000000001
-0.0005750162
-1.8343600000000002e-05
-0.015264549300000001
-0.015042574800000002
-0.0003388121
-0.011114382400000001
-0.0151163001
-1.65891e-05
-0.015302216600000002
-0.005509117900000001
-0.0027004417000000003
-0.015038630200000002
-0.014016107600000001
-6.75422e-05
-0.0001205039
-0.0142042021
-0.013682075
-2.9536100000000003e-05
-0.0042315636
-0.015122083900000001
-0.0031766735000000003
-0.0070284786000000005
-0.015438014900000002
-1.1531300000000001e-05
-0.0143154374
-0.015124927400000002
-0.0019036930000000001
-1.66496e-05
-0.0089508177
-0.0153476037
-0.010944897700000001
-1.0660100000000001e-05
-0.0147349928
-0.015073429800000001
-1.65649e-05
-0.010732022400000001
-0.015287031100000001
-0.0009684114000000001
-0.0149375952
-0.015097327300000001
-0.008026728600000001
-1.65649e-05
-0.0122492172
-0.015376643700000001
-0.0071358419
-1.08537e-05
-0.015017697200000001
-0.0061404959
-1.65286e-05
-0.0152871884
-0.005209618700000001
-0.0029807624000000002
-0.0150434581
-0.0138115692
-4.9513200000000006e-05
-0.0001423444
-0.014300433400000001
-0.015414879700000002
-2.3123100000000002e-05
-0.004541444600000001
-0.015048709500000002
-0.0028130927000000003
-1.6577e-05
-0.015314752200000002
-0.0021530982
-0.006309738600000001
-0.015066665900000002
-0.0113212924
-1.65649e-05
-0.0008186376000000001
-0.0150943749
-0.0153753006
-1.0660100000000001e-05
-0.0082330578
-0.015076612100000001
-0.0008452092
-1.65891e-05
-0.0152150119
-0.0005907341
-0.010088048300000001
-0.015079274100000001
-0.0077636262
-1.65891e-05
-0.0026468871
-0.015265311600000001
-0.0148547586
-0.00022317240000000003
-0.0117248395
-0.0150880587
-0.00014506690000000002
-5.87334e-05
-0.015399996700000002
-6.51706e-05
-0.0130154376
-0.0151027602
-0.004080725
-1.65286e-05
-0.005921449600000001
-0.0152987802
-0.0131713461
-7.8892e-05
-0.0138899046
-0.015110770400000001
-1.79564e-05
-0.007783421800000001
-0.0154074624
-1.0672200000000001e-05
-0.014478303400000002
-0.015096782800000002
-0.0014901029000000002
-1.66375e-05
-0.009684440700000001
-0.015338915900000001
-0.0101235739
-1.0635900000000001e-05
-0.0148041564
-0.0150036491
-1.65891e-05
-0.0017739326000000002
-0.015357525700000001
-1.0672200000000001e-05
-0.0149682808
-0.0147546432
-0.0003288054
-0.0029648146000000003
-0.015265602000000001
-0.014727418200000002
-1.17854e-05
-0.0120458404
-0.0150916282
-0.00011335280000000001
-7.67745e-05
-0.015389735900000001
-5.3421500000000003e-05
-0.013228724300000001
-0.0150999167
-0.0037307688000000005
-1.65286e-05
-0.0062690584
-0.0152959488
-0.0129730029
-0.0001045682
-0.014053545
-0.0151118594
-1.68674e-05
-0.000518848
-0.0153153209
-0.0017115329
-0.014574474200000001
-0.0150783666
-0.0012858307
-1.66012e-05
-0.0100214499
-0.015339678200000002
-0.009773738700000001
-0.0007217287000000001
-0.01485759
-0.014956265500000001
-1.6540700000000002e-05
-0.011686119500000001
-0.015106378100000002
-1.0599600000000001e-05
-0.014984119700000001
-0.0146468806
-0.00025109920000000003
-3.00201e-05
-0.013006519900000001
-0.014647425100000002
-0.0001484791
-0.0024596759
-0.015024098100000001
-0.0050275984000000004
-8.92617e-05
-0.0139806909
-0.0139195133
-0.0038592224000000004
-0.0151114964
-0.0033933845000000003
-1.65286e-05
-0.0002453759
-0.0146164854
-0.012832727600000001
-1.28623e-05
-0.0056348611
-0.0150488305
-0.0021219407000000003
-0.0006099489
-0.0149963286
-0.011284339000000001
-0.0074591418
-0.0150832671
-0.0011962302
-1.65649e-05
-0.0012402742
-0.0151743559
-0.015290431200000001
-1.0696400000000001e-05
-0.009362967900000001
-0.015072195600000001
-0.008583086600000001
-1.83799e-05
-0.0152444875
-0.0073962944000000004
-0.0015789895000000002
-0.015078632800000002
-0.0066071929
-1.6540700000000002e-05
-0.0035088064000000003
-0.0152657593
-0.005430117000000001
-1.5391200000000003e-05
-0.012527226800000001
-0.0150893776
-7.21039e-05
-0.005175121600000001
-0.015287829700000002
-0.0036979052
-0.0135984277
-0.015103086900000002
-0.0032204513
-1.6577e-05
-0.0070063477
-0.0153046124
-0.0123761341
-0.0001676576
-0.014293972
-0.0150931649
-0.0019129616000000001
-0.0150464589
-0.0153778174
-1.07206e-05
-0.015063556200000001
-0.010076686400000002
-1.6552800000000002e-05
-0.0013992561
-0.0151945145
-0.015230705600000002
-1.0696400000000001e-05
-0.0097076122
-0.015072957900000001
-0.0081981251
-1.9723e-05
-0.015244874700000001
-0.0070864497000000005
-1.07811e-05
-0.015083291300000001
-0.0062600681
-1.65044e-05
-0.003801336
-0.015274144600000001
-0.014371000600000001
-1.7968500000000003e-05
-0.012786771800000001
-0.0150951251
-0.004357040600000001
-0.0001411344
-0.015284611100000001
-0.0035345794
-6.48439e-05
-0.015100364400000002
-1.86461e-05
-0.0003727526
-0.014801095100000002
-0.0153013212
-0.0021955087000000003
-0.0002058452
-0.0144031382
-0.0150925962
-1.65044e-05
-0.009320133900000001
-0.015355093600000001
9.91111e-05
-0.014756567100000001
-0.0095711726
-1.65165e-05
-0.0015482434
-0.0151890574
-0.015205755400000001
-0.0005844058
-0.0010954856
-0.015066194000000002
-0.0076669472
-1.6552800000000002e-05
-0.012493177400000001
-0.0153567392
-0.00023420760000000002
-0.011730526500000001
-0.014343884500000001
-1.64923e-05
-0.0040975319000000005
-0.015262564900000001
-0.014230132400000001
-6.98049e-05
-0.0032908854
-0.015015930600000001
-0.0135884331
-1.6625400000000002e-05
-0.0056004608
-0.015385004800000001
-1.8331500000000002e-05
-0.013901496400000001
4.8932400000000006e-05
-1.66012e-05
-0.0077474001
-0.015301284900000002
4.6657600000000005e-05
-1.0732700000000001e-05
-0.006767905100000001
-0.015042211800000002
-0.011021333400000001
-1.65044e-05
-0.0096258283
-0.0153241902
-1.0744800000000001e-05
-0.014783973600000002
-0.0007645264000000001
-0.0017694677
-0.015210740600000001
-0.015133385300000001
-0.0082241885
-0.0012430814000000002
-0.0149516917
-0.014730794100000002
-0.0003275954
-0.0029837753000000002
-0.015245637000000001
-0.0061287347
-0.0022085767
-0.015069594100000002
-0.00011052140000000001
-0.0045325269
-0.0152591406
-0.015376571100000002
-0.0042419212
-0.0035480104000000004
-0.015013087100000001
-0.0134575595
-3.1387400000000004e-05
-0.00020444160000000002
-0.0152739147
-0.0027224274
-0.005242554900000001
-0.015079951700000002
-1.70126e-05
-0.0005301494000000001
-0.014927491700000002
-0.015376159700000001
-0.0016367791000000001
-0.0003047748
-0.014549826500000002
-0.010751237200000001
-1.6480200000000002e-05
-0.0011070895
-0.015318950900000001
-0.0096367546
-0.0090236234
-0.015044329300000001
-1.64923e-05
-0.0019894336000000003
-0.0153476279
-0.0150587888
-0.0003814646
-0.0014145747
-0.0150743252
-0.0069305049
-1.65165e-05
-0.003269178
-0.015369178
-0.0057010239
-0.012318695400000001
-0.015083787400000001
-1.6480200000000002e-05
-0.0048744729
-0.015265626200000002
-0.013774954600000002
-3.60338e-05
-0.003940425500000001
-0.0150203229
-0.0033371679
-0.000273339
-0.014657117200000002
-0.0126377966
-0.00013613710000000002
-0.015029857700000001
-0.0019790397
-0.0006449421
-0.015000297400000001
-0.015375167500000002
-0.0014689400000000002
-0.0003871516
-0.0146531968
-0.0150438211
-1.6625400000000002e-05
-0.0012708267
-0.0151603441
-0.0093239696
-0.0008720591
-0.0150666296
-0.0004910422
-0.0022543026000000003
-0.015229834400000001
-0.014994937100000001
-0.00033412940000000004
-0.0016766849000000002
-0.014983115400000002
-0.014501995200000001
-1.6540700000000002e-05
-0.0035920786
-0.015248867700000002
-0.0055058872
-1.61414e-05
-0.0150146601
-5.2417200000000004e-05
-0.0052973316
-0.01526536
-0.013640003300000002
-2.9354600000000002e-05
-0.0043332641
-0.0150272925
-0.0029062506
-1.65649e-05
-0.007165136000000001
-0.0124239412
-0.0001797818
-0.015044438200000001
-0.0017191317
-0.0007356921000000001
-0.0153180797
-0.0108204371
-1.0635900000000001e-05
-0.0080256517
-0.015055848500000002
-0.0098039161
-1.65044e-05
-0.0014502576000000001
-0.0153288971
-0.0088360613
-0.0010173317
-0.0150649961
-0.00042244730000000005
-0.0025438556
-0.0153516451
-0.0068682141000000006
-0.0002546445
-0.0018730316
-0.0149885846
-0.0060203913000000005
-1.65286e-05
-0.0039424704
-0.015265892400000002
-0.004994105600000001
-0.0031198882000000004
-0.0150909022
-0.0042282724
-0.005716342500000001
-0.015272099700000001
-0.0132826903
-1.86461e-05
-0.004711026100000001
-0.015020746400000002
-0.0127055566
-1.8343600000000002e-05
-0.0001982464
-0.015299953900000001
-0.0019530731
-0.00022518100000000002
-0.015042550600000001
-0.0015875321
-0.0008961381
-0.015315175700000001
-0.0102096654
-1.0708500000000001e-05
-0.0084513902
-0.015043518600000002
-0.009428186900000001
-1.65165e-05
-0.011219507200000001
-0.015334584100000001
-0.0083546144
-0.0011780802
-0.015060446500000001
-0.00034777820000000004
-0.0028256525000000003
-0.015353230200000002
-0.0064425966
-1.1410300000000002e-05
-0.011868877900000002
-0.0150727159
-0.005536645400000001
-1.65286e-05
-0.0042672102000000005
-0.0153637088
-0.004593728700000001
-0.0034385659
-0.015078971600000001
-0.0037877598
-0.006072143
-0.015381846700000002
-0.0030345227000000002
-9.19237e-05
-0.0139692322
-0.015089740600000002
-0.0024019468
-1.6480200000000002e-05
-0.007944751100000001
-0.015375796700000001
-0.0018093856000000001
-0.006900593700000001
-0.0150620074
-0.0507510784
-0.009846750100000001
-0.0153168334
-0.0009855087
-1.0648e-05
-0.0087887624
-0.015052896100000001
-0.0006928339
-1.6964200000000003e-05
-0.0115380034
-0.015329865100000001
-0.0004389638
-0.0105868708
-0.0146612917
-1.6540700000000002e-05
-0.012884394600000001
-0.014675061500000001
-0.0001684562
-1.24388e-05
-0.012119178500000001
-0.015068444600000001
-9.072580000000001e-05
-8.14572e-05
-0.013897334
-0.015374949700000001
-4.7661900000000005e-05
-0.0133316469
-0.013295177500000002
-2.62933e-05
-0.0145858966
-0.012873468300000001
-0.0027875012
-0.0001193665
-0.014123144200000002
-0.015087090700000002
-0.0021569702000000003
-0.0005681192
-0.0149469848
-0.0153737639
-1.0635900000000001e-05
-0.0073245777
-0.0150512868
-1.6480200000000002e-05
-0.010259614200000001
-0.015280835900000001
-0.0008415308
-0.0007686888000000001
-0.014853500200000001
-0.014910321800000001
-0.0005808484
-1.6262400000000002e-05
-0.0152194284
-0.015030995100000001
-0.0003654563
-0.0109023299
-0.0145913779
-1.6552800000000002e-05
-0.0131365344
-0.014511493700000001
-0.00012011670000000001
-0.0026223241
-0.012424667200000001
-0.0140046852
-7.033730000000001e-05
-0.0001090573
-0.014087836400000001
-0.015377527
-3.27668e-05
-0.013513328400000002
-0.0130859927
-1.64923e-05
-0.014671492000000001
-0.012539193700000001
-0.0001495439
-0.014224288100000001
-0.015072328700000002
-0.0019349352000000001
-1.64923e-05
-0.008847520000000001
-0.015354524900000001
-0.0013685947000000001
-0.0077357236
-0.015040396800000001
-0.0010711041
-0.0106907977
-0.0152193437
-0.0006675449
-0.0009211488
-0.0096312249
-0.015051686100000001
-0.0082621099
-1.96504e-05
-0.0122321804
-0.015338794900000001
-0.007031273700000001
-0.0017580332
-0.0150642459
-0.00017711980000000002
-0.0038158802000000003
-0.015357174800000001
-0.005162368200000001
-1.7339300000000002e-05
-0.0127087389
-0.0150653712
-0.0044648395000000006
-0.0001391258
-0.014260140400000001
-0.015371585900000002
-0.0035015827000000003
-0.0044847803
-0.0150092151
-1.92269e-05
-0.007338662100000001
-0.0253755392
-1.08295e-05
-0.0063505156
-0.0143780307
-0.0150841141
-0.0016552679
-0.0008070942
-0.0150601924
-0.0153408519
-0.0011862114
-0.0082240917
-0.0150394893
-1.6540700000000002e-05
-0.0015682084
-0.015181555400000001
-0.0005776661
-0.0010827564000000002
-0.014916033
-0.0147803436
-0.00038085960000000004
-0.0026885716
-0.0152288664
-0.014835531700000001
-0.00023094060000000002
-0.011692956000000001
-0.0150615113
-1.6540700000000002e-05
-0.013626354500000002
-0.0142090179
-7.0664e-05
-0.0032677381
-0.015000757200000001
-0.013576284700000002
-3.64089e-05
-0.0001777732
-0.0152622624
-0.0132223839
-1.85614e-05
-0.0139152057
-0.015083775300000001
-1.64439e-05
-0.014838822900000001
-0.0118771906
-1.0708500000000001e-05
-0.006760330500000001
-0.015032120400000001
-0.0109173823
-1.6577e-05
-0.0009431587000000001
-0.0153094161
-0.0102337081
-1.06117e-05
-0.014802099400000001
-0.014957185100000001
-1.68674e-05
-0.0151973096
-0.008283998800000001
-1.0696400000000001e-05
-0.010443873000000001
-0.015049810600000001
-0.007166975200000001
-1.6480200000000002e-05
-0.0029146117000000004
-0.015346357400000002
-0.0063498501
-1.1482900000000001e-05
-0.0149818207
-0.014212829400000002
-1.6480200000000002e-05
-0.013826863600000001
-0.0140253036
-2.9257800000000003e-05
-0.013221778900000002
-0.015074651900000001
-0.0036874145
-0.00021857440000000003
-0.0145219118
-0.0153710656
-0.0027987784
-0.0052612615
-0.015079467700000002
-1.67827e-05
-0.0082614686
-0.0153686819
-1.06117e-05
-0.007167713300000001
-0.015031636400000001
-0.0106112402
-1.6552800000000002e-05
-0.0011515328
-0.015134147600000002
-0.0094859039
-1.0660100000000001e-05
-0.009075447700000001
-0.0149228937
-1.6552800000000002e-05
-0.011797729900000001
-0.015029301100000001
-1.0672200000000001e-05
-0.010839893900000001
-0.0150588856
-0.006889062400000001
-1.6468100000000002e-05
-0.0033014487
-0.015236912900000002
-0.005709191400000001
-1.3600400000000001e-05
-0.012345787300000001
-0.014070993200000001
-8.00778e-05
-0.014053315100000002
-0.013732096400000001
-4.12005e-05
-0.013461153200000001
-0.015074857600000002
-0.0033286979
-1.65286e-05
-0.0068017972
-0.015277435800000001
-0.0024878084000000003
-0.00014062620000000002
-0.014203234100000002
-0.011836595100000001
-1.65165e-05
-0.014991089300000001
-0.0110641916
-0.00039009190000000005
-0.014653136300000001
-0.015036440100000001
-0.0010761619
-1.6552800000000002e-05
-0.0105066236
-0.015249714700000002
-0.0007277666
-0.0008666746000000001
-0.0148755706
-0.008341703700000001
-1.65649e-05
-0.0152218
-0.0072498602
-0.0016855784000000002
-0.014971729300000002
-0.014486676600000001
-0.0001853357
-4.27372e-05
-0.0133355915
-0.014418444700000001
-0.00010237810000000001
-0.0028499372000000004
-0.014993339900000001
-0.0045147157000000005
-1.64923e-05
-0.015252425100000001
-0.0036450887
-0.004377054
-0.015003709600000002
-0.012834215900000001
-1.96383e-05
-0.0003410506
-0.014726547000000001
-0.012310225400000001
-1.10715e-05
-0.006172718200000001
-0.0150157854
-0.0017101172000000002
-0.0007675877
-0.0152933231
-0.0012867624
-0.0081019301
-0.0150395861
-0.0097019131
-1.65891e-05
-0.010827951200000002
-0.0152086352
-0.000636218
-0.0010294922
-0.014899226100000001
-0.0078653751
-2.10056e-05
-0.015222223500000001
-0.006910152700000001
-0.0019285706
-0.014970204700000002
-0.014339092900000001
-0.0001379642
-5.2949600000000005e-05
-0.013544909400000001
-0.015353569000000001
-7.914610000000001e-05
-0.0031179643
-0.0150032861
-0.004100811
-1.65044e-05
-0.015259503600000002
-0.0133008524
-0.0046976798
-0.015001325900000001
-0.012583334500000001
-1.8041100000000002e-05
-0.0004061728
-0.014806370700000002
-0.015371101900000001
-1.0660100000000001e-05
-0.0065639112000000005
-0.0150175883
-0.0111418494
-1.64923e-05
-0.0150862921
-0.010157792700000001
-0.0084986286
-0.015027304600000001
-0.0093779356
-1.65286e-05
-0.0017171110000000001
-0.015189868100000002
-0.008136269900000001
-1.0672200000000001e-05
-0.010279095200000001
-0.015045672400000001
-0.00033984060000000004
-2.5276900000000002e-05
-0.0153446997
-0.00018425880000000003
-0.011850982000000001
-0.0150572763
-0.0055901032
-1.65286e-05
-0.0044081268
-0.015242926600000001
-0.013995719100000002
-2.7055600000000002e-05
-0.0131270238
-0.015067391900000001
-3.54651e-05
-0.0002113386
-0.015379753400000001
-0.0028577296
-0.0139906613
-0.0150683236
-0.0023736328000000004
-1.64923e-05
-0.0081038661
-0.015281150500000002
-0.011491297400000001
-0.00028939570000000004
-0.0145131756
-0.0150530776
-0.0013840222
-0.0010791506
-0.015304007400000002
-0.0008873051
-0.014947614000000001
-0.0006944674000000001
-1.6540700000000002e-05
-0.0019574049
-0.014471987200000001
-0.007806048800000001
-1.06117e-05
-0.010644007
-0.015042453800000001
-0.00029341290000000004
-0.0031911572
-0.0153416747
-0.00013786740000000001
-0.012212094400000002
-0.014142407400000001
-9.137920000000001e-05
-9.264970000000001e-05
-0.0047913338
-0.0153661651
-0.0039569541
-3.5501400000000005e-05
-0.013351890200000001
-0.015074494600000002
-2.81688e-05
-0.006688287100000001
-0.0153764017
-0.0025056196000000004
-0.014118328400000001
-0.0121142417
-1.67827e-05
-1.6480200000000002e-05
-0.008612550100000001
-0.0152966264
-0.0014377825
-0.0003499199
-0.014580512100000002
-0.0150450674
-1.65649e-05
-0.0104242831
-0.015232181800000001
-0.0007000939
-0.0148423561
-0.014918440900000001
-0.0006230532
-1.8343600000000002e-05
-0.0120309574
-0.015340634100000002
-0.0002865764
-0.0015433550000000002
-0.014952950100000001
-0.014621894100000001
-1.65286e-05
-0.0035608969000000003
-0.014367164900000002
-9.516650000000001e-05
-0.014973653200000001
-0.014079923000000001
-8.36231e-05
-0.00012040710000000001
-0.014175440400000001
-0.0153687061
-0.0035141062000000004
-0.0041135281000000004
-0.014995312200000001
-0.013172628700000001
-1.64439e-05
-0.014701729900000002
-0.0121479402
-1.1059400000000001e-05
-0.015011792400000001
-0.0118868827
-1.6625400000000002e-05
-0.0007388381
-0.015026215600000002
-0.015323561000000001
-0.0011666578
-0.0077242044
-0.015022706600000001
-0.0103153952
-1.6540700000000002e-05
-0.010807526400000001
-0.015164349200000002
-1.0648e-05
-0.0150409171
-0.0084764856
-1.64923e-05
-0.0025043007000000003
-0.0152298949
-0.014802208300000001
-1.0732700000000001e-05
-0.011341753500000001
-0.015052750900000002
-0.0064968167000000005
-5.05901e-05
-0.013546361400000002
-0.0047147892000000005
-1.7617600000000002e-05
-0.015070804100000001
-0.0046046792000000005
-1.65286e-05
-0.0056330824
-0.0152672597
-0.0131639288
-1.85009e-05
-0.013711296500000001
-0.0150718931
-0.0030321148
-0.0003930806
-0.014810097500000001
-0.0118199697
-0.00019894820000000002
-0.015076660500000002
-0.0018361266000000002
-1.6480200000000002e-05
-0.009367202900000001
-0.0153059313
-0.010205490900000001
-1.0708500000000001e-05
-0.0081777729
-0.015031672700000002
-0.0009526451
-1.65891e-05
-0.0151941273
-0.0082831276
-0.0010768032000000002
-0.015048661100000001
-0.00042348790000000004
-2.27964e-05
-0.012599221800000001
-0.015347676300000002
-0.0064294802000000005
-1.09989e-05
-0.0149677847
-0.014377111100000001
-0.00014792250000000002
-6.15527e-05
-0.0152413536
-0.004626519700000001
-0.012948113200000002
-0.013640995500000001
-1.6480200000000002e-05
-0.0001762486
-0.014408462200000001
-0.0153804794
-0.0031071227
-0.0048652527
-0.0150181328
-0.012538540300000001
-1.75934e-05
-0.007794444900000001
-0.0153728322
-1.0660100000000001e-05
-0.0144642311
-0.011049574800000002
-1.65044e-05
-0.0009494749
-0.015092705100000001
-0.015311352100000002
-1.0660100000000001e-05
-0.0086490921
-0.0150398886
-0.0092139443
3.0855000000000004e-06
-0.0113616822
-0.0151067774
-1.0672200000000001e-05
-0.0150497501
6.1831e-06
-2.6390100000000003e-05
-0.0029637982
-0.015228152500000001
-0.0146789698
-0.00017287270000000002
-0.0119521017
-0.015062685000000001
-0.0054755525000000005
-1.65649e-05
-0.013837076
-0.0139767463
-2.83624e-05
-0.015075486800000001
-3.0068500000000002e-05
-0.00021982070000000001
-0.0062974208
-0.0152713979
-0.012920065400000002
-1.4302200000000002e-05
-0.0140317166
-0.015082831500000001
-0.0022682781000000003
-1.65286e-05
-0.0149227969
-0.011429950400000001
-0.0003040488
-0.015031854200000002
-0.0012534269
-1.6480200000000002e-05
-0.0100291092
-0.015311412600000001
-0.009574899400000001
-1.0672200000000001e-05
-0.014819475
-0.014936808700000002
-0.0006391341
-1.73514e-05
-0.0152120232
-0.0076015346
-0.0013950695
-0.014623769600000001
-1.6552800000000002e-05
-0.0032009340000000003
-0.015241014800000001
-0.014564322300000002
-0.0001351449
-0.0024302487
-0.015063931300000001
-0.0050103317000000005
-1.6480200000000002e-05
-0.0139704301
-0.015360756400000002
-3.8102900000000004e-05
-0.0133546853
-0.013196562500000002
-1.65044e-05
-0.006641605300000001
-0.015271918200000002
-0.0126750283
-1.2463e-05
-0.0055701745
-0.015016947000000001
-0.0119431477
-1.6540700000000002e-05
-0.0084701331
-0.015353811
-1.0635900000000001e-05
-0.014600138300000001
-0.0103548896
-1.65044e-05
-0.0103351303
-0.015317511
-0.009206732700000001
-1.0563300000000001e-05
-0.0092938527
-0.0150365127
-0.008595404400000001
-1.83799e-05
-0.0152246072
-0.014925713
-0.0015439842
-0.0149487756
-0.00023903550000000003
-3.78972e-05
-0.013267988800000002
-0.015357549900000001
-0.0051228254
-1.40844e-05
-0.012407219
-0.0150619832
-7.631470000000001e-05
-0.00012069750000000001
-0.014184842100000001
-0.0133774817
-4.5411300000000003e-05
-0.014995336400000002
-0.0032454741000000004
-0.00031213160000000004
-0.0147083244
-0.015382584800000002
-0.012183078600000001
-2.47808e-05
-0.014230398600000001
-0.0150746277
-0.0019212864
-1.65044e-05
-0.0150217144
-0.010567075200000001
-0.0004241776
-0.014670850700000002
-0.0009971731
-0.0013839133000000002
-0.0106815654
-0.015323210100000002
-0.0088155881
-1.0660100000000001e-05
-0.014888432900000002
-0.0148295422
-0.00043923000000000003
-1.93479e-05
-0.0152213281
-0.0149016219
-0.0017712464000000001
-0.0149772227
-0.0001496528
-4.4794200000000006e-05
-0.0133854435
-0.015350289900000001
-0.0052188631
-1.7545000000000002e-05
-0.012750266100000001
-0.013683067200000001
-4.21927e-05
-0.00013607660000000002
-0.0152565028
-0.013485365300000001
-6.201250000000001e-05
-0.015016208900000001
-0.0026473227000000004
-0.00035757920000000003
-0.014745725500000001
-0.0153778174
-0.0022088671000000002
-0.00019657660000000002
-0.0143723558
-0.015081258500000002
-0.0015357441000000002
-1.64439e-05
-0.015039271500000001
-0.010550510300000001
-0.0005157625000000001
-0.0147318589
-0.0008044564000000001
-0.0015422902
-0.015179679900000001
-0.015181277100000001
-0.000582494
-0.0010698094
-0.014921465900000002
-0.014756276700000001
-0.0003481533
-2.15259e-05
-0.015221727400000001
-0.0066147191
-0.0020075473000000003
-0.0149840592
-0.0001140546
-0.0040903324000000005
-0.013598367200000001
-0.0153513789
-0.0047339314
-2.3111000000000003e-05
-0.0149944168
-0.01349876
-3.34202e-05
-0.0001809555
-0.0152561277
-0.0030715608000000004
-0.0048906264000000005
-0.015004653400000002
-1.71699e-05
-0.00046030820000000005
-0.0148518546
-0.0153616276
-0.0017788694000000001
-0.0002443716
-0.0144380467
-0.010976623900000001
-1.65165e-05
-0.0009778736
-0.0153028337
-0.0098289389
-0.0006115582000000001
-0.015026288200000001
-0.0007319169000000001
-0.0017979511000000001
-0.0151953494
-0.0150711429
-0.0004220601
-0.0012253912
-0.014921151300000001
-0.014710345100000001
-0.000322102
-2.60029e-05
-0.015241583500000001
-0.0060165072
-0.0021928467000000003
-0.015051226300000001
-0.0001072544
-0.0044686147
-0.015248734600000001
-0.0042486851
-2.72371e-05
-0.0131525427
-0.015065794700000001
-3.12543e-05
-0.00021865910000000002
-0.0145303697
-0.012761664300000001
-9.91111e-05
-0.015009832200000002
-0.0023265154
-0.0005277294
-0.0149142301
-0.0153645437
-0.0016166084000000002
-0.0002949617
-0.014517241200000001
-0.015051032700000001
-0.0012991649
-1.65286e-05
-0.015124915300000001
-0.009630135900000001
-1.0660100000000001e-05
-0.0148309579
-0.000630289
-0.0020019571
-0.015207159000000001
-0.015041171200000002
-0.0003860868
-0.0013791701000000001
-0.014947154200000002
-0.014644763100000001
-0.00026653880000000003
-3.17504e-05
-0.0152475004
-0.0057242801000000005
-1.2910700000000002e-05
-0.014990266500000002
-8.477260000000001e-05
-0.0048798816
-0.015260241700000001
-0.0137508998
-3.57192e-05
-0.0038673294
-0.015006250600000002
-0.013297028800000001
-2.66442e-05
-0.0002681602
-0.015283873000000002
-0.0024681943
-0.0001255254
-0.015016342
-1.67101e-05
-0.008621661400000001
-0.0153095976
-0.0108742942
-0.001356652
-0.00034672550000000005
-0.0150369725
-0.010648181500000001
-1.65044e-05
-0.0013201947
-0.015332757
-0.008664955200000001
-0.0007650104
-0.015037383900000001
-0.0007771346000000001
-0.0023900404
-0.015242636200000001
-0.014684221200000002
-0.0001592602
-0.0014330635
-0.014922954200000001
-0.0079624897
-1.6480200000000002e-05
-0.0039324153
-0.0152831591
-0.0036834094
-0.0024188747000000003
-0.0150359319
-0.00020580890000000001
-0.0057753784
-0.015403360500000001
-0.0021215051
-3.8211800000000006e-05
-0.013279157100000001
-0.0150418609
-0.004766698200000001
-1.65286e-05
-0.0077182391000000005
-0.0153769946
-1.05512e-05
-0.0055132319
-0.0150565261
-1.65286e-05
-0.0151340024
-0.0152134147
-0.0005248012
-1.0672200000000001e-05
-0.0507510784
-0.015061656500000001
-0.0018694742000000002
-1.66012e-05
-0.011325963000000001
-0.0149039814
-1.0623800000000002e-05
-0.0093091834
-0.0149866365
-2.26512e-05
-0.0152713737
-0.014402533200000001
-7.79361e-05
-0.0015982043
-0.0110401247
-0.0147552845
-0.00037820970000000003
-5.95925e-05
-0.013743615600000002
-0.013545417600000002
-2.0037600000000003e-05
-0.012481416200000001
-0.0143533467
-1.6468100000000002e-05
-0.0153090289
-0.0120508982
9.91111e-05
-4.97189e-05
-0.013492213900000001
-0.0063438848
-5.04691e-05
-0.0004915988
-0.014958177300000002
-0.0101141601
-1.0599600000000001e-05
-0.014185677
-0.012820869600000001
-1.6468100000000002e-05
-0.015179195900000001
-0.008050735
-1.0623800000000002e-05
-0.0077385066
-0.014600223
-0.011544852000000001
-1.6540700000000002e-05
-0.0019385894
-0.015268239800000001
-0.0060232832
-0.0009328495000000001
-0.014820261500000001
-0.009794054600000001
-0.0031922704000000002
-0.015394225000000001
-0.0042323864000000004
-0.0001982464
-0.0017504102
-0.0149243941
-0.0147872164
-1.6480200000000002e-05
-0.0048209546
-0.015304757600000002
-0.0128807646
-1.84888e-05
-0.014957039900000002
-0.0058779501
-0.0002550801
-0.0153350197
-0.011446358
-1.0648e-05
-0.004491641
-0.0149699627
-0.013634025900000001
-1.6480200000000002e-05
-0.008590334500000001
-0.015349636500000001
-0.009620226
-0.0002052039
-0.014986503400000002
-0.0026573173000000003
-0.0012343452
-0.015371452800000001
-0.0075954604
-1.0623800000000002e-05
-0.0081396095
-0.015001725200000001
-0.0112129974
-1.6456e-05
-0.0121176539
-0.0153915509
-0.005497344600000001
-0.0010705959
-0.0148499912
-0.0008792707
-0.0036369091000000003
-0.015413536600000001
-0.0036720233
-1.1095700000000001e-05
-0.0115207246
-0.015030801500000001
-0.007801063600000001
-1.64923e-05
-0.005288099300000001
-0.015318128100000002
-0.0022101134000000002
-0.0031464719000000004
-0.0149468154
-0.005969414
-0.007203021100000001
-0.0153984237
-0.0012335466
-8.05013e-05
-0.013786377
-0.015059430100000002
-0.004033595500000001
-1.6552800000000002e-05
-0.0091105256
-0.015365148700000001
-0.0006167612
-0.0066400444000000005
-0.014988741900000001
-0.00250349
-0.0014455628000000001
-0.0149758917
-0.00024752970000000004
-0.0006191812000000001
-0.014725724200000002
-0.015044474500000002
-0.0013810335
-1.936e-05
-0.0152916291
-0.014425777300000001
-7.50321e-05
-0.0103564021
-0.0150213514
-1.65286e-05
-0.013556041400000001
-0.013564692900000001
-1.87066e-05
-0.0022432190000000003
-0.014941237300000002
-0.014614113800000002
-0.00025904890000000004
-0.0001421992
-0.0143775709
-0.0154184734
-1.0672200000000001e-05
-0.013177831700000002
-0.0150567197
-7.39189e-05
-0.0148442437
-0.010863694600000001
-1.0599600000000001e-05
-0.0053279688
-0.014992674400000001
-0.0130359592
-2.26391e-05
-0.009400417400000001
-0.015361288800000001
-0.0091099206
-1.05754e-05
-0.014535209700000001
-0.011644326100000001
-1.65044e-05
-0.015243652600000001
-0.007170689900000001
-1.0635900000000001e-05
-0.0090306172
-0.0150327133
-0.0099269852
-1.6540700000000002e-05
-0.0025801435
-0.015398399500000002
-0.0052899143
-1.0660100000000001e-05
-0.014934836400000002
-0.007963373000000001
-5.20421e-05
-0.0153096823
-0.0035524995000000004
-1.4350600000000001e-05
-0.012341673300000001
-0.0150637982
-0.0059560072
-1.65286e-05
-0.0057757414
-0.0154174328
-0.0022958903
-4.4951500000000005e-05
-0.014999728700000001
-0.013629645700000002
-0.00042359680000000004
-0.014899988400000001
-0.0013065701
-0.0001525326
-0.0141990354
-0.015076261200000001
-0.0025055954000000004
-1.65286e-05
-0.0096012048
-0.015343780100000001
-0.0006548036
-0.0004107345
-0.015020915800000001
-0.0109442927
-1.5681600000000002e-05
-0.0153667096
-0.0002594845
-0.0009010507
-0.014855121600000002
-0.014967639500000001
-0.0007378580000000001
-2.32925e-05
-0.012753085400000001
-0.015387945100000001
-0.0050823751000000006
-0.0017115692
-0.0150477052
-0.007402985700000001
-6.61507e-05
-0.015407426100000001
-1.85614e-05
-0.0028907868
-0.0149762789
-0.0150632053
-0.0055034067
-1.6540700000000002e-05
-0.014541828400000002
-0.015412520200000002
-0.0019923013000000002
-0.0043475058
-0.0149840592
-0.0038492399000000003
-0.0005074619
-0.015348632200000002
-0.0010129031000000001
-0.0061086487
-0.014277649100000001
-0.015083025100000001
-0.0024819157
-1.6456e-05
-0.015185342700000002
-0.015199185100000002
-0.00048516160000000005
-0.0004823302
-0.015027486100000001
-0.0013862607
-0.0019473740000000002
-0.0153861906
-0.0001773497
-0.0010441816000000001
-0.014885480500000001
-0.0149611176
-0.0006853077
-2.95724e-05
-0.013112528
-0.0141427462
-4.34148e-05
-0.0019089686
-0.015059865700000001
3.751e-07
-0.004809048200000001
-0.015424741200000001
-1.34673e-05
-0.0031857001
-0.0149833211
-0.0141143354
-8.72773e-05
-0.0002492479
-0.014672653600000002
-0.015419393000000002
-0.0017661765000000001
-0.0047432847
-0.015084537600000001
-0.0034398001000000003
-0.0005943399
-0.0153426306
-1.0696400000000001e-05
-0.0065681462000000005
-0.0150065773
-0.0119395661
-1.66738e-05
-0.0012244232000000002
-0.015184459400000001
-0.0151430169
-0.0004130456
-0.0005768917000000001
-0.014715838500000002
2.9282e-06
-1.6468100000000002e-05
-0.0021270832
-0.015224691900000002
-0.006187782700000001
-0.0011913539000000001
-0.014974718000000001
-0.0004966929000000001
-0.0034349359000000004
-0.0152092644
-0.014022895700000001
-4.92954e-05
-0.0021638188000000004
-0.014887743200000001
-0.0144108459
-1.6552800000000002e-05
-0.005012316100000001
-0.015222005700000001
-0.0029207222000000002
-2.90037e-05
-0.014915258600000002
-0.0044324841
-0.006858885
-0.0152454192
-0.011642620000000001
-1.0744800000000001e-05
-0.0052143982
-0.014948739300000001
-0.012764217400000001
-1.6480200000000002e-05
-0.008824009700000001
-0.015283461600000001
-0.0098652752
-0.00030629940000000003
-0.0150242554
-1.65649e-05
-0.0106845541
-0.015091107900000001
-0.0004180187
-0.0007164894000000001
-0.0147690301
-0.014963791700000001
-1.65165e-05
-0.0023629364
-0.0152531511
-0.014688129500000001
-1.06117e-05
-0.014903279600000001
-0.007759754200000001
-4.5096700000000005e-05
-0.015264379900000001
-0.013884399100000002
-3.77762e-05
-0.0024547996000000003
-0.014960222200000001
-0.014371533
-0.00014961650000000002
-0.0055205403000000005
-0.015294581500000001
-0.012666981800000001
-3.8502200000000006e-05
-0.0133554234
-0.0136727822
-0.0003627338
-0.0153272757
-0.0111930324
-1.0660100000000001e-05
-0.0056380676
-0.0150071339
-0.012561118900000001
-1.7835400000000002e-05
-0.009294252000000001
-0.015345679800000001
-0.0094658784
-0.0003744829
-0.0150357504
-0.0014483821
-0.0014790072000000001
-0.0153735098
-0.007670553
-1.0599600000000001e-05
-0.0093593984
-0.015051807100000002
-0.0090658887
-1.65044e-05
-0.0124677311
-0.0153877152
-0.0059756213
-0.0016426839000000001
-0.014980247700000001
-0.006972213600000001
-0.0040073022
-0.0154038929
-0.0043524184
-1.56332e-05
-0.012590485600000001
-0.015090381900000002
-0.0050586833
-1.6480200000000002e-05
-0.0056941027
-0.015311509400000001
-0.0028055544
-0.0043167718
-0.0150241707
-0.0032844966000000002
-0.007538263700000001
-0.015411636900000001
-0.0018341785
-0.0001833634
-0.006146412800000001
-0.015051601400000001
-0.0018204692000000002
-1.6456e-05
-0.0092536686
-0.0153501447
-0.0011463903
-0.0081393312
-0.0150777253
-0.0008372716000000001
-0.0014930432000000002
-0.015242370000000002
-0.0006313659
-0.0010709831
-0.0100578951
-0.015097823400000002
-0.0074407982
-2.10056e-05
-0.0123951432
-0.015371283400000001
-0.00028503970000000003
-0.0019695533000000003
-0.0151167599
-0.0001035276
-0.0038884197000000004
-0.015385222600000002
-0.005470010700000001
-2.15017e-05
-0.0130136347
-0.015122567900000002
-0.0035224189
-0.00014574450000000001
-0.014312944800000001
-0.0154110319
-0.0038507403
-0.0048749932
-0.015135430200000001
-1.67464e-05
-0.007547641200000001
-0.015414093200000001
-0.0022233871000000003
-0.0002466464
-0.0145108887
-0.015106378100000002
-0.0013384899
-1.6480200000000002e-05
-0.0151067048
-0.015376486400000002
-0.0011870221
-0.0086194834
-0.0150958874
-1.6540700000000002e-05
-0.011176878900000001
-0.0152340452
-0.0005976432000000001
-0.0012422102000000002
-0.0149982767
-0.014675920600000001
-0.00025168
-0.0027448729
-0.015253562500000001
-0.0149257251
-0.0002558061
-0.012035252900000001
-0.0140719007
-1.6480200000000002e-05
-0.013685233100000001
-0.014381842200000002
-8.492990000000001e-05
-0.0035577509000000005
-0.015066436
-0.013149566100000001
-2.27117e-05
-0.0001856503
-0.015300050700000001
-0.013529409300000001
-2.1344400000000002e-05
-0.014106192100000001
-0.0117304539
-1.6468100000000002e-05
-0.0148654066
-0.0125215398
-1.08537e-05
-0.0071993064
-0.015106378100000002
-0.009846653300000001
-1.6480200000000002e-05
-0.0095627994
-0.015337149300000002
-0.0111200936
-1.0635900000000001e-05
-0.014916625900000001
-0.0078880263
-1.67101e-05
-0.0152121926
-0.009258980500000001
-1.06117e-05
-0.0108785292
-0.015133457900000001
-0.0061428554
-1.6577e-05
-0.0127143896
-0.015376171800000001
-0.007159812000000001
-1.2922800000000001e-05
-0.0150764911
-0.013834958500000001
-7.19587e-05
-0.0152775084
-0.0051976397
-3.7534200000000004e-05
-0.013479642000000002
-0.015143646100000002
-0.0028341467000000003
-1.6468100000000002e-05
-0.014511251700000002
-0.015408987
-0.0034284140000000003
-0.0056296339
-0.0150880587
-0.0016406390000000002
-0.0005080306
-0.015322254200000001
-0.0022571824
-0.007641997
-0.0151238263
-0.0092114154
0.000792913
-0.0010105799
-0.015117256
-0.015413064700000001
-0.0014138124
-0.0095746332
-0.015116288
-0.00028451940000000003
-0.0017576702
-0.015353762600000001
-1.0660100000000001e-05
-0.011390879500000001
8.470000000000001e-08
-0.0141065188
-7.25516e-05
-0.0028382607000000002
-0.015247706100000001
-0.015136785400000002
-0.00036828770000000004
-0.012847138700000002
-0.0151713672
-2.03038e-05
-0.0042746154
-0.0153757604
-5.7124100000000004e-05
-0.013842387900000001
-0.015133457900000001
-0.0116231874
-1.65165e-05
-0.0002101286
-0.015281053700000002
-0.013932387700000002
-0.000184162
-0.014448912500000001
-0.0101334596
-1.64923e-05
-0.0148927889
-0.012747350000000001
-0.00048715810000000005
-0.0148411461
-0.0149320292
-0.00047033910000000005
-1.6456e-05
-0.009878282700000001
-0.015332273
-0.0013958197
-0.0010292018
-0.015020347100000001
-0.0063904577
-1.65044e-05
-0.0152188839
-0.0091899379
-0.0019025435000000002
-0.0150863647
-0.014000982600000001
-6.143170000000001e-05
-3.38316e-05
-0.013035717200000001
-0.015365644800000001
-0.0002326588
-0.0030931472
-0.015093503700000002
-0.0031778109000000004
-0.0001015553
-0.015273575900000001
-0.0049958601
-0.004684539200000001
-0.015104091200000001
-0.0118857695
-1.65286e-05
-0.0002920577
-0.014667862
-0.0154150975
-1.3237400000000001e-05
-0.006456802
-0.015120595600000002
0.1014939167
-0.0006991864
-0.015323173800000001
-0.0016462655
-0.014823746300000001
-0.014995784100000001
-0.0006251465
-1.65044e-05
-0.0107045917
-0.015352068600000001
-0.0094345152
-1.0599600000000001e-05
-0.014985934700000002
-0.014755804800000001
-1.65165e-05
-0.0123382369
-0.0149665747
-1.0914200000000001e-05
-0.015048298100000001
-0.0143157278
-0.0001125179
-4.9549500000000004e-05
-0.013551806400000001
-0.0154045584
-0.0050236901
-2.0340100000000002e-05
-0.015065044500000001
-0.0136051069
-1.65165e-05
-0.0143747274
-0.0133107502
-7.51652e-05
-0.015060833700000002
-0.012438860500000001
-1.7194100000000002e-05
-1.6468100000000002e-05
-0.014866749700000001
-0.0154300531
-0.0019092227000000002
-0.00022803660000000003
0.00036701720000000004
-0.010974736300000001
-1.6468100000000002e-05
-0.0151347405
-0.015365923100000001
-0.0005711321
-0.015091676600000001
-0.0091886069
-0.0007284079
-1.6625400000000002e-05
-0.0113436048
-0.0151512086
-0.00045782770000000003
-0.0011714736000000001
-0.014983067000000001
-0.0072782831000000004
-2.4466200000000003e-05
-0.0152829776
-0.014786103200000001
-0.0021468546000000003
-0.015040941300000001
-0.014187479900000001
-8.952790000000001e-05
-6.529160000000001e-05
-0.013744244800000001
-0.014175924400000001
-6.26296e-05
-0.003523641
-0.015070622600000002
-0.0034383239000000004
-0.00018402890000000002
-0.0153116546
-0.0033058289
-0.005241562700000001
-0.0151505431
-0.0117881467
-1.64923e-05
-0.0004408877
-0.014884839200000001
-0.012230825200000002
-1.0660100000000001e-05
-0.007129937100000001
-0.015118236100000002
-0.0009958179
-1.64318e-05
-0.015356618200000002
-0.010569422600000001
-0.0090283787
-0.0151232576
-0.0080855951
-1.65044e-05
-0.0017091371000000001
-0.0152294109
-0.015259297900000001
-1.0587500000000002e-05
-0.0108226151
-0.0151379591
-0.0001528593
-2.5204300000000002e-05
-0.015272922500000001
-0.007051928400000001
-0.0123955546
-0.0151554678
-0.0040823101
-1.64923e-05
-0.0043283636
-0.015276637200000002
-0.014423514600000001
-3.61306e-05
-0.013502111700000001
-0.015163586900000001
-1.76297e-05
-0.00020217890000000002
-0.015301902000000001
-0.0033815386
-0.00012957890000000002
-0.0151436824
-1.6480200000000002e-05
-1.65286e-05
-0.0081247144
-0.015430875900000002
-0.0019583729
-0.0003629516
-0.014703121400000001
-0.0095437903
-1.6480200000000002e-05
-0.0099364716
-0.015375881400000001
-1.0599600000000001e-05
-0.015123608500000002
-0.0076684113000000005
-1.65165e-05
-0.0019488502
-0.0152482506
-0.0151704234
-0.00046834260000000005
-0.0015859712
-0.015136882200000002
-0.0057914593
-3.20529e-05
-0.013040436200000002
-0.0061871414
-0.0026701312
-0.015140899400000001
-0.0041715355
-1.6480200000000002e-05
-0.0048643452
-0.0152967958
-0.0139344931
-3.97243e-05
-0.0041167104
-0.0150787538
-1.9105900000000003e-05
-0.0068602039
-0.015323500500000002
-0.0023724107
-0.0058351403000000005
-0.011658265300000002
-1.65044e-05
-0.0006927734000000001
-0.015064766200000001
-0.0153963667
-0.0011524161
-0.007698733900000001
-0.015090769100000002
-0.0101204642
-1.65044e-05
-0.010770343100000001
-0.0152164276
-1.0672200000000001e-05
-0.0149228332
-0.0082990391
-1.64197e-05
-0.0024157045
-0.015283364800000001
-0.0148495919
-0.0002168925
-0.0016774714000000002
-0.015016874400000001
-0.006381818300000001
-4.7964400000000004e-05
-0.0135435784
-0.004691533
-0.0028695029
-0.0151278556
-0.0045015388000000005
-1.64197e-05
-0.0055326645
-0.0153225809
-0.0131603351
-1.8029e-05
-0.013703141100000002
-0.015129610100000001
-1.99287e-05
-0.0074794819
-0.015345764500000001
-0.0018081877000000002
-0.0143648659
-0.0115388867
-1.6552800000000002e-05
-1.6480200000000002e-05
-0.0093906648
-0.015366745900000001
-0.0009935431
-0.00047699410000000004
-0.0147543528
-0.0150684809
-1.65165e-05
-0.0110811558
-0.015389433400000001
-0.00046872980000000003
-0.0149516917
0.0007621306000000001
0.0015858381
-2.17921e-05
-0.012592941900000001
-0.015412483900000001
-0.00017081570000000002
-0.0018988893
-0.0150307652
-0.014451477700000001
-0.00015204860000000002
-0.0041653282
-0.0154287463
-4.6948000000000005e-05
-0.012929951100000002
-0.0137211459
-1.65286e-05
-0.0059669577
-0.0144826594
-0.0154477312
-1.4169100000000001e-05
-0.013882705100000002
-0.015142508700000001
-0.0026506018
-0.0004658258
-0.015357816100000001
-0.011436799000000001
-0.00023759560000000002
-0.015079104700000002
-0.0015002306000000002
-0.0009718478
-0.009770169200000001
-0.015378144100000001
-0.0096643426
-0.0005940374000000001
-0.014828828300000001
-0.0150330279
-0.0007670311000000001
-0.0017844717000000002
-0.015262601200000002
-0.0003988039
-0.0012199099
-0.014771994600000001
-0.0003213518
-2.6244900000000003e-05
-0.012870939400000002
-0.015411273900000001
-0.0058109403
-1.15434e-05
-0.015047451100000001
-0.014273051100000001
-0.00010505220000000001
-0.0045743324000000005
-0.015309948500000002
-3.70623e-05
-0.0035146507
-0.0134439228
-2.9136800000000002e-05
-0.0002219866
-0.0145888127
-0.015445795200000001
-0.0025755818000000002
-9.67637e-05
-0.015077108200000001
-0.0121994136
-1.6758500000000002e-05
-0.0082715358
-0.0153561705
-1.0696400000000001e-05
-0.007073526900000001
-0.010649222100000001
-1.64923e-05
-0.0010948806
-0.015187218200000002
-0.0153229439
-0.0007955387000000001
-0.0006970931
-0.014875788400000001
-0.014987580300000001
-1.65044e-05
-0.0020099431
-0.0153885622
-0.00031423700000000003
-0.0108001212
-0.014662659000000001
-1.6540700000000002e-05
-0.00326579
-0.015309041
-0.014521379400000001
-0.00011586960000000001
-0.0024719332
-0.015049362900000002
-0.0140739456
0.0507469523
-0.0049140399
-0.015432473100000002
-3.27063e-05
-0.013449767100000001
-0.013151284300000001
-1.65044e-05
-0.0067193599
-0.015335177
0.0014883242000000001
-1.1809600000000001e-05
-0.0056150534
-0.015077846300000001
-0.0118211192
-1.6480200000000002e-05
5.7354e-06
-0.015409216900000001
-1.0648e-05
-0.014675073600000001
-0.0010357358000000001
-1.6540700000000002e-05
-0.010438815200000002
-0.015383891600000001
-0.0091518471
-1.0490700000000001e-05
-0.014934642800000002
-0.014909595800000001
-0.0004662493
-1.8476700000000002e-05
-0.01528109
-0.0072268097000000005
-0.0016016891000000001
-0.015129827900000002
-0.00017040430000000002
-3.7812500000000004e-05
-0.013308669
-0.0154230109
-0.005391905200000001
-1.5016100000000002e-05
-0.015067585500000001
-0.0138224834
-4.7504600000000006e-05
-0.0051801189
-0.015314558600000002
-0.0036588585000000002
-0.0042845737000000005
-0.015146283900000002
-1.85614e-05
-0.0003124704
-0.0147540019
-0.015448239400000001
-0.0022926717000000003
-0.00016612090000000002
-0.014350793600000002
-0.015138842400000001
-0.0015984705
-1.65044e-05
-0.0089571944
-0.0153560979
-0.0012698224
-0.0004548511
-0.014761189300000001
-0.0150576756
-1.64923e-05
-0.0107533547
-0.015279650100000002
-0.0009816488000000002
-0.015127468400000002
-0.007613598300000001
-1.65286e-05
-0.0507510784
-0.015282421000000001
-0.014969260900000001
-0.0002790744
-0.0018516509000000001
-0.015050282500000001
-0.0056671318
-4.70206e-05
-0.015305483600000001
-0.0144217843
-0.0030970313
-0.015156097
-0.0038854431
-3.41341e-05
-0.00014210240000000002
-0.0143240889
-0.0135251138
-2.31715e-05
-0.0046870681
-0.015091434600000002
-0.0024754422
-0.0003729704
-0.0148301351
-0.0122127115
-0.0002128148
-0.015101526
-0.0014132074
-1.64923e-05
-0.0151214789
-0.015398653600000001
-0.0011900955000000001
-0.0083329917
-0.015114594
-0.0007162837000000001
-0.0015973936
-0.0152499204
-0.008630700100000001
-0.0101754466
-0.014782170700000001
-0.0003148178
-2.2893200000000003e-05
-0.012624377700000002
-0.0152949082
-0.0065477214
-1.10836e-05
-0.0118210103
-0.015135091400000002
-0.00010957760000000001
-6.3404e-05
-0.0153126952
-0.0045462241
-0.0033707817
-0.013513957600000001
-3.1363200000000005e-05
-0.00018583180000000002
-0.0059833895
-0.015330530600000001
-0.0030082536
-8.80396e-05
-0.014008787100000001
-0.015162086500000001
-1.694e-05
-0.0004764254
-0.0154471746
-1.0635900000000001e-05
-0.015105785200000001
-0.0013346663
-1.64439e-05
-0.0009899131
-0.0151860203
-0.009893819100000001
-1.06117e-05
-0.008812599400000001
-0.0151191073
-0.0090635534
-1.6903700000000002e-05
-0.015279819500000002
-0.0079723512
-0.0012938167000000002
-0.0151344501
-0.00028611660000000004
-2.8701200000000002e-05
-0.0030921792
-0.015311545700000002
-0.0146777477
-1.20758e-05
-0.012113358400000001
-0.015145219100000001
-0.005216019600000001
-8.271560000000001e-05
-0.0153283284
-0.004252629700000001
-3.06856e-05
-0.015162340600000001
-2.70919e-05
-0.00023258620000000003
-0.0064386036
-0.0153526978
-0.012854447100000001
-0.0001104851
-0.0141367204
-0.015159521300000001
-0.0021473386
-0.0005523771000000001
-0.0153680406
-0.0015822565000000002
-0.0072808604
-0.015128230700000002
-1.65165e-05
-0.0011457853000000002
-0.0102092419
-0.015394249200000001
-0.0095550554
-0.0007713266
-0.0149241279
-0.0149714752
-0.0005589111000000001
-0.0020812484
-0.015409846100000001
-0.0003671866
-0.0014810763000000001
-0.014649457900000001
-1.6480200000000002e-05
-0.0007929856
-0.0131644854
-0.015433586300000001
-0.0056034495000000005
-0.0025771064
-0.0150831582
-0.014037500400000002
-6.57272e-05
-0.0050096541
-0.015333531400000001
-3.28757e-05
-0.004038133
-0.013130000400000001
-2.24334e-05
-0.0002911139
-0.014742059200000001
-0.015458609100000001
-0.0023985709000000003
-0.0001452121
-0.014287728400000001
-0.0151689956
-1.65286e-05
-0.0006458496000000001
-0.015371368100000001
-0.0014059716
-0.007724615800000001
-0.015112766900000001
-1.65044e-05
-0.0013137575
-0.0152414625
-0.015317281100000002
-0.0006943101000000001
-0.0008784237
-0.0149567737
-0.014944576900000001
-1.65044e-05
-0.0022999075
-0.0154278146
-0.0003008786
-0.011308635800000001
-0.014538440400000002
-1.6468100000000002e-05
-0.0036706802000000005
-0.015320197200000002
-0.014431319100000001
-9.37508e-05
-0.0028318356
-0.0151613726
-0.0044381227
-1.65165e-05
-0.014287062900000001
-0.013554432100000001
-5.59141e-05
-0.015103946000000002
-0.0029027658
-0.0003498352
-0.014828925100000001
-0.015464852700000002
-0.0021560022000000002
-0.00018661830000000002
-0.015106015100000002
-0.0017092581000000002
-1.65165e-05
-0.015128267
-0.0104455549
-0.0081013977
-0.015096202000000001
-1.65044e-05
-0.0015089547
-0.015269558700000001
-0.0152592616
-0.0005687
-0.0010253419
-0.015135151900000001
-0.0079267947
-1.65044e-05
-0.012535624200000001
-0.015428782600000001
-1.09021e-05
-0.011634355700000001
-0.014495158700000002
-1.65286e-05
-0.0040946521
-0.015330808900000001
-0.0141781508
-5.9943400000000006e-05
-0.0031317825000000002
-0.015157294900000002
-0.004237286900000001
-1.6468100000000002e-05
-0.014464001200000002
-0.0154653367
-1.82952e-05
-0.0138945752
-0.0026926977
-1.6468100000000002e-05
-0.007745597200000001
-0.015370061300000001
-0.0117583444
-1.0660100000000001e-05
-0.006565895600000001
-0.015110044400000001
-0.0015683052000000002
-1.6480200000000002e-05
-0.0151810351
-0.0100319164
-0.0005624806000000001
-0.015070332200000001
-1.6468100000000002e-05
-0.0017334702
-0.0152822879
-0.0154132099
-0.0080627019
-1.06117e-05
-0.0150047744
-0.0148229477
-0.00034955690000000003
-2.5252700000000003e-05
-0.015322435700000001
-0.0061779696
-0.0021374529
-0.015069775600000002
-0.0001200562
-0.0044547481
-0.0138909331
-0.015454555600000001
-0.0043507002
-2.5760900000000003e-05
-0.015091954900000001
-0.0135492896
-3.2367500000000005e-05
-0.0002106126
-0.015364894600000002
-0.0027889532000000003
-0.005125439000000001
-0.015170568600000002
-1.69521e-05
-0.0005205541
-0.0149931947
-0.015453938500000002
-0.0016586317
-0.0002833941
-0.015121345800000002
-0.0107483937
-1.6456e-05
-0.0010457062
-0.015377781100000001
-0.0008887692
-0.008882827800000001
-0.0089177
-1.65649e-05
-0.011671163900000002
-0.015294012800000001
-0.015145981400000001
-0.0004041037
-0.0013471898
-0.015151801500000001
-0.006980611
-1.64439e-05
-0.0031355940000000002
-0.0154467027
-0.0001440747
-0.0122361976
-0.014158427800000001
-1.6468100000000002e-05
-0.0047037661
-0.015344481900000002
-0.013918617900000001
-4.05592e-05
-0.0038114637000000004
-0.015101078300000001
-0.0033453596
-1.6468100000000002e-05
-0.006547431
-0.0154707091
-1.2813900000000001e-05
-0.014222025400000001
-0.011985945400000001
-1.6540700000000002e-05
-0.008477489900000001
-0.0153857187
-0.0112962696
-1.0648e-05
-0.0074239913
-0.015127250600000001
-0.010383131
-1.65044e-05
-0.0103249542
-0.015346260600000002
-0.0007599284
-0.0253755392
-0.0084541127
-1.8053200000000002e-05
-0.012017828900000001
-0.015420494100000001
-0.0073338947
-1.0660100000000001e-05
-0.0110559031
-0.0151527332
-0.0065385254
-1.6480200000000002e-05
-0.013287530300000001
-0.014504560400000002
-0.00010679460000000001
-0.012512101800000001
-0.013992706200000002
-0.00011230010000000001
-0.0142141967
-0.015461089600000002
-0.0036784605000000003
-0.0126877696
-0.013613806800000001
-0.015167180600000002
-0.0031469196000000004
-1.6468100000000002e-05
-0.014803067400000001
-0.0123073819
-1.11441e-05
-0.014340060900000002
-0.0018657111000000002
-0.0007430247
-0.015115670900000001
-0.0154260964
-0.0105707657
-1.0672200000000001e-05
-0.014741514700000001
-0.0151209223
-0.0010312709
-1.6480200000000002e-05
-0.0152556558
-0.008571978800000001
-1.06117e-05
-0.0149630899
-0.0083046656
-2.0618400000000002e-05
-0.015316409900000001
-0.0154334411
-0.0065086747000000006
-1.07206e-05
-0.011326531700000001
-0.014608063800000001
-0.0001995532
-5.2526100000000005e-05
-0.013628121100000001
-0.0141232894
-1.72909e-05
-0.015076273300000002
-0.0046239061
-0.0001578324
-0.014437332800000001
-0.015466498300000001
-0.0029568044
-5.9665100000000006e-05
-0.0150856024
-0.0129929437
-2.07152e-05
-0.00040634220000000003
-0.015386226900000001
-0.0017543548000000001
-0.00019397510000000002
-0.0151123434
0.1014938804
-0.0008898461
-0.01517824
-0.015388767900000001
-0.0009271262000000001
-0.0005110919000000001
-0.014804458900000001
-0.0151004128
-1.64439e-05
-0.0016896924000000002
-0.0152958399
-0.0079089593
-1.06117e-05
-0.015141383400000001
-0.007911814900000001
-0.0028268262000000002
-0.015339920200000001
-0.014737860500000002
-0.0001578324
-0.001973026
-0.015069013300000001
-0.014477359600000001
-0.0001512863
-6.616280000000001e-05
-0.015353956200000001
-0.004273429600000001
-2.2276100000000002e-05
-0.015091107900000001
-4.0777e-05
-0.0061762635
-0.015368016400000002
-0.0128775702
-1.4096500000000001e-05
-0.0049104341000000004
-0.015100908900000001
-0.0125699156
-1.7532900000000003e-05
-0.0004732552
-0.015392458400000001
-0.0017336154000000001
-0.0002588916
-0.015132889200000001
-1.6480200000000002e-05
-0.009793861000000001
-0.0154105721
-0.0100762629
-0.0010008757
-0.0006416267000000001
-0.0149068128
-0.008972271
-1.67827e-05
-0.011510681600000001
-0.015435473900000002
-0.0004860207
-0.010609134800000001
-0.0147175809
-1.64923e-05
-0.012886984
-0.0154438713
-0.0063850369
-1.2027400000000001e-05
-0.012178020800000001
-0.0141430366
-7.59275e-05
-7.861370000000001e-05
-0.013922756100000001
-0.014126532200000002
-3.2379600000000004e-05
-0.015108531900000001
-0.013218959600000002
-0.0002259917
-0.015360659600000002
-0.015472451500000001
-0.0028586371000000003
-0.00011411510000000001
-0.0141723065
-0.0126877696
-1.65891e-05
-0.0005461214
-0.015392676200000002
-0.0114814843
-0.00032567150000000004
-0.015138939200000001
-0.0012176351000000001
-0.0011527307
-0.015414565100000001
-0.009293780100000001
-1.0660100000000001e-05
-0.0149323317
-0.0150340564
-1.65286e-05
-0.0119724539
-0.0154417417
-0.0002910292
-0.0014189670000000001
-0.015155383100000001
-0.007033052400000001
-3.58523e-05
-0.013297149800000001
-0.014420223400000001
-1.3310000000000001e-05
-0.0123532651
-0.014213107700000002
-1.65044e-05
-0.015367411400000001
-0.0033962038000000003
-4.0680200000000004e-05
-0.0135104365
-0.013298287200000002
-1.65286e-05
-0.014789987300000002
-0.015488713900000001
-0.000144474
-0.0151143399
-0.0151788813
-0.0019698316000000002
-1.6468100000000002e-05
2.8556000000000002e-06
-0.015453091500000002
-0.0012625019000000002
-0.00039936050000000003
-0.0147399538
-0.0101398726
-1.6456e-05
-0.0152679978
-0.0089128116
-0.0008879948000000001
-0.014982050600000001
-0.014957039900000002
-0.00048194300000000003
-1.9130100000000002e-05
-0.0122692548
-0.0149915249
-0.00026823280000000003
-0.00169279
-0.015079939600000002
-0.0062712122
-4.4782100000000006e-05
-0.015349176700000002
-0.0050709769
-0.0028685954000000004
-0.015102506100000001
-0.013888428400000001
-4.94527e-05
-0.0001360887
-0.0143287111
-0.015480437500000001
-2.33046e-05
-0.004439248000000001
-0.0151178126
-0.0027856983
-0.0003571557
-0.015384835400000001
-0.0021791737
-0.006232141300000001
-0.015130203000000002
-0.011272795600000001
-1.64923e-05
-0.0007854836
-0.015144226900000002
-0.015442153100000001
-1.0623800000000002e-05
-0.0082005935
-0.015145799900000001
-0.0008099619000000001
-1.6552800000000002e-05
-0.015276431500000002
-0.0005948360000000001
-0.010091533100000001
-0.015165873800000002
-0.0075103006
-1.65286e-05
-0.0025734159
-0.015325618000000001
-0.014936155300000002
-1.09989e-05
-0.0117764218
-0.015169612700000001
-0.00011855580000000001
-5.65917e-05
-0.015464647000000002
-7.422140000000001e-05
-0.013065168600000001
-0.0151862381
-0.0039123051
-1.65286e-05
-0.0058318975000000006
-0.0153728564
-0.013257921600000002
-1.7750700000000003e-05
-0.0048074752
-0.0151877264
-1.73151e-05
-0.00044249700000000003
-0.015395108300000002
-1.0599600000000001e-05
-0.0145511696
-0.0151661763
-0.0014253437000000002
-1.64923e-05
-0.009742436
-0.015409604100000002
-0.0098730918
-0.0006045644000000001
-0.014872618200000002
-0.015068904400000001
-1.6480200000000002e-05
0.0029926930000000003
-0.015174597900000001
0.0001982343
-0.015032072
-0.014818035100000002
-0.0003233967
-2.67894e-05
-0.012902000100000002
-0.0154575201
-0.0059204332
-0.011988462200000001
-0.015166394100000001
-0.005486902300000001
-7.707700000000001e-05
-0.0153525042
-0.0040840404
-0.0035344947000000002
-0.0151794379
-0.0037739537000000003
-1.64439e-05
-0.006405727900000001
-0.015376159700000001
-0.0127452446
-0.00010253540000000001
-0.014109967300000002
-0.015188512900000001
-0.0023378289
-0.0005490617
-0.015398956100000001
-0.0014776157
-0.014633764200000001
-0.015159327700000001
-0.0012949662000000001
-1.6456e-05
-0.0102360192
-0.015420494100000001
-0.009287197700000001
-1.0599600000000001e-05
-0.0090633598
-0.0151468889
-0.0006350201000000001
-0.0020535999
-0.0153227624
-0.007349915100000001
-0.0108434029
-0.015150797200000002
-0.0068595747
-1.6456e-05
-0.0033320617
-0.015349624400000001
-0.0054667437
-1.3164800000000001e-05
-0.012351450100000001
-0.0141698381
-8.09006e-05
-0.0049714181000000005
-0.0154897061
-2.9632900000000002e-05
-0.0151069831
-0.0132546667
-2.3849100000000002e-05
-0.00028790740000000003
-0.0068620794
-0.0154969661
-0.0022738441
-0.0001381699
-0.014275580000000001
-0.011954957300000001
-1.65165e-05
-0.008808945200000001
-0.015453902200000001
-1.06117e-05
-0.014735609900000002
-0.015145449000000002
-0.0010848981
-1.64197e-05
-0.0106745958
-0.0154217767
-0.0006454624
-0.0008498072
-0.014978227
-0.014986866400000002
-1.6468100000000002e-05
-0.0023152261
-0.0149958446
-0.0002639373
-0.0150758256
-0.0146245077
-0.000197714
-4.33059e-05
-0.013458237100000001
-0.015472354700000001
-0.005017023000000001
-0.0028281814
-0.015111556900000002
-0.013963920300000002
-1.65165e-05
-0.005396612100000001
-0.013431326700000001
-2.2542300000000003e-05
-0.0151168809
-0.012931257900000001
-1.99287e-05
-0.00035517130000000004
-0.014864051400000002
-0.0154895246
-0.0020756945
-0.0061681807
-0.01514678
-0.011513682400000001
-1.65165e-05
-0.0092656839
-0.0104172772
-1.0599600000000001e-05
-0.015138080100000001
-0.0098390182
-1.65286e-05
-0.0015305048
-0.0152818402
-0.0152489766
-0.0005161497000000001
-0.009937778400000001
-0.015157452200000001
-0.0079814141
-2.15622e-05
-0.0125379474
-0.006392793000000001
-1.089e-05
-0.015168281700000001
-0.0060307247
-1.6456e-05
-0.0040775669
-0.015359425400000001
-0.0141656999
-5.8527700000000005e-05
-0.012959184700000001
-0.015185221700000001
-0.0041563621
-0.0001671978
-0.015382282300000001
-0.0030328166
-0.004735359200000001
-0.0151961117
-0.0026616733000000004
-1.64197e-05
-0.0077685267
-0.015403009600000002
-0.0116733782
-1.0635900000000001e-05
-0.014528288500000002
-0.015182571800000001
-0.0015287261
-0.0009333819
-0.015196450500000002
-0.0099582516
-0.0005869347
-0.015148074700000002
-0.0007619854000000001
-1.6698000000000002e-05
-0.011441348600000002
-0.015451349100000001
-0.0080482424
-1.0623800000000002e-05
-0.015043675900000001
-0.0148385688
-0.00032165430000000004
-0.0029829404
-0.0153485717
-0.0060345362
-0.0021917456000000004
-0.015177308300000001
-9.529960000000001e-05
-7.25516e-05
-0.013879401800000002
-0.015472185300000002
-0.0044390423
-0.0035619254
-0.0151183692
-0.013354564300000002
-2.60876e-05
-0.0062263696
-0.015372674900000001
-0.0029125184000000004
-0.0053182767
-0.0120181556
-1.65649e-05
-0.0005143589
-0.015008029300000001
-0.0154897182
-0.0017404882000000002
-0.0003134263
-0.0146748437
-0.015160791800000002
-1.65044e-05
-0.0100293754
-0.015418836400000002
-0.0008898219
-0.0149510504
-0.0085717489
-1.6480200000000002e-05
-0.0019495157000000002
-0.015317075400000001
-0.015161505700000001
-0.0004115694
-0.0014130622000000002
-0.015074204200000002
1.1979e-05
-1.65044e-05
-0.0130961567
-0.0154640178
-1.27897e-05
-0.015118393400000001
-0.0047916121
-1.65044e-05
-0.004817699700000001
-0.015370073400000002
-0.0138795107