voltage
0.1015021447
-0.1015021568
-0.1015021568
0.1015021447
-0.1015021568
-0.027363908000000003
-0.1015021568
0.1015021447
0.029527496900000002
0.08811612040000001
0.011841459300000001
-0.1015021568
0.1015021447
0.06641969510000001
0.08978633180000001
-0.1015021568
-0.1015021568
0.0367173895
-0.07365815710000001
-0.1015021568
-0.1015021568
-0.1015021568
0.1015021447
0.1015021447
0.1015021447
-0.1015021568
-0.1015021568
0.1015021447
0.005708392800000001
0.0689038614
0.1015021447
-0.048223727200000004
-0.1015021568
0.061449196600000006
-0.0105342479
-0.0379323021
-0.0195426858
-0.0224602741
0.1015021447
-0.1015021568
0.0187218944
-0.0536263046
0.0005957193000000001
-0.1015021568
0.1015021447
0.0937103013
0.1015021447
-0.1015021568
-0.07705341710000001
0.0280967929
0.006849967300000001
-0.09306359260000001
0.0648976603
0.1015021447
0.1015021447
0.1015021447
0.1015021447
-0.022477419800000002
-0.0698129828
0.0062006329
0.0069863464
0.005252053400000001
0.0043012596
0.0054988692
0.008515120900000001
-0.1015021568
0.0006246746000000001
0.018352033700000003
-0.050431239100000004
-0.1015021568
-0.0217103766
0.1015021447
0.0076657614
0.0081668224
0.007415170400000001
0.0114840253
0.004417347
0.0073352015
0.009644353400000001
0.0689142674
-0.018810889900000002
0.1015021447
-0.051647579500000006
-0.1015021568
0.1015021447
0.1015021447
-0.1015021568
-0.1015021568
-0.0864900135
-0.0250387962
-0.0018233974000000002
-0.1015021568
0.1015021447
0.017000633100000002
0.1015021447
-0.1015021568
0.1015021447
-0.038872205900000005
0.1015021447
0.1015021447
0.054286867800000006
-0.0897992304
-0.1015021568
0.0073144742000000006
-0.1015021568
0.06041192410000001
-0.1015021568
-0.1015021568
0.006286724400000001
0.0105612551
0.0071242259
0.0008386389
-0.1015021568
-0.1015021568
-0.0321555927
-0.1015021568
0.1015021447
-0.1015021568
-0.0206005767
-0.1015021568
0.1015021447
0.1015021447
-0.0911794895
0.0613503638
-0.1015021568
0.012413740900000001
0.1015021447
0.1015021447
-0.1015021568
0.1015021447
0.07976209890000001
0.1015021447
0.1015021447
0.1015021447
0.1015021447
-0.0006545979
-0.1015021568
-0.0805689148
-0.007765223400000001
0.1015021447
0.0807245208
-0.1015021568
0.1015021447
-0.1015021568
0.1015021447
0.1015021447
0.1015021447
-0.0152738542
-0.1015021568
-0.0122312366
-0.0399901249
0.0939242656
0.1015021447
-0.1015021568
0.1015021447
0.013701241400000001
0.0543778114
-0.0064269634
-0.1015021568
-0.08142719200000001
0.1015021447
-0.0075452696000000005
0.0934894884
0.07179354710000001
0.025498838200000002
-0.1015021568
-0.1015021568
0.016956589100000002
-0.1015021568
0.1015021447
0.0164155981
0.013564523500000002
-0.041938503200000005
-0.1015021568
0.1015021447
-0.1015021568
-0.09738931840000001
-0.1015021568
0.1015021447
-0.1015021568
0.1015021447
0.1015021447
-0.0310985972
0.0404710515
-0.1015021568
-0.0971239896
-0.1015021568
0.0284601438
0.017460820300000002
0.019615733500000003
0.013909421900000002
-0.09974833440000001
0.1015021447
-0.1015021568
0.1015021447
0.014510755600000001
0.0277120613
0.037345379500000005
-0.016131248100000002
-0.006605716700000001
-0.1015021568
-0.1015021568
0.1015021447
-0.1015021568
0.1015021447
-0.1015021568
0.011548917600000002
0.012134049400000001
0.022158560600000002
0.1015021447
-0.1015021568
0.1015021447
0.1015021447
0.1015021447
-0.0242468633
0.009340098900000001
-0.1015021568
-0.036777345
-0.1015021568
0.0508512906
-0.1015021568
-0.09005676680000001
-0.1015021568
0.1015021447
0.019094622800000002
-0.0961638788
0.1015021447
0.008771169
0.0114784593
0.1015021447
-0.1015021568
0.1015021447
-0.1015021568
-0.1015021568
0.1015021447
0.1015021447
0.1015021447
0.0495989043
-0.0326542095
0.1015021447
-0.1015021568
-0.020675161100000002
-0.1015021568
-0.0060085333000000005
0.1015021447
0.017081727300000002
0.1015021447
0.0128165741
0.1015021447
0.042218327800000004
-0.1015021568
0.010030537
0.015469559600000002
0.049145275300000006
-0.027367187100000002
-0.1015021568
0.0887658904
0.1015021447
0.1015021447
0.0378427379
-0.0435290482
-0.0534121346
0.046985618900000005
0.0171653504
0.052475534100000006
-0.1015021568
0.1015021447
0.0929035096
0.1015021447
0.013728369600000002
-0.0005320491000000001
0.0705745205
0.0675624554
-0.0040358098
0.021608422000000002
0.1015021447
-0.1015021568
0.1015021447
0.0533891446
0.0624439981
-0.1015021568
-0.0878246072
-0.1015021568
0.1015021447
-0.1015021568
-0.1015021568
-0.1015021568
0.1015021447
-0.077130603
-0.1015021568
-0.0732014547
0.050952144100000006
-0.1015021568
-0.1015021568
-0.1015021568
-0.012671991200000001
0.0018132818000000002
0.09353800940000001
0.0057864136
0.012432967800000002
0.0139737213
0.009076197900000001
0.016309093900000002
0.013283585700000001
0.009428078000000001
-0.0447087014
0.033732670400000005
0.015662893400000003
-0.1015021568
0.1015021447
-0.054355813600000004
0.1015021447
0.1015021447
-0.1015021568
0.1015021447
-0.1015021568
0.06497444690000001
0.0117891994
-0.1015021568
-0.1015021568
0.1015021447
-0.0026637061
0.0911357722
-0.1015021568
-0.1015021568
-0.1015021568
0.1015021447
0.1015021447
0.0429486959
0.0785131248
0.0035582833000000003
-0.0511463854
0.0162619281
0.0980055714
0.1015021447
0.1015021447
0.049393361600000005
-0.1015021568
0.1015021447
0.1015021447
0.0160904348
0.011683276000000001
0.0165698126
0.1015021447
-0.1015021568
-0.1015021568
-0.09250255190000001
-0.1015021568
0.0148241093
0.012738432300000001
0.0206966628
0.0123995113
-0.009177087700000001
0.1015021447
-0.0315393639
0.07239070630000001
-0.1015021568
0.0120294691
0.0190722257
0.1015021447
0.1015021447
0.1015021447
-0.1015021568
0.0071911752
0.0112600422
-0.013403775000000001
0.1015021447
-0.1015021568
-0.1015021568
0.1015021447
0.0403277754
-0.1015021568
0.08400856970000001
-0.1015021568
-0.1015021568
-0.1015021568
0.1015021447
0.1015021447
0.1015021447
-0.1015021568
-0.04904009
0.1015021447
0.0163035158
-0.07502896610000001
0.0523670939
-0.036784774400000005
-0.1015021568
0.1015021447
0.1015021447
-0.1015021568
-0.1015021568
-0.1015021568
-0.1015021568
0.010031674400000001
0.020595397900000003
-0.015415218500000001
0.0533006331
-0.10138243940000001
0.07422339650000001
0.012352660100000001
-0.0848308252
-0.1015021568
-0.1015021568
-0.1015021568
0.1015021447
0.08404624910000001
0.0195797118
-0.1015021568
0.1015021447
-0.1015021568
-0.0138452677
-0.1015021568
0.1015021447
0.029210247
-0.0032081819000000004
0.1015021447
0.1015021447
0.1015021447
0.1015021447
-0.0884576308
0.1015021447
0.1015021447
-0.1015021568
0.0171127638
0.1015021447
0.09803613600000001
0.0876634352
0.1015021447
0.1015021447
-0.1015021568
0.0124660129
0.0155243605
0.0144986677
-0.0072598911000000006
0.1015021447
0.1015021447
0.1015021447
-0.1015021568
-0.1015021568
0.0174012036
0.0198163878
0.1015021447
0.1015021447
0.014278617100000002
0.011728747800000001
0.1015021447
-0.1015021568
-0.1015021568
0.1015021447
0.010416393900000001
0.014404989500000001
0.013325560600000001
-0.1015021568
-0.1015021568
-0.09786804280000001
-0.0448881444
-0.1015021568
0.1015021447
-0.0479406719
-0.1015021568
0.08552280000000001
-0.1015021568
-0.1015021568
0.0195163925
0.1015021447
0.1015021447
-0.08195417120000001
0.1015021447
-0.09362093070000001
-0.040012413100000005
0.1015021447
-0.0746742546
0.0098678041
0.013149009500000001
-0.0438883456
-0.1015021568
-0.1015021568
0.1015021447
-0.1015021568
-0.1015021568
0.0666703829
-0.0888912101
0.026761037600000002
0.029255452600000002
0.027416167900000003
0.0270500098
0.0267488045
0.1015021447
0.0463090716
0.1015021447
0.08351178000000001
0.1015021447
0.026729795400000003
0.027028108800000002
0.0274004379
0.026653565400000002
0.1015021447
0.0567928867
-0.0815376287
0.1015021447
-0.0034073479
0.1015021447
-0.0121921536
-0.1015021568
0.1015021447
-0.08070389030000001
0.1015021447
0.1015021447
-0.0732252796
0.1015021447
0.1015021447
-0.0712769739
-0.1015021568
0.1015021447
0.024818116400000003
0.016742528
-0.1015021568
0.1015021447
0.09489843660000001
0.0264840686
0.0272606224
-0.0068727032
0.1015021447
-0.0615119109
0.028340862
-0.0943052583
0.1015021447
0.027224310300000002
0.0021070940000000003
0.024004052600000002
-0.0094345152
0.1015021447
0.0431740705
0.1015021447
-0.1015021568
-0.1015021568
0.0257954697
0.1015021447
0.1004372116
-0.05996753950000001
-0.1015021568
-0.1015021568
0.021862437300000002
-0.1015021568
0.025764687300000002
0.0268546311
-0.0139565998
0.030345723100000003
0.029573779400000003
0.0283583949
0.0272026271
0.029105678800000003
0.0311738834
0.0181392673
-0.006957209600000001
-0.1015021568
-0.1015021568
0.0267971561
0.024769910000000003
0.0138099962
-0.1015021568
0.1015021447
0.1015021447
0.1015021447
0.1015021447
0.1015021447
-0.1015021568
0.1015021447
-0.1015021568
0.026011115900000003
-0.1015021568
0.0410371863
-0.020592711700000002
0.0633414793
-0.1015021568
0.1015021447
-0.1015021568
-0.045887096200000005
0.0651309967
-0.1015021568
0.1015021447
0.014102598400000001
0.1015021447
0.07229616900000001
0.1015021447
0.1015021447
0.1015021447
0.0249837896
0.0267287306
0.0265356872
0.0257542813
0.0296105997
0.1015021447
-0.044502662600000006
0.1015021447
0.1015021447
-0.1015021568
0.1015021447
-0.1015021568
0.0284133168
-0.0712851414
-0.00024077790000000002
0.0848691096
0.09490915720000001
-0.1015021568
-0.1015021568
-0.1015021568
0.06430935830000001
0.060442525000000004
0.0274041284
0.026017916100000003
0.023346937900000003
-0.1015021568
-0.0766692421
0.1015021447
-0.1015021568
-0.0277999194
-0.1015021568
0.0636281041
-0.08355656210000001
0.0270163476
0.024260621000000003
0.024963001800000002
-0.1015021568
0.035733344900000005
0.1015021447
0.1015021447
-0.0027647653000000003
0.1015021447
0.1015021447
-0.1015021568
-0.1015021568
0.042130264
-0.1015021568
0.1015021447
-0.044515730600000004
0.1015021447
-0.1015021568
0.1015021447
0.08296875620000001
0.046360520800000006
0.1015021447
-0.1015021568
0.1015021447
0.0287473978
0.028666969100000002
0.1015021447
-0.1015021568
0.07323050680000001
-0.1015021568
-0.015773439
-0.1015021568
0.1015021447
-0.0636928754
0.026253478900000002
0.0275289883
0.027236023100000003
-0.065926487
0.0909871963
-0.006417114000000001
-0.0915511289
-0.1015021568
0.0141976076
0.027078239100000002
0.022827242900000003
-0.0628506065
0.0888471903
0.022852096300000003
-0.0017749611
0.1015021447
-0.1015021568
-0.038386390900000004
0.1015021447
-0.1015021568
0.1015021447
0.0321701369
0.1015021447
-0.1015021568
-0.0945501502
-0.030043525600000003
-0.0327928392
0.025363511800000002
0.0253540738
0.021528053800000002
-0.09166681700000001
-0.0553728307
0.1015021447
0.031290479
0.0220593648
-0.058546455000000004
-0.0212661009
-0.049233750500000006
0.1015021447
0.0670218516
0.1015021447
-0.1015021568
0.1015021447
0.1015021447
0.1015021447
0.024656194200000002
0.0239353851
0.018240592700000002
0.1015021447
0.1015021447
-0.06918024960000001
-0.040781053500000004
0.023213644300000003
0.0304631536
0.0284073152
-0.0645472685
-0.1015021568
-0.1015021568
0.029919500600000003
0.025784543400000002
0.1015021447
-0.1015021568
-0.1015021568
-0.0933623053
0.0454813348
-0.1015021568
-0.1015021568
-0.033016858600000004
-0.1015021568
0.0265213124
0.025607024300000003
0.0254181191
-0.0893823249
0.0354614337
0.1015021447
-0.0195371682
-0.1015021568
0.1015021447
0.0255967151
0.1015021447
0.1015021447
-0.0882517614
0.1015021447
-0.1007177501
0.1015021447
0.0261795116
-0.1015021568
-0.0757263012
-0.1015021568
0.1015021447
-0.1015021568
0.1015021447
-0.1015021568
-0.059131296400000005
-0.053465120500000005
0.07857193080000001
0.1015021447
0.09943920360000001
-0.1015021568
0.022263056200000002
0.0088498432
0.0254842698
0.024952474800000003
0.027244275300000002
0.0754402088
0.1015021447
-0.1015021568
0.1015021447
0.0315832143
0.026105979900000003
0.1015021447
-0.1015021568
0.07866386660000001
0.024803790000000003
-0.1015021568
-0.028006793100000003
0.0817663671
-0.1015021568
-0.1015021568
-0.1015021568
0.025351399700000003
-0.1015021568
-0.1015021568
0.1015021447
0.1015021447
-0.0461853854
0.0643231281
-0.1015021568
0.1015021447
0.027533779900000003
0.0273452619
0.025259560700000003
-0.024990771300000002
-0.0752983242
0.07172570240000001
-0.1015021568
0.0752782382
-0.1015021568
-0.0321277264
0.011146205400000001
0.1015021447
0.024423087700000002
0.0255942951
0.026366468700000003
0.023800191800000002
0.0261884172
0.024251848500000003
0.1015021447
0.1015021447
-0.0497494767
-0.0023900404
-0.1015021568
-0.019328890900000003
0.1015021447
0.07837534210000001
0.0337884877
0.025009659400000002
0.1015021447
-0.07972900540000001
0.1015021447
-0.0799953748
0.0360209861
-0.1015021568
-0.1015021568
0.1015021447
0.1015021447
-0.1015021568
-0.0224480773
0.1015021447
-0.1015021568
0.1015021447
-0.1015021568
-0.052814963300000003
-0.1015021568
-0.1015021568
0.053071301800000005
-0.0594447711
-0.1015021568
-0.0920780234
-0.1015021568
-0.1015021568
-0.0784755906
0.0211659008
0.0272585049
0.017695899100000002
0.023904554300000002
0.0268354163
0.0246172927
0.027133524000000003
-0.0273826146
-0.1015021568
-0.1015021568
-0.1015021568
0.026797724800000002
0.026365658
0.0242006292
0.1015021447
-0.1015021568
0.1015021447
-0.1015021568
0.0564938836
-0.0330203676
0.0699491804
0.0255953841
-0.1015021568
-0.0170526026
0.0792556655
0.0734849214
0.1015021447
-0.1015021568
-0.1015021568
-0.0322498275
-0.1015021568
0.0252873181
0.1015021447
0.0123439481
-0.0164718994
0.0245554496
0.0247615973
0.026031589100000002
0.023510433100000002
0.025932030300000002
0.012467356
-0.0383224787
-0.1015021568
0.0721429588
-0.1015021568
0.1015021447
-0.0324813247
-0.1015021568
-0.0045326237
-0.1015021568
0.050554586500000005
0.0534168173
-0.1015021568
0.1015021447
0.0528034925
0.0084696491
0.1015021447
-0.1015021568
-0.0064628641
-0.1015021568
0.1015021447
-0.1015021568
0.1015021447
0.1015021447
0.0760163382
0.025401602600000003
0.025227870800000003
0.0358806019
-0.0191295434
0.1015021447
-0.1015021568
0.1015021447
-0.019596676
0.1015021447
0.0569981269
-0.1015021568
0.1015021447
0.036338889400000005
-0.07718654130000001
0.1015021447
0.0391183804
0.0240899263
0.0256987181
0.0260097123
0.028905762600000003
-0.1015021568
-0.1015021568
-0.1015021568
0.09521260100000001
0.1015021447
-0.1015021568
-0.09784494390000001
0.1015021447
0.0279112031
0.025248150400000002
0.036868494300000006
0.0422749316
-0.1015021568
0.1015021447
0.1015021447
0.041696963000000004
0.1015021447
-0.049583646200000005
0.010870748900000001
0.0270700474
0.1015021447
0.1015021447
0.1015021447
0.0272938611
-0.1015021568
-0.059799543100000005
-0.0952782556
-0.023655016
-0.06223109860000001
0.0287481238
-0.035734663800000004
-0.0457053179
-0.1015021568
0.0030088949
0.1015021447
0.10089644290000001
-0.1015021568
0.029428567300000003
-0.1015021568
0.1015021447
-0.0719717317
0.0431919906
-0.1015021568
-0.07584696240000001
-0.1015021568
0.026887047
0.1015021447
-0.1015021568
-0.08579838960000001
0.1015021447
0.025381274600000003
0.1015021447
-0.1015021568
0.1015021447
0.0244982166
-0.1015021568
0.1015021447
0.1015021447
-0.0189022207
-0.1015021568
0.1015021447
-0.1015021568
-0.1015021568
-0.1015021568
0.0201237036
-0.1015021568
-0.1015021568
0.07204290390000001
-0.021120320100000003
-0.1015021568
0.024877188600000003
0.026854957800000002
0.1015021447
0.0802442476
-0.1015021568
0.0237464073
0.025557269100000002
0.024682548000000002
0.0256524477
-0.1015021568
-0.07141306260000001
-0.0954446669
0.025704925400000002
0.0820866662
0.1015021447
-0.055172890300000006
-0.1015021568
0.1015021447
-0.1015021568
-0.0358679937
-0.0757202633
0.1015021447
0.1015021447
-0.1015021568
0.1015021447
-0.011609320800000001
-0.08522636210000001
0.0588734938
-0.1015021568
-0.0957570647
0.029904617600000002
0.1015021447
0.013145452100000002
-0.1015021568
-0.1015021568
-0.1015021568
-0.0242362516
0.1015021447
0.0211275559
0.1015021447
0.1015021447
-0.1015021568
0.1015021447
0.07794794590000001
-0.1015021568
0.0918713433
0.07612915860000001
0.1015021447
-0.08671803800000001
-0.06801085720000001
-0.058927338800000006
0.0257559753
0.1015021447
-0.1015021568
-0.1015021568
-0.0026046944
0.1015021447
0.0140070326
-0.1015021568
-0.1015021568
0.1015021447
-0.1015021568
0.1015021447
0.0253411994
0.0351689888
-0.1015021568
-0.1015021568
-0.1015021568
0.1015021447
0.051657610400000005
-0.1015021568
0.0079633609
0.0612266776
0.09619170880000001
-0.1015021568
-0.0217921968
0.0710871733
-0.1015021568
-0.1015021568
0.1015021447
-0.1015021568
0.0254446907
0.0277528504
0.026178458900000003
0.025520182600000003
0.028295051400000003
0.024995454
-0.014464061700000001
0.0737547756
5.38813e-05
0.0294441642
0.1015021447
0.1015021447
-0.1015021568
0.023602514100000003
0.0238960964
0.0115851813
0.1015021447
-0.0854859797
-0.038638905800000005
0.0254445576
-0.07729754670000001
-0.1015021568
0.049620539100000007
-0.019130947000000002
-0.1015021568
0.1015021447
0.024417497500000003
0.0261848961
-0.0575986983
0.0250273859
-0.0680055816
-0.1015021568
0.1015021447
0.1015021447
-0.1015021568
0.1015021447
0.1015021447
-0.1015021568
-0.1015021568
-0.1015021568
0.0630949418
0.1015021447
-0.1015021568
-0.051347366400000004
0.0231714758
0.0611499636
-0.0166654752
0.1015021447
0.026943070000000003
0.1015021447
-0.019212041200000002
0.0449455468
0.1015021447
0.1015021447
-0.1015021568
0.1015021447
0.0170623189
-0.017339058
0.1015021447
0.1015021447
-0.1015021568
0.0244914648
-0.1015021568
-0.0007224668
-0.1015021568
0.041145674900000005
-0.010321663
-0.1015021568
0.024125960100000003
0.0285853909
0.0482349923
0.1015021447
-0.1015021568
0.049814381100000006
0.1015021447
0.0525303108
0.024320782200000002
0.0262354378
-0.0585736679
-0.1015021568
0.1015021447
-0.0467894416
-0.1015021568
0.0545109235
-0.07831169610000001
-0.1015021568
0.1015021447
0.1015021447
0.1015021447
0.026594662600000003
0.0269737798
0.026505497700000002
-0.009527552100000001
-0.1015021568
0.1015021447
-0.1015021568
0.0251400853
0.029101540600000003
-0.1015021568
0.1015021447
-0.1015021568
-0.06358254760000001
0.0665951209
0.0627160061
0.1015021447
0.1015021447
0.0894395942
0.0956207703
0.1015021447
0.1015021447
-0.0119016689
0.1015021447
0.1015021447
0.067814329
-0.1015021568
0.0245316731
-0.0770237842
0.0780934726
0.1015021447
-0.1015021568
-0.0235181892
-0.1015021568
-0.1015021568
-0.1015021568
0.1015021447
0.0274119329
0.0280509097
0.023746540400000002
0.026300426900000003
0.0323628294
0.025835085100000002
0.0274513184
0.0256488903
0.025285309500000002
0.0261092711
0.0237020366
0.0258843321
-0.057583670100000005
-0.0540971156
-0.1015021568
0.1015021447
0.1015021447
-0.1015021568
0.0061731538
0.1015021447
0.1015021447
-0.1015021568
0.1015021447
0.1015021447
-0.0632095651
0.1015021447
0.0568683181
0.1015021447
0.1015021447
-0.0533258616
0.0923762763
0.1015021447
-0.09335856640000001
-0.1015021568
0.1015021447
0.0086248921
-0.1015021568
-0.0108205339
0.0066404437
0.059870945200000004
-0.000182589
0.1015021447
0.1015021447
0.1015021447
0.08487025910000001
-0.0517386441
0.1015021447
0.1015021447
-0.1015021568
0.1015021447
-0.0699176841
0.0264607398
0.024984769700000003
0.026328063300000003
0.0164766184
0.1003358015
-0.041716577100000006
-0.0990826166
0.1015021447
0.1015021447
0.1015021447
0.028510939600000004
-0.0369137846
-0.0417884148
0.1015021447
-0.1015021568
0.017736579300000003
0.1015021447
0.1015021447
0.1015021447
0.1015021447
0.1015021447
-0.1015021568
0.026608432400000003
-0.1015021568
0.0625189939
0.1015021447
0.0259968621
0.025348459400000002
0.0273877208
-0.1015021568
0.044186634800000006
-0.1015021568
-0.1015021568
0.024061951100000003
0.0265773233
0.0834529014
0.0781812218
-0.1015021568
-0.0682941061
0.1015021447
0.0209586036
0.0211273623
0.0233494789
-0.042310578200000004
-0.1015021568
-0.0120372857
0.0334973859
0.1015021447
0.1015021447
0.1015021447
-0.1015021568
0.0241583034
0.0268497548
-0.1015021568
0.1015021447
-0.1015021568
-0.029072415900000002
-0.1015021568
-0.1015021568
-0.1015021568
-0.08629252940000001
0.1015021447
-0.0823498896
0.027838457900000002
0.0236337684
0.0264650474
0.1015021447
-0.1015021568
0.1015021447
0.1015021447
0.1015021447
-0.1015021568
0.1015021447
-0.07611690130000001
-0.0013327182000000002
0.025415771700000003
-0.010774953200000001
0.1015021447
-0.1015021568
-0.1015021568
0.1015021447
-0.1015021568
-0.0490437684
0.033884440700000004
-0.0536421314
0.045931733100000004
0.026506151100000003
0.0255752981
0.1015021447
-0.0470275938
-0.017262319800000002
-0.1015021568
-0.1015021568
0.1015021447
-0.1015021568
-0.1015021568
-0.1015021568
0.026847734100000003
0.1015021447
-0.1015021568
0.1015021447
0.10136357550000001
0.0350137458
-0.1015021568
-0.1015021568
-0.011959785200000001
0.0659624966
-0.0913473286
0.009536663400000001
-0.1015021568
0.1015021447
0.1015021447
0.1015021447
0.021665630800000002
0.1015021447
-0.1015021568
0.0254832413
-0.1015021568
-0.1015021568
-0.0346159583
0.1015021447
-0.1015021568
0.0050963264
0.0734696875
-0.0532630747
0.1015021447
-0.0438078443
0.0945607982
0.0561966834
0.025580513200000002
0.0239972645
-0.1015021568
0.0
-0.1015021568
0.027999738800000003
0.1015021447
0.1015021447
0.1015021447
-0.1015021568
-0.0566000127
-0.1015021568
-0.1015021568
0.0099729168
-0.1015021568
0.1015021447