-0.0142938026
-0.1015021568
-0.1015021568
-0.1015021568
-0.1015021568
-0.1015021568
-0.09181245260000001
0.0063110938000000005
-4.40077e-05
-0.0754382244
-0.1015021568
-0.100114432
-0.1015021568
-0.1015021568
-0.1015021568
0.006571788300000001
-0.0794714932
-0.1015021568
-0.1015021568
-0.1015021568
0.0037717999000000005
-0.0206877814
-0.1015021568
-0.1015021568
-0.1015021568
-0.1015021568
-0.0026927219000000002
-1.70852e-05
-0.1015021568
-0.1015021568
-0.1015021568
0.0208076319
-1.69158e-05
-0.041008957000000006
-0.1015021568
-0.1015021568
-0.1015021568
-0.1015021568
0.0269591146
-1.84888e-05
-0.1015021568
-0.1015021568
-0.1015021568
0.010044863400000001
-4.3789900000000006e-05
-0.0669015776
-0.1015021568
-0.1015021568
-0.1015021568
-0.1015021568
0.033515886800000005
-0.0001647778
-0.1015021568
-0.1015021568
-0.1015021568
-1.62745e-05
-0.0216316782
-0.1015021568
-0.1015021568
-0.1015021568
-0.1015021568
-0.1015021568
0.0252303029
-0.0012290454000000001
-0.1015021568
-0.1015021568
-0.1015021568
-0.1015021568
-0.1015021568
0.0005890038
-0.1015021568
-0.1015021568
-0.1015021568
-0.1015021568
0.029803945600000003
-1.97351e-05
-0.1015021568
-0.1015021568
-0.1015021568
-0.1015021568
0.033605680900000004
-6.04516e-05
-0.0685030368
-0.1015021568
-0.1015021568
-0.1015021568
0.0052836223000000005
-0.1015021568
-0.1015021568
-0.1015021568
0.0297330396
-0.09317896610000001
-0.1015021568
-0.1015021568
0.0123995839
-0.0015083739
-0.1015021568
-0.1015021568
-0.1015021568
-0.1015021568
0.0247145767
0.00043522490000000004
-0.0438914311
-0.1015021568
-0.1015021568
-0.1015021568
-0.0649585112
7.6835e-05
-0.056259518700000004
-0.1015021568
-0.1015021568
-0.1015021568
-0.1015021568
0.0334859998
-7.68834e-05
-0.1015021568
-0.1015021568
-0.1015021568
-0.1015021568
-1.5016100000000002e-05
-0.0824674532
-0.1015021568
-0.1015021568
0.0003401794
-0.024364015500000002
-0.1015021568
7.744e-07
-0.09539280630000001
0.0010708016000000001
-0.0344536852
-0.1015021568
-0.1015021568
-0.1015021568
-0.1015021568
-0.1015021568
0.0161233105
-1.5367e-05
-0.0460168929
-0.1015021568
-0.1015021568
-0.1015021568
-0.0576750856
4.5641200000000006e-05
-0.0587953036
-0.1015021205
-0.1015021568
-0.1015021568
0.033694676400000005
-1.35036e-05
-0.07191441400000001
-0.1015021568
-0.1015021568
-0.1015021568
-0.0134941741
-1.44716e-05
-0.0845276355
-0.1015021568
-0.1015021205
0.0269701619
-0.0009438726000000001
-0.1015021568
-0.1015021568
0.0008663358
-0.1015021568
-0.1015021568
-0.1015021568
-0.07203689020000001
0.0002438029
-0.0483446062
-0.1015021568
-0.1015021568
-0.1015021568
-0.1015021568
0.0102312639
-0.007485628700000001
-0.1015021568
-0.1015021568
-0.1015021568
-0.02803691
-1.3987600000000001e-05
-0.0738814868
-0.1015021568
-0.1015021568
-0.1015021568
-0.0063959632
0.0035445014000000004
-0.019245134700000003
-0.1015021568
-0.1015021568
0.012027714600000001
-1.3890800000000001e-05
-0.1015021568
-0.1015021568
-0.0840234043
-0.0024842873
-0.1015021568
-0.1015021568
-0.1015021568
0.014204649800000002
-0.004837217
-0.1015021568
-0.1015021568
-0.1015021568
-0.1015021568
0.035324086600000006
-5.4256400000000005e-05
-0.1015021568
-0.1015021568
-0.1015021568
-0.1015021568
0.0056510872
-0.0137615115
-0.1015021568
-0.1015021568
-0.1015021568
0.029751431600000003
-1.3624600000000002e-05
-0.08856942270000001
-0.1015021568
-0.1015021568
0.0241086813
-0.001397671
-0.1015021568
-0.1015021568
0.018302944
-0.0407894025
-0.1015021568
-0.1015021568
-0.055636997900000006
-2.1199200000000002e-05
-0.0529763652
-0.1015021568
-0.1015021568
-0.1015021568
-0.1015021568
0.0083925479
-0.0096230937
-0.1015021568
-0.1015021568
-0.1015021568
-0.011534675900000001
0.004927712900000001
-0.015342485400000001
-0.1015021568
-0.1015021568
-0.1015021568
-0.1015021568
0.028648407700000003
-0.0007159691
-0.1015021568
-0.1015021568
0.021391698900000002
-1.31527e-05
-0.1009756858
-0.1015021568
-0.06989764650000001
-1.3745600000000001e-05
-0.1015021568
-0.1015021568
-0.1015021568
0.0357467759
-3.08429e-05
-0.1015021568
-0.1015021568
-0.1015021568
-0.1015021568
0.035487823800000005
-0.0001067341
-0.1015021568
-0.1015021568
-0.1015021568
-0.1015021568
0.0321999634
-0.00035127510000000005
-0.0809401186
-0.1015021568
-0.1015021568
-0.1015021568
0.0118611218
-1.29712e-05
-0.09261534810000001
-0.1015021568
-0.1015021568
0.0009293284
-0.0020275849
-0.1015021568
-0.1015021568
0.0157916616
-0.1015021568
-0.1015021568
-0.1015021568
-0.0418676819
3.146e-05
-0.05825609130000001
-0.1015021568
-0.1015021568
-0.1015021568
-0.1015021568
0.006636474900000001
-0.07127748210000001
-0.1015021568
-0.1015021568
-0.1015021568
0.0006144259
-1.2777600000000001e-05
-0.0839078251
-0.1015021568
-0.1015021568
-0.1015021568
-0.0947350987
0.0018699824000000002
-0.0012014816
-0.1015021568
-0.1015021568
0.0205783732
-1.26445e-05
-0.1015021568
-0.1015021568
0.035535255800000005
-0.049617187400000005
-0.1015021568
-0.1015021568
-0.1015021568
1.15434e-05
-0.062095058300000006
-0.1015021568
-0.1015021568
-0.1015021568
-0.1015021568
0.005896366300000001
-0.0138575855
-0.1015021568
-0.1015021568
-0.1015021568
1.6940000000000002e-07
-1.2487200000000001e-05
-0.08684753220000001
-0.1015021568
-0.1015021568
-0.1015021568
-0.09019641290000001
0.0015598231000000001
-0.0295505837
-0.1015021568
-0.1015021568
-0.07172965910000001
-1.2813900000000001e-05
-0.040240570700000006
-0.1015021568
-0.1015021568
0.0001242549
-0.1015021568
-0.1015021568
-0.1015021568
0.008517480400000001
-0.009747384900000001
-0.1015021568
-0.1015021568
-0.1015021568
-0.1015021568
0.0338460958
-0.09902587970000001
0.0026581764
-0.1015021568
-0.1015021568
0.025007348300000003
-1.22936e-05
-0.0994877125
-0.1015021568
-0.1015021568
0.032888199300000004
-0.0035859439
-0.1015021568
-0.1015021568
-0.1015021568
6.11776e-05
-0.1015021568
-0.1015021568
-0.1015021568
-0.0203940781
-1.07206e-05
-0.06717087520000001
-0.1015021568
-0.1015021568
-0.1015021568
-0.1015021568
0.004115512500000001
-0.016972004500000002
-0.1015021568
-0.1015021568
-0.1015021568
-0.1015021568
0.0266007005
-1.2160500000000002e-05
-0.09117480680000001
-0.1015021568
-0.1015021568
-0.1015021568
-0.07628764440000001
0.0008500008
-0.0021427164
-0.1015021568
-0.1015021568
0.0347962241
0.0002422299
-0.1015021568
-0.1015021568
-0.1015021568
2.0824100000000003e-05
-0.1015021568
-0.1015021568
-0.1015021568
-0.1015021568
0.0340629157
-1.20032e-05
-0.048051326400000004
-0.1015021568
-0.1015021568
-0.1015021568
0.0020661718
-1.2051600000000002e-05
-0.0799961492
-0.1015021568
-0.1015021568
-0.1015021568
-0.0857343806
0.024159707000000002
-0.0011670087
-0.0923178575
-0.1015021568
-0.1015021568
-0.1015021568
-0.0685639482
-1.2027400000000001e-05
-0.1015021568
-0.1015021568
-0.1015021568
0.013249233800000001
-0.1015021568
-0.1015021568
-0.1015021568
0.0357543263
-6.970810000000001e-05
-0.1015021568
-0.1015021568
-0.1015021568
-0.1015021568
0.0328249284
-1.18943e-05
-0.0709527181
-0.1015021568
-0.1015021568
-0.1015021568
0.009221881900000001
-1.19306e-05
-0.08400712980000001
-0.1015021568
-0.1015021568
-0.1015021568
-0.08153330900000001
0.022962956500000003
-0.0015385997
-0.09471334290000001
-0.1015021568
-0.1015021568
-0.062309264600000004
-1.24267e-05
-0.1015021568
-0.1015021568
-0.1015021568
0.012033099100000002
-0.1015021568
-0.1015021568
-0.1015021568
0.007759705800000001
-0.0633897583
-0.1015021568
-0.1015021568
-0.1015021568
-0.0002231482
-1.1773300000000001e-05
-0.07568495550000001
-0.1015021568
-0.1015021568
-0.1015021568
0.0159728833
-1.17491e-05
-0.0872000415
-0.1015021568
-0.1015021568
-0.1015021568
0.027888213100000003
-1.17249e-05
-0.0969238798
9.91232e-05
-0.1015021568
-0.1015021568
0.0148639788
-0.1015021568
-0.1015021568
-0.1015021568
0.0310285866
-0.0063731426
-0.1015021568
-0.1015021568
0.034106887100000004
-0.0001410618
-0.1015021568
-0.1015021568
-0.1015021568
-0.09897593090000001
0.0038258627000000004
-0.0174108836
-0.1015021568
-0.1015021568
-0.1015021568
-0.08686274190000001
0.0019675326000000003
-0.0254624172
-0.1015021568
-0.1015021568
-0.053923020800000006
-0.1015021568
0.019932184800000002
-0.0024358631
-0.1015021568
-0.1015021568
-0.1015021568
0.0361741358
-0.046189051700000004
-0.1015021568
-0.1015021568
-0.1015021568
1.3806100000000002e-05
-0.1015021568
-0.1015021568
-0.0507510784
-0.0002095962
-0.1015021568
-0.1015021568
-0.1015021568
-0.0956466522
0.0033376156
-0.019685659400000003
-0.1015021568
-0.1015021568
0.0253755392
-0.0815095083
0.0015617591
-0.0281994856
-0.1015021568
-0.1015021568
-0.1015021568
-0.1015021568
0.0329299564
-1.20032e-05
3.1097e-06
-0.1015021568
-0.1015021568
-0.1015021568
-0.042570728200000005
-0.0054127172
-0.1015021568
-0.1015021568
-0.1015021568
-3.0492000000000004e-06
-0.1015021568
-0.1015021568
-0.1015021568
0.033223938
-0.0003160883
-0.1015021568
-0.1015021568
-0.1015021568
-0.1015021568
0.0161443766
-1.1482900000000001e-05
-0.0219835341
-0.1015021568
-0.1015021568
-0.1015021568
0.027376600900000003
0.0011732886000000002
-0.030823987700000003
-0.1015021568
-0.1015021568
-0.1015021568
-0.1015021568
0.0345230061
-1.3140600000000001e-05
-0.041200645200000004
-0.1015021568
-0.1015021568
-0.1015021568
-3.4388200000000004e-05
-0.0525952031
-0.1015021568
-0.1015021568
0.0363483153
-0.06476874690000001
-0.1015021568
-0.1015021568
-0.09816231480000001
0.0040727511
-0.00042847310000000005
-0.1015021568
-0.1015021568
-0.1015021568
-0.1015021568
0.020224303000000003
-1.1337700000000002e-05
-0.0873570511
-0.1015021568
-0.1015021568
-0.1015021568
-0.06870036360000001
0.0008165685000000001
-0.033911593100000005
-0.1015021568
-0.1015021568
-0.1015021568
-0.1015021568
0.014806140800000001
-1.69158e-05
-0.1015021568
-0.1015021568
-0.1015021568
0.0371102281
1.99287e-05
-0.1015021568
-0.1015021568
-0.1015021568
-1.13619e-05
-0.1015021568
-0.1015021568
-0.1015021568
0.0113865356
0.0033843216000000002
-0.0005676715
-0.07977573560000001
-0.1015021568
-0.1015021568
-0.1015021568
0.024779106000000002
-1.13256e-05
-0.027413760000000002
-0.1015021568
-0.1015021568
-0.1015021568
-0.0619038904
0.018656203500000003
-0.0028671434
-0.09907286400000001
-0.1015021568
-0.1015021568
-0.1015021568
0.0369548036
-2.3135200000000002e-05
-0.1015021568
-0.1015021568
9.68e-08
0.036783661200000005
-0.008979458400000001
-0.1015021568
-0.1015021568
0.032954543600000004
-0.0002847614
-0.1015021568
-0.1015021568
-0.1015021568
-0.1015021568
0.027347089
-0.0007393947
-0.1015021568
0.0031719424
-0.1015021568
-0.1015021568
0.0212948989
-1.13256e-05
-0.09223574690000001
-0.1015021568
-0.1015021568
-0.1015021568
-0.054007539300000004
0.00038318280000000003
-0.0033649858000000003
-0.1015021568
-0.1015021568
-0.1015021568
-0.1015021568
6.34524e-05
-0.1015021568
-0.1015021568
-0.1015021568
0.0364935516
-0.0634170317
-0.1015021568
-0.1015021568
0.032658928500000003
-0.016190477600000003
-0.1015021568
-0.1015021568
-0.1015021568
0.020559412500000002
0.0022997139
-0.0235552031
-0.1015021568
-0.1015021568
-0.1015021568
0.0315274575
-1.1204600000000001e-05
-0.0951776441
-0.1015021568
-0.1015021568
-0.1015021568
-0.048114936100000005
0.0003006366
-0.043861120600000005
-0.1015021568
-0.1015021568
-0.1015021568
-0.1015021568
-5.1546000000000004e-05
-0.1015021568
-0.1015021568
-0.1015021568
-0.0001678391
-0.1015021568
-0.1015021568
0.030513283900000004
-0.0005023557
-0.1015021568
-0.1015021568
-0.1015021568
-0.0787594566
0.0017385522
-0.0003964928
-0.1015021568
-0.1015021568
-0.1015021568
-0.060704744100000006
0.0006988476
-0.0358657915
-0.1015021568
-0.1015021568
-0.1015021568
-0.0408146552
0.014045111300000001
-0.0050411262
-0.1015021568
-0.1015021568
-0.1015021568
-0.0206016657
7.030100000000001e-06
-0.1015021568
-0.1015021568
-0.1015021568
0.0056371843000000005
-0.0702252782
-0.1015021568
-0.08886713110000001
-0.0007156303000000001
-0.1015021568
-0.1015021568
-0.1015021568
-0.07326737550000001
0.0234166581
-0.0015866488
-0.1015021568
-0.1015021568
-0.1015021568
-0.1015021568
0.0174580252
-0.003194521
-0.1015021568
-0.1015021568
-0.1015021568
-0.1015021568
0.037759308400000004
-3.1375300000000004e-05
-0.1015021568
-0.1015021568
-0.0896073728
-0.1015021568
-0.1015021568
-7.3931e-06
-0.1015021568
-0.1015021568
-0.1015021568
-0.0968527076
-0.0003568169
-0.1015021568
-0.1015021568
-0.0845766163
0.0024404369
-0.0839410154
-0.1015021568
-0.1015021568
-0.1015021568
-0.0679308641
0.0010015291000000002
-0.031705388
-0.1015021568
-0.1015021568
-0.1015021568
-0.048182139500000006
0.015479505800000001
-0.0038946149
-0.1015021568
-0.1015021568
-0.1015021568
-0.1015021568
-0.028213449
3.8659500000000005e-05
-0.053342850000000004
-0.1015021568
-0.1015021568
-0.1015021568
0.0067628473
-0.0652100944
-0.10145569280000001
-0.1015021568
-0.0928200438
-1.11199e-05
-0.1015021568
-0.1015021568
-0.1015021568
0.024504230300000002
-0.0012084754
-0.0867493891
-0.1015021568
-0.1015019753
-0.1015021568
-0.0627003971
0.0007501879
-0.034563529
-0.1015021568
-0.1015021568
-0.1015021568
-0.1015021568
0.0140491164
-0.0046404831
-0.1015021568
-0.1015021568
-0.1015021568
-0.1015021568
-0.0212833192
9.2807e-06
-0.0079929817
-0.1015021568
-0.1015021568
-0.00048014010000000003
0.0053496641
-0.012657676900000001
-0.1015021568
-0.1015021568
0.0025748074000000003
-0.078048146
-0.1015021568
-0.1015021568
-0.1015021568
0.0204258527
-1.09626e-05
-0.0877881499
-0.1015021568
-0.1015021568
-0.1015021568
-0.0550136664
0.00036923150000000004
-0.0028568947000000003
-0.1015021568
-0.1015021568
-0.1015021568
-0.034209688700000004
0.011862259200000001
-0.0054423259
-0.1015021568
-0.1015021568
-0.1015021568
-0.1015021568
-0.0153252066
0.0082402936
-0.1015021568
-0.1015021568
-0.1015021568
0.0030596544000000003
-0.0003320361
-0.1015021568
-0.1015021568
0.0188888623
-0.0008484399000000001
-0.1015021568
-0.1015021568
-0.1015021568
-0.07007682330000001
0.0228907921
-0.0018278502
-0.09195153
-0.1015021568
-0.1015021568
-0.1015021568
0.036099369900000004
-1.33342e-05
-0.0407453464
-0.1015021568
-0.1015021568
-0.1015021568
0.0006757124
0.0118387973
-0.006610556700000001
-0.1015021568
-0.1015021568
-0.1015021568
-0.1015021568
0.036518332400000006
-0.00013871440000000001
-0.1015021568
-0.1015021568
-0.1015021568
0.0042144421
-0.0746675391
-0.1015021568
-0.08042641310000001
-1.09626e-05
-0.08531378460000001
-0.1015021568
-0.1015021568
0.0331362856
0.0009179544
-0.0336707184
-0.1015021568
-0.1015021568
-0.1015021568
-0.0441527669
0.00027056810000000004
-0.0044104742
-0.1015021568
-0.1015021568
-0.1015021568
-0.023020867100000002
2.94514e-05
-0.0076799789
-0.1015021568
-0.1015021568
-0.1015021568
-0.10055352890000001
0.006448404600000001
-0.1015021568
-0.1015021568
-0.1015021568
0.014206718900000002
-0.0189973267
-0.1015021568
-0.1015021568
0.0017513661000000001
-0.0270721649
-0.1015021568
-0.1015021568
-0.1015021568
0.0350678691
-1.12167e-05
1.5488e-06
-0.1015021568
-0.1015021568
-0.1015021568
0.013725622900000001
-0.0053678262
-0.1015021568
-0.1015021568
-0.1015021568
-0.1015021568
0.037240871800000006
-9.784060000000001e-05
-0.1015021568
-0.1015021568
-0.1015021568
-0.09731203570000001
0.033419812800000004
-0.0002909082
-0.1015021568
-0.1015021568
0.017700315600000002
-7.744e-07
-0.1015021568
-0.1015021568
0.029584391100000003
-0.0017088467000000002
-0.1015021568
-0.1015021568
-0.1015021568
0.035601079800000004
0.0003876961
-0.0393648453
-0.1015021568
-0.1015021568
-0.1015021568
-0.0295067575
-3.48722e-05
-0.050374127100000006
-0.1015021568
-0.1015021568
-0.1015021568
-0.009576182
0.0070571193
-0.0101788467
-0.1015021568
-0.1015021568
-0.1015021568
-0.1015021568
0.0075640004000000005
-0.0003814767
-0.1015021568
-0.1015021568
-0.1015021568
0.0265989823
-0.023383576700000002
-0.1015021568
-0.1015021568
0.020994347
-0.0021428011
-0.1015021568
-0.1015021568
-0.1015021568
-0.1015021568
0.0153814111
-0.00414909
-0.10049220610000001
-0.1015021568
-0.1015021568
-0.1015021568
0.0380653658
3.4823800000000004e-05
-0.053986957200000005
-0.1015021568
-0.1015021568
-0.1015021568
-0.10035507680000001
0.0064154926
-0.00018773150000000002
-0.1015021568
-0.1015021568
-0.1015021568
-0.1015021568
0.0035703833000000004
-0.0767011861
-0.1015021568
-0.1015021568
-0.07588761840000001
-1.08537e-05
-0.1015021568
-0.1015021568
-0.1015021568
0.0182341071
-0.0024828716
-0.1015021568
-0.1015021568
-0.1015021568
-0.1015021568
-0.0353842599
0.00010058730000000001
-0.0444420658
-0.1015021568
-0.1015021568
-0.1015021568
-0.1015021568
0.007294158300000001
-7.01679e-05
-0.1015021568
-0.1015021568
-0.1015021568
-0.1015021568
0.0008179963000000001
0.0046674903
-0.013175811
-0.1015021568
-0.1015021568
-0.1015021568
-1.09021e-05
0.0004831893
-0.1015021568
-0.1015021568
-0.071147395
-0.0015444319
-0.1015021568
-0.1015021568
-0.1015021568
0.035423100900000004
3.0855000000000004e-06
-0.038615794800000006
-0.1015021568
-0.1015021568
-0.1015021568
-0.1015021568
0.012704552300000001
-0.0059985024
-0.1015021568
-0.1015021568
-0.1015021568
-0.1015021568
0.0374888008
-3.6905e-06
-0.061050053900000005
-0.1015021568
-0.1015021568
-0.1015021568
-0.1015021568
0.0337081074
-1.07811e-05
-0.1015021568
-0.1015021568
-0.1015021568
0.028504804900000003
-0.0009327648
-0.1015021568
-0.1015021568
0.0317506904
1.5246000000000002e-06
-0.1015021568
-0.1015021568
-0.1015021568
-0.1015021568
0.016704158900000002
-1.4096500000000001e-05
-0.09970292310000001
-0.1015021568
-0.1015021568
-0.1015021568
-0.026846257900000003
6.243600000000001e-05
-0.053464987400000004
-0.1015021568
-0.1015021568
-0.1015021568
-0.1015021568
0.007617651800000001
-0.0001749176
-0.1015021447
-0.1015021568
-0.1015021568
-0.1015021568
-0.09313317970000001
-1.08537e-05
-0.1015021568
-0.1015021568
-0.1015021568
0.028424267300000004
-0.025425100800000003
-0.1015021568
-0.0625827609
-1.09747e-05
-0.1015021568
-0.1015021568
-0.1015021568
-0.0414538256
0.015421377400000002
-0.0048708913
-0.1015021568
-0.1015021568
-0.1015021568
-0.1015021568
0.0390550006
-7.00953e-05
-0.1015021568
-0.1015021568
-0.1015021568
-0.09955962280000001
0.0351076176
-0.00023378410000000002
-0.1015021568
-0.1015021568
-0.1015021568
-0.1015021568
0.014356541100000002
-0.0006536541000000001
-0.1015021568
-0.1015021568
-0.1015021568
0.0017127913
-0.1015021568
-0.1015021568
-0.0543735038
-1.17612e-05
-0.0963976992
-0.1015021568
-0.1015021568
-0.0339308684
0.0126561281
-0.0054587577000000005
-0.1015021568
-0.1015021568
-0.1015021568
-0.1015021568
0.008279775900000001
-0.0091601961
-0.1015021568
-0.1015021568
-0.1015021568
-0.1015021568
0.0326626432
-0.000288827
-0.1015021568
-0.1015021568
-0.1015021568
-0.0816051225
0.0022776193000000004
-0.0805846327
-0.1015017938
-0.1015021568
0.0305953098
-0.0017483169
-0.1015021568
-0.1015021568
0.0161251013
-0.0035874685
-0.1015021568
-0.1015021568
-0.1015021568
0.0113425642
-3.4509200000000005e-05
-0.1015021568
-0.1015021568
-0.1015021568
-0.1013986897
0.007223954100000001
-0.010363214400000001
-0.1015021568
-0.1015021568
-0.1015021568
-0.1015021568
0.0104274412
-1.07811e-05
-0.016314188
-0.1015021568
-0.1015021568
-0.1015021568
-0.1015021568
0.0263244091
-0.0237297214
-0.1015021568
-0.0063438848
-0.061761667000000006
0.0008781696
-0.09274512060000001
-0.1015021568
-0.1015021568
0.0148612563
-0.0424670191
-0.1015021568
-0.1015021568
-0.1015021568
-0.1015021568
0.0094976046
-6.1952e-06
-0.1015021568
-0.1015021568
-0.1015021568
-0.0977857386
0.0334966841
-0.00018804610000000002
-0.1015021568
-0.1015021568
-0.1015021568
-0.1015021568
0.0137995176
0.0031373727
-0.0182868994
-0.1015021568
-0.1015021568
-0.1015021568
-0.1015021568
0.0016007574
-0.1015021568
-0.1015021568
-0.1015021568
0.034255027400000006
-0.0027343822
-0.1015021568
-0.1015021568
-0.0366420307
0.0001633258
-0.046702878200000006
-0.1015021568
-0.1015021568
-0.1015021568
-0.1015021568
0.0093826546
-8.36957e-05
-0.1015021568
-0.1015021568
-0.1015021568
-0.1015021568
0.0040677175
-1.07206e-05
-0.0698229653
-0.1015021568
-0.1015021568
-0.1015021568
-0.08489159140000001
0.0299825537
-0.0007525595
-0.0802863677
-0.1015021568
-0.1015021568
-0.0695004277
-1.07569e-05
-0.08967974290000001
-0.1015021568
-0.1015021568
0.036561468900000005
-0.0391299359
-0.10150147920000001
-0.1015021568
-0.1015021568
0.0125384677
-0.006130186700000001
-0.1015021568
-0.1015021568
-0.1015021568
-0.1015021568
1.1374000000000001e-06
-6.4856e-06
-0.0616659681
-0.1015021568
-0.1015021568
-0.1015021568
0.0088649561
0.0045878723
-0.00040358340000000003
-0.1015021568
-0.1015021568
-0.1015021568
-0.1015021568
0.0277240766
-1.0769000000000001e-05
-0.0833735496
-0.1015021568
-0.1015021568
0.032574143800000004
0.0010685026
-0.0323295786
-0.1015021568
-0.1015021568
0.0159638809
-0.0041454237
-0.1015021568
-0.1015021568
-0.1015021568
0.0386076999
-5.17275e-05
-0.053795172200000005
-0.1015021568
-0.1015021568
-0.1015021568
-0.0025624654
0.0066667491
-0.011885104
-0.1015021568
-0.1015021568
-0.1015021568
-0.1015021568
0.031236500900000002
-1.07206e-05
-0.0763498142
-0.1015021568
-0.1015021568
-0.1015021568
-0.07526748130000001
0.025406188500000003
-0.0012657084
-0.1015021568
-0.1015021568
-0.056818623400000004
0.0007101974
-0.1015021568
-0.1015021568
7.475380000000001e-05
-0.004956656100000001
-0.1015021568
-0.1015021568
-0.1015021568
0.0379401913
6.4251000000000005e-06
-0.008616119600000001
-0.1015021568
-0.1015021568
-0.1015021568
0.0029050406
-1.0744800000000001e-05
2.5410000000000003e-07
-0.1015021568
-0.1015021568
-0.1015021568
0.0182629414
0.0029364522
-0.020220382600000003
-0.07771258880000001
-0.1015021568
-0.1015021568
-0.06894945420000001
0.0013963884
-0.0287931116
-0.1015021568
-0.1015021568
-0.0508660405
-0.0033665951
-0.1015021568
-0.1015021568
0.0126788156
-0.049821447500000005
-0.1015021568
-0.1015021568
-0.1015021568
0.0373904762
-0.000118096
-0.0611763416
-0.1015021568
-0.1015021568
-0.1015021568
0.0334740571
-0.00037027210000000003
-0.1015021568
-0.1015021568
-0.1015021568
-0.1015021568
0.022821604300000003
-1.0732700000000001e-05
-0.0828101978
-0.1015021568
-0.1015021568
-0.1015021568
0.032682692900000004
0.0010469041
-0.1015021568
-0.1015021568
-0.1015021568
0.0377015793
-0.0421984112
-0.1015021568
-0.1015021568
-4.73473e-05
-0.1015021568
-0.1015021568
-0.1015021568
-0.0043726496
0.006809504900000001
-0.011431148300000001
-0.1015021568
-0.1015021568
-0.1015021568
-0.1015021568
0.0312478144
-0.00048120490000000003
-0.1015021568
-0.1015021568
-0.1015021568
-0.1015021568
0.026655005300000003
-1.07811e-05
-0.085114909
-0.1015021568
-0.1015021568
-0.1015021568
-0.056640826000000005
0.0189799753
-0.1015021568
0.00017161430000000002
-0.10037196840000001
-0.1015021568
-0.1015021568
0.009049759400000001
-0.007857619
-0.1015021568
-0.1015021568
-0.1015021568
0.0014261423000000001
0.0054495375000000006
-0.012709065600000001
-0.1015021568
-0.1015021568
-0.1015021568
-0.1015021568
0.028914837600000003
-0.0006088599
-0.07801226950000001
-0.1015021568
-0.1015021568
-0.1015021568
-0.06919288200000001
0.023508593900000003
-0.0014377583
-0.1015021568
-0.1015021568
-0.1015021568
-0.1015021568
0.0005067843
-0.1015021568
-0.1015021568
-0.1015021568
-0.1015021568
-2.87254e-05
-0.1015021568
-0.1015021568
-0.1015021568
0.0081814876
-0.009500315
-0.1015021568
-0.1015021568
1.936e-07
-0.1015021568
0.033369634100000004
-0.0003184962
0.0015859712
-0.1015021568
-0.1015021568
-0.1015021568
0.0223373018
-1.0696400000000001e-05
-0.0220079398
-0.1015021568
-0.1015021568
-0.1015021568
-0.1015021568
0.0218760256
-1.0660100000000001e-05
-0.09089801930000001
-0.1015021568
-0.1015021568
-0.1015021568
-1.32858e-05
-0.09841274850000001
-0.1015021568
-0.1015021568
0.038277418300000005
-0.051948288700000005
-0.1015021568
-0.1015021568
-0.1015021568
0.0068342736
-0.00015288350000000001
-0.06274498560000001
-0.1015021568
-0.1015021568
-0.1015021568
0.012549176200000001
0.0038001381000000002
-0.0168241304
-0.1015021568
-0.1015021568
-0.1015021568
-0.076238712
0.047579136
-0.0011089287000000001
-0.0843671774
-0.1015021568
-0.1015021568
-0.1015021568
-0.05765268850000001
0.0007032399
-0.0022029381000000002
-0.1015021568
-0.1015021568
-0.0384310641
0.013514248000000001
-0.0043141219000000005
-0.1015021568
-0.1015021568
8.1433e-06
-0.054842524000000004
7.744e-07
-0.1015021568
-0.0970288836
0.0344122306
-1.0708500000000001e-05
-0.0661795706
-0.1015021568
-0.1015021568
-0.1015021568
0.0001293732
0.0031955858
-0.018808276300000003
-0.1015021568
-0.1015021568
-0.1015021568
-0.1015021568
0.0286437613
-1.07206e-05
-0.08685792610000001
-0.1015021568
-0.1015021568
-0.1015021568
-0.0535993821
0.018110917
-0.036152815600000006
-0.1015021568
-0.1015021568
-0.1015021568
0.00011491370000000001
-0.1015021568
-0.1015021568
-0.0124144669
-8.287290000000001e-05
-0.1015021568
-0.1015021568
-0.1015021568
0.0327914235
-1.0672200000000001e-05
-0.0690476215
-0.1015021568
-0.1015021568
-0.1015021568
0.019907331400000002
0.0024710862
-0.020485203200000003
-0.1015021568
-0.1015021568
-0.1015021568
-0.0665419414
0.0011084689000000001
-0.0016121919
-0.1015021568
-0.1015021568
-0.1015021568
-0.0481509457
0.000374253
-0.0387090374
-0.1015021568
-0.1015021568
-0.0282008771
-3.0201600000000002e-05
-0.1015021568
-0.1015021568
0.035720773000000004
-0.0100263746
-0.1015021568
-0.1015021568
-0.1015021568
0.008009764400000001
-1.0732700000000001e-05
-0.072444636
-0.1015021568
-0.1015021568
-0.1015021568
0.0218903036
-1.0696400000000001e-05
-0.0829783999
-0.1015021568
-0.1015021568
-0.1015021568
-0.06389741380000001
0.0010005732000000001
-0.0317287289
-0.1015021568
-0.1015021568
-0.1015021568
-0.0437747387
0.015470467100000001
-0.09867068420000001
-0.1015021568
-0.1015021568
0.037141893800000006
-0.006990944400000001
-0.1015021568
-0.1015021568
0.006574982700000001
-0.0642338422
-0.1015021568
-0.1015021568
-0.0897952979
0.0311472513
-1.0732700000000001e-05
-0.0753686736
-0.1015021568
-0.1015021568
-0.1015021568
0.025542132000000002
0.0007883513000000001
-0.0854566251
-0.1015021568
-0.1015021568
-0.1015021568
0.033704840400000005
0.0007846003000000001
-0.034640521300000005
-0.1015021568
-0.1015021568
-0.1015021568
-0.1015021568
0.0373146576
-1.95899e-05
-0.1015021568
-0.1015021568
-0.1015021568
0.037337490300000005
-0.008032730200000001
-0.1015021568
-0.1015021568
0.033843869400000004
-0.00017007760000000002
-0.1015021568
-0.1015021568
-0.1015021568
-0.1015021568
0.022361925300000002
-1.06843e-05
-0.0755927777
-0.1015021568
-0.1015021568
-0.1015021568
-0.0736600205
0.0012018204
-0.0270543416
-0.1015021568
-0.1015021568
-0.1015021568
-0.1015021568
0.0175189366
-1.1458700000000001e-05
-0.09566901300000001
-0.1015021568
-0.1015021568
-0.1015021568
0.0345152863
-0.005756212
-0.1015021568
-0.1015021568
-0.1015021568
0.009328240900000001
-0.059843466100000006
-0.1015021568
-0.1015021568
0.0337054938
-0.0003515292
-0.1015021568
-0.1015021568
-0.1015021568
-0.1015021568
0.011449721800000002
0.0032690328
-0.022362336700000002
-0.1015021568
-0.1015021568
-0.1015021568
-0.07509226120000001
0.023681103600000003
-0.0019598612000000003
-0.0907293695
-0.1015021568
-0.1015021568
-0.1015021568
-0.0578950031
0.0005678167000000001
-0.040766836
-0.1015021568
-0.1015021568
-0.1015021568
0.0001324466
-0.051669662000000005
-0.1015021568
-0.1015021568
-0.1015021568
2.2264e-06
-0.1015021568
-0.1015021568
-0.1015021568
-0.0015383819
-1.0635900000000001e-05
-0.0744611736
-0.1015021568
-0.1015021568
-0.1015021568
0.014050011800000001
0.0030266940000000003
-0.0248853077
-0.1015021568
-0.1015021568
-0.1015021568
-0.07458844140000001
0.024505198300000003
-0.0024410056
-0.09351553970000001
-0.1015021568
-0.1015021568
-0.1015021568
-0.0564720552
-0.044458304000000004
-0.1015021568
-0.1015021568
0.036969226800000005
-0.055062187400000004
-0.1015021568
-0.1015021568
0.0355714348
-0.0002113991
-0.1015021568
-0.1015021568
-0.1015021568
-0.1015021568
0.0033917389000000004
-1.0660100000000001e-05
-0.0766875494
-0.1015021568
-0.1015021568
-0.1015021568
0.018684094000000002
0.0022525965
-0.0013720916000000002
-0.0867161625
-0.1015021568
-0.1015021568
-0.1015021568
-0.1015021568
0.029499727400000002
0.0009788658
-0.036034647
-0.1015021568
-0.1015021568
-0.1015021568
0.034864129300000005
-0.1013579611
-0.1015021568
-0.1015021568
0.010762635400000001
-0.1015021568
-0.1015021568
0.0348210896
-0.013973406700000001
-0.1015021568
-0.1015021568
-0.1015021568
-0.1015021568
0.030673536300000002
-0.0007682169
-0.1015021568
-0.1015021568
-0.1015021568
-0.1015021568
0.0251877956
-0.0017597514
-0.08940800110000001
-0.1015021568
-0.1015021568
-0.1015021568
0.0311142667
-1.24388e-05
-0.0393432952
-0.1015021568
-0.1015021568
0.0355131733
-0.05004553950000001
-0.1015021568
-0.1015021568
0.0360657682
1.7472400000000002e-05
-0.061607137900000004
-0.1015021568
-0.1015021568
-0.09872197610000001
0.005834027100000001
-0.016138133000000002
-0.1015021568
-0.1015021568
-0.1015021568
0.0128549795
-0.0507510784
-0.023546140200000003
-0.1015021568
-0.1015021568
-0.1015021568
-0.1015021568
0.0243353627
-1.07569e-05
-0.0921725486
-0.1015021568
-0.1015021568
0.033827098800000004
-0.0991501951
-0.1015021568
0.036804158600000005
-5.40507e-05
-0.1015021568
-0.1015021568
-0.1015021568
-0.1015021568
0.035836812
-0.0001909501
-0.1015021568
-0.1015021568
-0.1015021568
-0.09482088770000001
0.031724191400000004
-0.0005189569000000001
-0.1015021568
-0.1015021568
-0.1015021568
-0.1015021568
0.026102374100000002
-1.0660100000000001e-05
-0.0845538562
-0.1015021568
-0.1015021568
0.027929377300000002
-1.0914200000000001e-05
-0.1015021568
-0.1015021568
0.015060083500000002
-0.0047166042
-0.1015021568
-0.1015021568
-0.1015021568
0.0352398222
-6.73849e-05
-0.1015021568
7.744e-07
-0.1015021568
-0.1015021568
0.033073595500000004
-0.00022169620000000003
-0.1015021568
-0.1015021568
-0.1015021568
-0.1015021568
0.0088979891
0.0032309299000000003
-0.018788613800000003
-0.1015021568
-0.1015021568
-0.1015021568
0.0015025296
-0.0266084203
-0.1015021568
-0.06174319030000001
-1.1458700000000001e-05
-0.1015021568
-0.1015021568
-0.1015021568
-0.0430794969
0.00015041510000000002
-0.005271110900000001
-0.1015021568
-0.1015021568
-0.1015021568
-0.1015021568
0.0082924204
-0.008741366700000001
-0.1015021568
-0.1015021568
-0.1015021568
-0.0976318629
0.0312512266
-0.00028876650000000004
-0.06815881600000001
-0.1015021568
-0.1015021568
0.011076279500000001
-0.0007688824000000001
-0.0787766265
-0.1015021568
-0.07417201990000001
-0.0016774230000000002
-0.1015021568
-0.1015021568
-0.1015021568
0.030615758800000004
0.00043334940000000006
-0.0385264847
-0.1015021568
-0.1015021568
-0.1015021568
-0.037075803600000005
8.02714e-05
-0.0491919934
-0.1015021568
-0.1015021568
-0.1015021568
-0.1015021568
0.0071931112
-0.0001342616
-0.1015021568
-0.1015021568
-0.1015021568
0.0011684002
-0.015811880700000003
-0.1015021568
-0.1015021568
0.015805467700000003
-0.022873670600000003
-0.1015021568
-0.1015021568
-0.1015021568
0.019557060600000002
-1.0672200000000001e-05
-0.0910966287
-0.1015021568
-0.1015021568
-0.1015021568
0.032365201
0.0002954578
-0.041843857000000005
-0.1015021568
-0.1015021568
-0.1015021568
-0.030624700700000004
4.0208300000000006e-05
-0.0072035656000000005
-0.1015021568
-0.1015021568
-0.1015021568
-0.011933128900000001
-0.0116890477
-0.1015021568
-0.1015021568
-0.0919645012
-0.0005068448000000001
-0.1015021568
-0.1015021568
-0.1015021568
0.023831591300000003
-0.0012457434
-0.0849927111
-0.1015021568
-0.1015021568
-0.1015021568
0.029268980400000002
-1.07932e-05
-0.0933912969
-0.1015021568
-0.1015021568
-0.1015021568
-0.0441159708
0.0130980564
-0.0049143787
-0.10015332140000001
-0.1015021568
-0.1015021568
-0.1015021568
-7.33139e-05
-0.1015021568
-0.1015021568
-0.1015021568
-0.00024697310000000003
-0.1015021568
-0.1015021568
-0.1015021568
0.0028656188
-0.0006904986000000001
-0.07805121940000001
-0.1015021568
-0.1015021568
-0.1015021568
0.022799279800000002
-1.0696400000000001e-05
-0.0877388424
-0.1015021568
-0.1015021568
-0.1015021568
0.0309246718
0.00047919630000000003
-0.0375104356
-0.1015021568
-0.1015021568
-0.1015021568
-0.1015021568
-0.0057407361
-0.1015021568
-0.1015021568
-0.1015021568
-0.00011341330000000001
-0.1015021568
-0.1015021568
-0.0955892014
-1.0696400000000001e-05
-0.015129307600000001
-0.1015021568
-0.1015021568
-0.1015021568
-0.1015021568
0.025610472800000002
-0.0008929921
-0.1015021568
-0.1015021568
-0.0507510784
-0.1015021568
0.020255242700000002
-1.0672200000000001e-05
-0.0904253086
-0.1015021568
-0.1015021568
-0.1015021568
-0.051388627400000005
-1.54396e-05
-0.1015021568
-0.1015021568
-0.1015021568
-0.006897060500000001
-0.1015021568
-0.1015021568
-0.0135278484
-0.0001547106
-0.1015021568
-0.1015021568
-0.1015021568
-0.1015021568
0.0037481807
-1.0635900000000001e-05
-0.016782300700000002
-0.1015021568
-0.1015021568
-0.1015021568
0.0171656287
0.0016656618000000002
-0.024308839500000002
-0.1015021568
-0.1015021568
-0.1015021568
-0.1015021568
0.0177833821
-0.0333631122
-0.1015021568
-0.1015021568
-0.0475853554
-0.0045582636
-0.1015021568
-0.1015021568
0.0326604894
-0.0077155529
-0.1015021568
-0.1015021568
-0.1015021568
-0.1015021568
-0.0979979242
0.030328698400000003
-1.0672200000000001e-05
-0.0002025661
-0.06499029790000001
-0.1015021568
-0.1015021568
-0.1015021568
0.025450462400000002
-0.0253755392
-0.1015021568
-0.1015021568
-0.1015021568
-0.1015021568
0.019617488000000002
-1.0672200000000001e-05
-0.1015021568
-0.1015021568
-0.1015021568
-0.07771258880000001
0.0143674069
-0.1015021568
-0.1015021568
-0.1015021568
5.206630000000001e-05
-0.1015021568
-0.1015021568
0.0317762214
-7.47417e-05
-0.1015021568
-0.1015021568
-0.07771258880000001
0.0021180445
-1.0672200000000001e-05
-0.0659101036
-0.1015021568
-0.1015021568
-0.1015021568
0.0219333433
-0.0006373191
-0.1015021568
-0.1015021568
-0.1015021568
-0.1015021568
0.0245949924
-1.0672200000000001e-05
-0.027872410500000003
-0.1015021568
-0.053208903
0.00029476810000000003
-0.1015021568
-0.1015021568
7.14626e-05
-0.1015021568
-0.1015021568
-0.1015021568
-0.0201248168
0.0085791904
-0.011568761600000001
-0.1015021568
-0.1015021568
-0.1015021568
-0.0065986745
0.00770528
-0.0770233486
-0.1015021568
-0.1015021568
-0.1015021568
0.0126788156
-1.05391e-05
-0.08608075520000001
-0.1015021568
-0.1015021568
0.026095876400000002
-0.034813055200000005
-0.1015021568
-0.1015021568
0.0172011785
-0.1015021568
-0.1015021568
-0.1015021568
5.83341e-05
-0.054817307600000004
-0.1015021568
-0.1015021568
-0.1015021568
-0.01182654
-9.7889e-06
-0.06594768620000001
-0.1015021568
-0.1015021568
-0.1015021568
0.0059973166
-1.0696400000000001e-05
-0.018857353900000002
-0.1015021568
-0.1015021568
-0.1015021568
0.0244375714
-0.026820630100000003
-0.1015021568
-0.1015021568
0.030141922800000002
-0.09461067440000001
-0.1015021568
0.0346416466
-0.005260668600000001
-0.1015021568
-0.1015021568
-0.1015021568
-0.022243889800000003
2.4926e-06
-0.0574879712
-0.1015021568
-0.1015021568
-0.1015021568
0.0320712194
-0.0002965589
-0.1015021568
-0.1015021568
-0.1015021568
-0.1015021568
0.027581211900000003
-0.0008054849000000001
-0.1015021568
-0.1015021568
0.0252909844
0.0012679953000000002
-0.1015021568
-0.1015021568
-1.25719e-05
-0.1015021568
-0.1015021568
-0.1015021568
0.0356369684
-4.09948e-05
-0.0502147822
-0.1015021568
-0.1015021568
-0.1015021568
0.034636709800000005
-0.0001359919
-0.1015021568
-0.1015021568
-0.1015021568
-0.1015021568
0.0310314543
-0.0159959096
-0.1015021568
-0.0896073728
-0.1015021568
0.0181248562
-0.1015021568
-0.1015021568
-0.1015021568
0.0008575028000000001
-0.1015021568
-0.1015021568
-0.0481177917
-1.7399800000000002e-05
-0.0424451907
-0.1015021568
-0.1015021568
-0.1015021568
0.0345359047
-5.6131900000000004e-05
-0.1015021568
-0.1015021568
-0.1015021568
-0.09990074600000001
0.0058498176
-0.011969368400000001
-0.1015021568
-0.1015021568
-0.1015021568
-0.1015021568
0.028500775600000004
-0.07566220750000001
-0.1015021568
-0.1015021568
0.0015350181
-0.1015021568
-0.1015021568
0.0174128196
-0.035234014200000004
-0.1015021568
-0.1015021568
-0.1015021568
-0.042166612400000004
0.0001431793
-0.045583858100000006
-0.1015021568
-0.1015021568
-0.1015021568
0.0335743056
-0.0063438848
-0.1015021568
-0.1015021568
-0.1015021568
-0.1015021568
0.0311600531
-0.0002691161
-0.1015021568
-0.1015021568
0.0113746534
0.0026504808
-0.0788721076
-0.1015021568
0.0212901194
-0.028649412000000003
-0.1015021568
-0.1015021568
0.0315519842
0.00041713540000000004
-0.0382997307
-0.1015021568
-0.1015021568
-0.1015021568
0.0340776656
-3.3819500000000004e-05
-0.1015021568
-0.1015021568
-0.1015021568
-0.1015021568
0.0331917399
-0.0001179629
-0.1015021568
-0.1015021568
-0.1015021568
0.0041886449
-0.1015021568
-0.1015021568
-0.1015021568
-0.0009134411000000001
-0.1015021568
-0.1015021568
0.0246478694
-0.0019840975
-0.0902318175
-0.1015021568
-0.1015021568
-0.1015021568
0.014675376100000002
-0.0408546578
-0.1015021568
-0.1015021568
-0.1015021568
0.033001673100000004
-4.7069000000000006e-05
-0.0517822646
-0.1015021568
-0.1015021568
-0.1015021568
0.032003640900000005
-0.0629962421
-0.1015021568
-0.1015021568
0.0034907774
3.0976e-06
-0.1015021568
0.023451506100000002
-0.025043261100000002
-0.1015021568
-0.1015021568
-0.1015021568
0.0265407692
-1.09021e-05
-0.09306393140000001
-0.1015021568
-0.1015021568
-0.1015021568
0.0001833634
-0.004820240700000001
-0.1015021568
-0.1015021568
-0.1015021568
-0.0292701541
-7.58791e-05
-0.1015021568
-0.1015021568
0.031126269900000003
-1.0708500000000001e-05
-0.1015021568
-0.1015021568
0.0271540577
-1.0660100000000001e-05
-0.0194768134
-0.1015021568
-0.1015021568
-0.0783599267
0.0014113924000000002
-0.0870259225
-0.1015021568
-0.1015021568
-0.1015021568
0.028847561600000002
-1.17249e-05
-0.0951047658
-0.1015021568
-0.1015021568
-0.1015021568
0.012082188800000001
-2.73702e-05
-0.10138090270000001
-0.1015021568
-0.1015021568
-1.9965000000000003e-06
-0.058549383200000006
-0.1015021568
-0.0974709571
-0.0003387395
-0.1015021568
-0.1015021568
-0.1015021568
0.025981991200000002
-0.0008602737000000001
-0.0803404426
-0.1015021568
-0.1015021568
-0.1015021568
0.020551777400000002
-0.0018665702000000002
-0.08942669560000001
-0.1015021568
-0.1015021568
-0.1015021568
0.015415327400000001
-1.35036e-05
-0.09715824470000001
-0.1015021568
-0.1015021568
-0.1015021568
-4.1515100000000005e-05
-0.1015021568
-0.1015021568
-0.1015021568
-8.9298e-06
-0.1015021568
-0.1015021568
-0.1014998336
-1.0660100000000001e-05
-0.016621733700000002
-0.1015021568
-0.1015021568
-0.1015021568
-0.083525453
0.0019393154000000002
-0.024096169900000002
-0.1015021568
-0.1015021568
-0.1015021568
-0.0689288842
0.0008085946
-0.033198999900000005
-0.1015021568
-0.1015021568
-0.1015021568
-0.1015021568
0.013868657000000001
-0.1015021568
-0.1015021568
-0.1015021568
2.1041900000000003e-05
-0.1015021568
-0.1015021568
0.0319888668
-0.0126162949
-0.1015021568
-0.1015021568
-0.1015021568
0.005817135500000001
-1.0587500000000002e-05
-0.0766801684
-0.1015021568
-0.1015021568
-0.07928007120000001
0.0014944347
-0.0270417334
-0.1015021568
-0.1015021568
-0.1015021568
-0.0636049931
0.0005813808
-0.0363169521
-0.1015021568
-0.1015021568
0.012548413900000001
-0.005383483600000001
-0.1015021568
-0.1015021568
0.0081096983
-0.1015021568
-0.1015021568
-0.0056167837
-0.00031486620000000003
-0.1015021568
-0.1015021568
-0.1015021568
-0.1015021568
0.0266480478
-0.0008435878000000001
-0.1015021568
-0.1015021568
-0.1015021568
-0.0751706087
0.0011837551000000001
-0.0018110191000000001
-0.1015021568
-0.1015021568
-0.1015021568
0.029943494900000003
-0.0035310946000000005
-0.1015021568
-0.1015021568
0.011171046700000001
-0.1015021568
-0.1015021568
0.0329156421
-0.010526516000000001
-0.1015021568
-0.1015021568
-0.1015021568
-0.0010527242000000002
-0.0004246979
-0.1015021568
-0.1015021568
-0.1015021568
-0.0851237299
0.0021582891000000003
-0.0234497637
-0.1015021568
-0.1015021568
-0.1015021568
0.0244512081
0.0008980741
-0.09134766740000001
-0.1015021568
-0.1015021568
0.00026983000000000004
-0.042492296000000006
0.0007929856
-0.1015021568
0.009695451700000001
-0.1015021568
-0.1015021568
-0.1015021568
0.0060788585
-0.012153167400000001
-0.1015021568
-0.1015021568
-0.1015021568
-0.1015021568
0.028359181400000003
-0.0005662074
-0.1015021568
-0.1015021568
-0.1015021568
-0.0811517597
0.0016966136
-0.0013629561
-0.1015021568
-0.1015021568
-0.1015021568
-0.1015021568
0.0266879899
-0.094085002
-0.1015021568
-0.1015021568
0.0319111001
-0.10061377480000001
0.0031719424
-0.1015021568
8.022300000000001e-06
-0.0568130695
-0.1015021568
-0.1015021568
-0.1015021568
-0.0992524401
0.004813464700000001
-0.013777737600000001
-0.1015021568
-0.1015021568
-0.1015021568
0.006699903100000001
0.0026264381
-0.0205112787
-0.10149944640000001
-0.1015021568
-0.1015021568
-0.0767253982
0.0012247015
-0.1015021568
-0.1015021568
-0.1015021568
-1.2632400000000001e-05
-0.1015021568
-0.1015021568
-0.041607556100000005
-3.7534200000000004e-05
-0.1015021568
-0.1015021568
-0.1015021568
-0.1015021568
0.0321870043
-0.010255197700000001
-0.1015021568
-0.1015021568
-0.1015021568
-0.096952097
0.0043416978000000005
-0.000402809
-0.1015021568
-0.1015021568
-0.1015021568
-0.1015021568
0.0250955573
-1.07206e-05
-0.1015021568
-0.1015021568
-0.1015021568
-1.0660100000000001e-05
-0.1015021568
-0.1015021568
0.014451514
-0.0418648142
-0.1015021568
-0.1015021568
-0.1015021568
-0.0364763091
4.08859e-05
-0.0527392173
-0.1015021568
-0.1015021568
-0.1015021568
-0.0177621224
-9.377500000000001e-06
-0.0640767116
-0.1015021568
-0.1015021568
-0.1015021568
0.0006056534000000001
-1.0660100000000001e-05
-0.0748628694
-0.1015021568
-0.1015021568
0.023858888900000003
-0.0849090517
-0.1015021568
0.025847971600000002
-0.0027321316000000003
-0.1015021568
-0.1015021568
-0.051106576400000006
0.0002649053
-0.005139317700000001
-0.1015021568
-0.1015021568
-0.1015021568
0.0337427739
-7.53709e-05
-0.1015021568
-0.1015021568
-0.1015021568
-0.1015021568
0.0314840669
-0.00025514060000000004
-0.1015021568
-0.1015021568
-0.1015021568
-0.0007320742
-0.1015021568
-0.1015021568
-0.07953513920000001
-0.028365921100000004
-0.1015021568
-0.1015021568
0.0171892963
-0.0032756515000000003
-0.1015021568
-0.1015021568
-0.1015021568
-0.044597901700000005
0.00014136430000000002
-0.048114040700000006
-0.1015021568
-0.1015021568
-0.1015021568
0.032527570900000004
9.68e-08
-0.05943472810000001
-0.1015021568
-0.1015021568
-0.1015021568
0.030053859000000002
-0.0704600787
-0.1015021568
-0.1015021568
-1.0623800000000002e-05
-0.1015021568
-0.1015021568
0.0204347099
-0.0899147007
-0.1015021568
-0.1015021568
-0.1015021568
0.028856745500000003
-1.42901e-05
-0.09731016020000001
-0.1015021568
-0.1015021568
-0.039514002
7.247900000000001e-05
-0.0510534211
-0.1015021568
-0.1015021568
-0.1015021568
-0.020304864800000003
-7.598800000000001e-06
-0.062484363700000004
-0.1015021568
-0.0020254311000000003
0.0039366382
-0.1015021568
-0.1015021568
0.0125042489
-0.0011634392000000001
-0.1015021568
-0.1015021568
-0.1015021568
0.023692768000000003
0.0008550828
-0.033488516600000004
-0.1015021568
-0.1015021568
-0.1015021568
0.029982069700000002
-1.8876e-05
-0.0439083227
-0.1015021568
-0.1015021568
-0.1015021568
-0.0336203824
3.20287e-05
-0.1015021568
-0.1015021568
-0.1015021568
0.0057940971
-0.0127287039
-0.1015021568
-0.1015021568
-1.0599600000000001e-05
-0.07672902820000001
-0.1015021568
-0.1015021568
-0.0816343682
0.0225290263
-0.0015004847
-0.1015021568
-0.1015021568
-0.1015021568
-0.0665039716
0.0006370892
-0.036564639100000004
-0.1015021568
-0.1015021568
-0.1015021568
-0.1015021568
0.012233813900000001
-0.0054887657
-0.1015021568
-0.1015021568
-0.1015021568
5.868500000000001e-06
-0.009171545900000001
-0.1015021568
-0.0108448186
-0.014502926900000001
-0.1015021568
-0.1015021568
-0.09014401990000001
0.0026919233000000002
-0.0008344402000000001
-0.0796546509
-0.1015021568
-0.1015021568
-0.1015021568
0.020964859300000003
-0.0018519534
-0.1015021568
-0.1015021568
-0.1015021568
-0.1015021568
0.015534754400000001
-0.0036582777000000004
-0.096702837
-0.1015021568
-0.1015021568
-0.0416592594
-0.0065598214000000005
-0.1015021568
-0.1015021568
-0.0233099361
-0.010713303700000001
-0.1015021568
-0.1015021568
-0.0047671822
-1.0648e-05
-0.07244292990000001
-0.1015021568
-0.1015021568
-0.1015021568
0.011762422100000001
-1.0599600000000001e-05
-0.0253755392
-0.1015021568
-0.1015021568
-0.1015021568
0.023457386700000003
0.0009379315000000001
-0.0324818692
-0.1015021568
-0.1015021568
-0.1015021568
-1.73151e-05
-0.1015021568
-0.0896073728
-0.0361716069
-0.0536612736
-0.1015021568
-0.1015021568
0.0063072823000000005
-0.1015021568
-0.1015021568
-0.1015021568
-0.1015021568
0.0282003689
5.6265e-06
-0.1015021568
-0.1015021568
-0.1015021568
0.015245818500000001
-1.0696400000000001e-05
-0.0260661225
-0.1015021568
-0.1015021568
-0.1015021568
0.0252950984
-1.1023100000000001e-05
-0.1015021568
-0.1015021568
-0.0497173875
-2.41637e-05
-0.1015021568
-0.0306684059
-0.0086004501
-0.1015021568
-0.1015021568
-0.1002827067
0.0308281985
-0.0002750572
-0.0675421637
-0.1015021568
-0.1015021568
-0.1015021568
0.0030031474000000004
-0.0200569116
-0.1015021568
-0.1015021568
-0.1015021568
0.0186959278
-1.0672200000000001e-05
-0.08773134040000001
-0.1015021568
-0.1015021568
0.016909217600000002
-0.0032392547000000002
-0.1015021568
-0.1015021568
-3.14721e-05
-0.1015021568
-0.1015021568
-0.024965881600000003
-0.0001243759
-0.059398004600000005
-0.1015021568
-0.1015021568
-0.1015021568
0.030123760700000002
-0.0003741804
-0.1015021568
-0.1015021568
-0.1015021568
-0.0883105795
0.026115236400000002
-0.0009071612
-0.1015021568
-0.1015021568
-0.1015021568
0.0219718939
-0.0306328561
-0.1015021568
-0.1015021568
-0.057736602000000005
-0.040416746700000006
-0.1015021568
-0.1015021568
-0.1015021568
0.032630372500000004
-0.0068009744000000006
-0.1015021568
-0.1015021568
9.68e-08
0.0067469479
-0.0001592481
-0.1015021568
-0.1015021568
-0.1015021568
-0.09534239770000001
0.0290091934
-0.0004724929
-0.0733627961
-0.1015021568
-0.1015021568
-0.1015021568
-0.08473171410000001
0.0020400963
-0.024179950300000003
-0.1015021568
-0.1015021568
0.019163133000000002
-0.09208992980000001
-0.1015021568
-0.1015021568
0.0002739198
-0.0433063356
-0.1015021568
-0.1015021568
-0.1015021568
-0.033001552100000005
0.0097639861
-0.007782853100000001
-0.1015021568
-0.1015021568
-0.1015021568
-0.0141665711
-1.0091400000000001e-05
-0.0654409987
-0.1015021568
-0.1015021568
-0.1015021568
-0.100114432
0.028290114600000003
-1.0696400000000001e-05
-0.0761721862
-0.1015021568
-0.0812465269
0.023467829000000003
-0.08598406410000001
-0.1015021568
-0.1015021568
0.0181096949
-0.0028659697
-0.1015021568
-0.1015021568
-0.1015021568
0.0319073733
-2.41516e-05
-0.1005971736
-0.1015021568
-0.1015021568
-0.1015021568
0.03320724
-8.87051e-05
-0.0571566732
-0.1015021568
-0.1015021568
-0.1015021568
-0.09956435390000001
-1.0635900000000001e-05
-0.0682080993
-0.1015021568
-0.0902123244
0.027209149000000002
-0.0007812486
-0.1015021568
-0.1015021568
0.0199715219
-1.0635900000000001e-05
0.0287352615
-0.1015021568
-0.1015021568
-0.0621795284
0.0169032644
-0.0382718281
-0.1015021568
-0.1015021568
-0.1015021568
-0.043813954800000006
0.0001424533
-0.0493199146
-0.1015021568
-0.1015021568
-0.1015021568
-0.1015021568
0.0351725946
-0.00012086690000000001
-0.0604510071
-0.1015021568
-0.1015021568
0.0311493083
-0.00037727800000000004
-0.1015021568
-0.0873695141
-0.0009317726000000001
-0.053923020800000006
-0.1015021568
-0.07436044110000001
0.0011421674
-0.0020373738
-0.1015021568
-0.1015021568
-0.1015021568
-0.0576238421
0.0003911688
-0.0406841083
-0.1015021568
-0.1015021568
-0.1015021568
0.0329639937
6.690090000000001e-05
-0.1015021568
-0.1015021568
-0.1015021568
-0.1015021568
-7.7924e-06
-0.1015021568
-0.1015021568
-0.09494147630000001
-0.00048660150000000003
-0.1015021568
-0.1015021568
0.0244911623
-0.024343663300000002
-0.1015021568
-0.1015021568
-0.1015021568
-0.0697415928
0.0008649564000000001
-0.0024395899
-0.1015021568
-0.1015021568
-0.1015021568
-0.051537106500000006
0.00026454230000000004
-0.0045200639
-0.1015021568
-0.1015021568
-0.1015021568
0.0331485429
-6.13107e-05
-0.1015021568
-0.1015021568
-0.10108256510000001
-0.00022126060000000002
-0.1015021568
-0.0925487739
0.0033609444000000004
-0.0763563119
-0.1015021568
-0.1015021568
-0.0806616129
0.0232886643
-0.0014159178
-0.1015021568
-0.1015021568
-0.1015021447
0.026940129700000003
-1.1313500000000001e-05
-0.09425240550000001
-0.1015021568
-0.1015021568
-0.1015021568
0.0320225169
0.0001623336
-0.046254307
-0.1015021568
-0.1015021568
0.0084586381
-0.008891092100000001
-0.1015021568
-0.1015021568
0.005036504000000001
-0.0686199712
-0.1015021568
-0.1015021568
-0.0895885936
0.026779260200000002
-1.0660100000000001e-05
-0.0507510784
-0.1015021568
-0.1015021568
-0.1015021568
0.0208044496
-1.0696400000000001e-05
-0.0887377458
-0.1015021568
-0.1015021568
-0.1015021568
-0.059725745200000006
-1.3092200000000001e-05
-0.0389933027
-0.1015021568
-0.1015021568
-0.1015021568
9.25529e-05
-0.04970185110000001
-0.1015021568
-0.1015021568
-5.009400000000001e-06
-0.1015021568
-0.1015021568
4.95616e-05
0.0296862973
-1.0732700000000001e-05
-0.0158476604
-0.1015021568
-0.1015021568
-0.1015021568
-0.08573911170000001
0.002215631
-0.0228667736
-0.1015021568
-0.1015021568
1.23904e-05
-0.1015021568
0.0194368471
-0.0021052790000000003
-0.1015021568
-0.1015021568
-0.1015021568
0.0136576088
-0.0978626704
-0.1015021568
-0.1015021568
0.009657530300000002
-0.1015021568
-0.1015021568
-0.1015021568
0.031417178100000005
-9.6437e-06
-0.011692314700000001
-0.1015021568
-0.1015021568
-0.1015021568
0.0009739774
0.0035894408000000004
-0.018385865300000002
-0.1015021568
-0.1015021568
-0.1015021568
-0.0807619945
0.0247278867
-0.0012766347
-0.1015021568
-0.1015021568
-0.1015021568
-0.1015021568
0.0007870445
-0.1015021568
-0.1015021568
-0.1015021568
-2.17921e-05
-0.1015021568
-0.1015021568
-0.1015021568
0.008982374500000001
-0.008340759900000001
-0.1015021568
-0.1015021568
-0.1015021568
-0.1015021568
0.0308700766
-0.00025291420000000004
-0.1015021568
-0.1015021568
-0.1015021568
-0.0911109551
0.026950426800000003
-0.0006511978
-0.0773622333
-0.1015021568
0.0507510784
-0.1015021568
0.018554866
-0.001496528
-0.1015021568
-0.1015021568
-0.0624324668
-0.036642393700000005
-0.1015021568
-0.1015021568
-0.1015021568
-3.1810900000000004e-05
-0.1015021568
-0.1015021568
-0.1015021568
0.0082216354
-0.0096873205
-0.1015021568
-0.1015021568
-0.1015021568
-0.0982269409
0.0048123999
-0.014888590200000001
-0.1015021568
-0.1015021568
-0.1015021568
-0.0881708729
-1.06843e-05
-0.0805701369
-0.1015021568
-0.0749944448
0.0011866591
-0.1015021568
-0.1015021568
0.01565982
-0.040390235600000005
-0.1015021568
-0.1015021568
-0.039293164900000004
0.011124292300000001
-0.0067229778
-0.1015021568
-0.1015021568
-0.1015021568
-0.019859149200000002
-6.292e-06
-0.1015021568
-0.1015021568
-0.1015021568
-0.1015021568
-0.0013957834000000002
-0.00045648460000000004
-0.0731713741
-0.1015021568
-0.1015021568
0.0130951282
-0.0242818807
-0.1015021568
-0.1015021568
-0.0023870638000000003
-0.1015021568
-0.1015021568
-0.053110118600000006
0.00027585580000000004
-0.0430446731
-0.1015021568
-0.1015021568
-0.1015021568
-0.0331926716
3.24159e-05
-0.0540149808
-0.1015021568
-0.1015021568
-0.1015021568
0.031491750400000004
-0.00022924660000000002
-0.1015021568
-0.1015021568
-0.1015021568
-0.1015021568
0.0033380633
-0.0760000879
-0.1014092288
-0.1015021568
0.0162935454
-0.08575035260000001
-0.1015021568
-0.1015021568
0.0006765473
-0.0355322671
-0.1015021568
-0.1015021568
-0.1015021568
-0.1015021568
0.012819562800000002
-0.0051678979
-0.10057978590000001
-0.1015021568
-0.1015021568
-0.1015021568
0.0328119451
-9.264970000000001e-05
-0.057249819
-0.1015021568
-0.1015021568
-0.1015021568
0.0304945894
-0.0002907872
-0.1015021568
-0.1015021568
-0.1015021568
-1.07206e-05
-0.1015021568
-0.1015021568
0.019903169000000002
-1.06117e-05
-0.1015021568
-0.1015021568
-0.1015021568
-0.1015021568
0.028328737800000003
-1.2559800000000001e-05
-0.09617155020000001
-0.1015021568
-0.1015021568
-0.1015021568
0.0321847658
-3.42914e-05
-0.0492208882
-0.1015021568
-0.1015021568
-0.1015021568
-0.1015021568
0.032091644200000005
-0.0001225004
-0.1015021568
-0.1015021568
-0.0966051537
-0.00039167700000000005
-0.1015021568
-0.1015021568
0.0022886424
-0.022900556800000003
-0.1015021568
-0.1015021568
-0.1015021568
-0.0724915356
0.0010094788000000001
-0.0316466062
-0.1015021568
-0.1015021568
-0.1015021568
-0.054898934200000006
0.0003309834
-0.0417177871
-0.1015021568
-0.1015021568
-0.1015021568
-0.1015021568
0.010118721800000001
-5.2259900000000004e-05
-0.0507510784
-0.1015021568
-0.1015021568
0.0063081656
3.39163e-05
-0.1015021568
-0.09407255110000001
-1.0599600000000001e-05
-0.1015021568
-0.1015021568
-0.1015021568
-0.08247558440000001
0.023963614400000003
-1.0635900000000001e-05
-0.08487830560000001
-0.1015021568
-0.1015021568
-0.1015021568
0.0262019208
-1.08658e-05
-0.09347033410000001
-0.1015021568
-0.1015021568
-0.1015021568
-0.049297178700000006
0.013307979300000002
-0.0050733122
-0.1015021568
-0.1015021568
0.0330305921
-8.54986e-05
-0.1015021568
-0.1015021568
0.005528308500000001
-0.1015021568
-0.1015021568
-0.1015021568
0.027566413600000002
-1.0635900000000001e-05
-0.07856104080000001
-0.1015021568
-0.1015021568
-0.1015021568
0.022718137200000002
-0.0016322174000000002
-0.1015021568
-0.1015021568
-0.1015021568
-0.1015021568
0.017052675200000002
-0.0033813934
-0.1015021568
-0.1015021568
-0.1015021568
-0.1015021568
-0.0060945522000000005
-0.1015021568
-0.1015021568
0.0329958288
-0.0602264916
-0.1015021568
-0.09768886600000001
0.0048113109
-0.0713510138
-0.1015021568
-0.1015021568
-0.1015021568
-0.0873187304
0.0025299406000000003
-0.022781456500000002
-0.1015021568
-0.1015021568
-0.1015021568
0.020898127800000003
-0.0021682837000000003
-0.09082126900000001
-0.1015021568
-0.1015021568
-0.1015021568
0.015534742300000001
-1.55122e-05
-0.1015021568
-0.1015021568
-0.0382721185
-0.007231105200000001
-0.1015021568
-0.0180204695
-0.0001977624
-0.1015021568
-0.1015021568
-0.1015021568
-0.0951312648
0.0038399229000000003
-0.0178896201
-0.1015021568
-0.1015021568
-0.1015021568
0.014038710400000001
-1.0648e-05
-0.025422826000000003
-0.1015021568
-0.1015021568
-0.1015021568
0.025432264000000003
0.0015646631
-0.0934871894
-0.1015021568
-0.1015021568
0.0307760959
-2.25786e-05
-0.1001467874
-0.1015021568
-0.0316151462
-8.675700000000001e-05
-0.0562829322
-0.1015021568
-0.1015021568
-0.1015021568
0.0056047200000000005
-0.0676259199
-0.1015021568
-0.1015021568
-0.1015021568
0.004290272800000001
0.0030709195000000002
-0.020330916100000002
-0.1015021568
-0.0126877696
-0.1015021568
-0.1015021568
0.0222690699
-0.0016513112000000002
-0.0876825048
-0.1015021568
-0.1015021568
-0.0634197905
-0.0032670121
-0.1015021568
-0.1015021568
0.031757768900000004
-0.0060549126
-0.1015021568
-0.1015021568
-0.1015021568
-0.1015021568
-5.566e-07
-0.060192938300000005
-0.1015021568
-0.1015021568
-0.1015021568
-0.0064933682
-1.0623800000000002e-05
-0.071553108
-0.1015021568
-0.1015021568
-0.1015021568
0.0095115801
-1.0696400000000001e-05
-0.08175827220000001
-0.1015021568
-0.1015021568
-0.1015021568
0.0011084568000000001
-0.0314724267
-0.1015021568
-0.1015021568
0.015153991600000001
-0.0415081183
-0.1015021568
-0.1015021568
0.0325605676
-5.2405100000000004e-05
-0.0524670278
-0.1015021568
-0.1015021568
-0.1015021568
-0.1015021568
0.006674831900000001
-0.0116362554
-0.1015021568
-0.1015021568
-0.1015021568
-0.1015021568
0.0288049091
-1.0648e-05
-0.07459461240000001
-0.1015021568
-0.1015021568
-0.1015021568
-1.0660100000000001e-05
-0.1015021568
-0.1015021568
-0.1015021568
-1.10352e-05
-0.1015021568
-0.1015021568
-0.1015021568
-0.0253755392
0.0002204378
-0.10001556290000001
-0.1015021568
-0.1015021568
-0.1015021568
0.0090290321
-0.0085270152
-0.1015021568
-0.1015021568
-0.1015021568
-0.1005446717
0.030864861500000004
-1.05391e-05
-0.0674093057
-0.1015021568
-0.1015021568
-0.1015021568
-0.09158721110000001
-0.020269823200000002
-0.1015021568
-0.1015021568
0.0182107178
-0.0876262882
-0.1015021568
-0.1015021568
0.0169065798
-0.0377625875
-0.1015021568
-0.1015021568
-0.1015021568
-0.1015021568
0.0314668849
-3.4073600000000005e-05
-0.1015021568
-0.1015021568
-0.1015021568
-0.1015021568
0.032421708
-0.0001189188
-0.1015021568
-0.1015021568
-0.1015021568
-0.1015021568
-0.0067513644
0.0046333683
-0.1015021568
-0.1015021568
-0.1015021568
0.0257113142
-0.08100588210000001
-0.1015021568
-0.1015021568
0.0011751641
-0.09023388660000001
-0.1015021568
-0.1015021568
-0.1015021568
-0.058928439900000004
0.0004278681
-0.0408636239
-0.1015021568
-0.1015021568
-0.1015021568
-0.1015021568
0.0110947804
-0.0070441239
-0.1015021568
-0.1015021568
-0.1015021568
-0.1015021568
-0.020311471400000003
-6.134700000000001e-06
-0.0629430747
0.0003964928
-0.09586712630000001
0.0293744561
-0.07388004690000001
-0.1015021568
-0.08533031320000001
0.002116895
-0.0840013581
-0.1015021568
-0.1015021568
-0.1015021568
-0.07116184240000001
0.0009252749000000001
-0.0337936181
-0.1015021568
-0.1015021568
-0.1015021568
0.030266080900000002
0.0002885003
-0.043871454000000004
-0.1015021568
-0.1015021568
-0.1015021568
-0.1015021568
0.0097828016
-7.044620000000001e-05
-0.0549155959
-0.1015021568
-0.1014252855
0.0315635639
-0.06632585960000001
-0.1015021568
0.0024381016
-0.0006699286000000001
-0.1015021568
-0.1015021568
-0.1015021568
-0.0810382617
0.0229987967
-0.0015173279
-0.1015021568
-0.1015021568
-0.1015021568
-0.1015021568
0.0177228458
-0.0030859114000000003
-0.0949052731
-0.1015021568
-0.1015021568
-0.1015021568
0.031491750400000004
-3.06856e-05
-0.0473138919
-0.1015021568
-0.1015021568
0.032688573500000005
-0.00010531840000000001
-0.1015021568
-0.1015021568
0.0306517926
-0.00033645260000000004
-0.1015021568
-0.1015021568
-0.1015021568
0.007524905300000001
0.003171773
-0.0215820803
-0.1015021568
-0.1015021568
-0.1015021568
0.0206775569
0.0012901504
-0.030048910100000003
-0.1015021568
-0.1015021568
-0.1015021568
-0.1015021568
0.0162382121
-0.0037066898000000003
-0.0970055427
-0.1015021568
-0.1015021568
0.0114596317
-0.0065707235
-0.1015021568
-0.1015021568
0.0074347724
-0.06176926580000001
-0.1015021568
-0.1015021568
-0.0968944889
0.0300121624
-1.0635900000000001e-05
-0.07261669800000001
-0.1015021568
-0.1015021568
-0.1015021568
0.011291429600000001
-1.0648e-05
-0.1015021568
-0.1015021568
-0.1015021568
-0.1015021568
0.0238248274
0.0009881344
-0.0325454305
-0.1015021568
-0.1015021568
-0.1015021568
0.00031541070000000004
-0.042842845100000006
-0.1015021568
-0.1015021568
0.0321433354
-0.1015021568
-0.0570949632
-0.1015021568
0.0318460021
-9.099200000000001e-06
-0.0121607299
-0.1015021568
-0.1015021568
-0.1015021568
-0.09380614540000001
0.0283176784
-0.0005862208000000001
-0.1015021568
-0.1015021568
-0.1015021568
-0.1015021568
0.016612344100000002
-1.0672200000000001e-05
-0.08554519710000001
-0.1015021568
-0.1015021568
-0.1015021568
-0.0028750931
-0.1015021568
-0.1015021568
-0.1015021568
-2.4901800000000003e-05
-0.1015021568
-0.1015021568