-0.0477393279
-0.1015021568
-0.1015021568
0.0182753439
-0.014307403000000002
-0.1015021568
-0.0808500946
0.039687080400000005
0.013553101100000001
-0.0996890686
-0.0804471888
0.0373739113
0.0385985644
-0.08651519360000001
-0.08582504590000001
0.025515778200000002
0.058684080400000005
-0.0692668372
-0.09274950080000001
0.009010906300000001
0.0730658379
-0.0481710559
-0.0985497084
-0.0096510447
0.07968474360000001
-0.0242972114
-0.1015021568
-0.0282240607
0.07794415860000001
0.0015835028000000001
-0.1001730807
-0.0455105684
0.0685258816
0.0269160386
-0.09308503380000001
-0.0608534894
0.0543044612
0.0492718897
-0.0804264494
-0.07549083520000001
0.035259714600000006
0.06696229540000001
-0.0627097625
-0.0871076459
0.014371762900000001
0.0783612456
-0.0411564923
-0.0949431703
-0.006107547600000001
0.0825068629
-0.0166108679
-0.09861999730000001
-0.0260742295
0.0781958628
0.0089953215
-0.0970423267
-0.0442132064
0.0673348302
0.0333673956
-0.0605010043
0.0515158105
0.05437178560000001
-0.07564755440000001
-0.07488261660000001
0.0323165953
0.0704400169
-0.057096439400000004
-0.0861974597
0.0122156034
0.0802699964
-0.034874123900000005
-0.09375550690000001
-0.0079227049
0.0822207826
-0.010213113900000001
-0.027017521300000003
0.07669670910000001
0.015442612900000001
-0.0942854627
0.0646128747
-0.08541934500000001
-0.0609775507
0.0589839668
-0.0708264546
-0.0752804767
0.0291081109
0.07345839820000001
-0.0515602296
-0.08636721060000001
0.0086693354
0.0813936387
-0.0285254596
-0.0932762622
-0.010673785100000001
0.0816450283
-0.0035323409000000004
-0.0955115073
0.07417176580000001
0.021650578400000002
-0.0917899103
-0.0470391251
0.061189905700000005
0.044459550300000004
-0.0817264008
-0.0630877302
0.044282950800000005
0.0631941981
-0.0659868539
-0.0769341716
0.024371517500000002
0.07583563680000001
-0.045809523100000006
-0.0872876818
0.0041753349
0.081663868
-0.022466336200000003
-0.09339392260000001
-0.015159001000000002
0.0799522988
0.0029907812
-0.0337573544
0.07088661580000001
0.0273716157
-0.08941908470000001
-0.050676518200000006
0.0566433428
0.04927526560000001
-0.07793884670000001
-0.06604196940000001
0.038749511900000005
0.066348051
-0.0611538598
-0.07871998640000001
0.0194957862
0.0776205804
-0.040158520600000004
-0.0879998515
0.00010050260000000001
0.0817557433
-0.016247359700000002
-0.0931953011
-0.0187665071
0.009061520600000001
-1.8319400000000003e-05
-0.0930263246
-0.0362755822
0.06793374390000001
0.032986717500000005
-0.08650223450000001
-0.052533589900000004
0.053124868500000005
0.0538885963
-0.07383810830000001
-0.06721933570000001
0.0353552804
0.0695647997
-0.056099822900000006
-0.0793622181
0.016398621800000002
0.0793724063
-0.034450999
-0.0025954137
0.08168586580000001
-0.0101180079
-0.0922888659
-0.020789687600000002
0.07650440380000001
0.015085590300000002
-0.0909706556
-0.0379853364
0.0651944128
0.038191084800000004
-0.0832587932
-0.0540347522
0.0496721093
0.058060990900000005
-0.06944315840000001
-0.0682276287
0.0317853206
0.0725006348
-0.050808045200000006
-0.0798141289
0.012967570000000001
0.0805333045
-0.0285158522
-0.0055468336
0.0809489879
-0.0037982868000000004
-0.0913295295
-0.023015361600000003
0.0743786153
0.0210306349
-0.0887204186
-0.039779887400000005
0.06215750640000001
0.043449079300000006
-0.07976451890000001
-0.0554266152
0.0464061136
0.06212170250000001
-0.0649038797
-0.0694512654
0.028422972600000002
0.07519201360000001
-0.045466899500000005
-0.08065644620000001
0.010033114300000001
0.0813232651
-0.022615880100000003
-0.08811275660000001
-0.0085523284
0.0798670664
0.0022338415
-0.09038956520000001
-0.025699613500000003
0.07198052840000001
0.026593053300000002
-0.0864631757
-0.041999523500000004
0.0590911002
0.048368007600000006
-0.07624495560000001
-0.05754963280000001
0.04262467
-0.0604111981
-0.0711527069
0.024481821100000002
0.07705145690000001
-0.0401129157
-0.0815372052
0.0063425538
0.0815067374
-0.0165242682
-0.08807143510000001
-0.0115260607
0.0784991493
0.008486347100000001
-0.0891799645
-0.0284627816
0.0692726573
0.032252888800000004
-0.0840220854
-0.0446838359
0.0551941258
0.0530002627
-0.07236918040000001
-0.0598901358
0.0385224554
0.0688234206
-0.0552571426
-0.07280318320000001
0.0204508755
0.0784474339
-0.034166757900000004
-0.08228285560000001
0.0024905914
0.0808002305
-0.0102882912
-0.08768114960000001
-0.0149452061
0.0761354385
0.014423732400000002
-0.0874118762
-0.0314364534
0.0658363299
0.0375849716
-0.0474736482
0.0509675958
-1.6903700000000002e-05
0.056672286
-0.06775780990000001
-0.0620607306
0.0341404404
0.0710563183
-0.049838218100000005
-0.0742497866
0.016207841100000002
0.07902755630000001
-0.0280058372
-0.0828458202
-0.0013582855
0.07964032450000001
-0.0039501781
-0.0869412467
-0.0183786295
0.0733853626
0.020126329300000002
-0.0346071495
0.062017908700000006
0.042278803600000005
-0.07704904900000001
-0.050170532500000004
0.0296435843
0.07279064760000001
-0.0443515941
-0.0755243159
0.012135852300000001
0.07906991840000001
-0.022129617400000003
-0.08319520770000001
-0.005212631600000001
0.0779870289
0.0021891441
-0.08618821530000001
-0.0222246024
0.0703282734
-0.08289757190000001
-0.0379643308
0.0580481044
0.046545602400000004
-0.07335263210000001
-0.0529208746
0.042596295500000006
0.0633590606
-0.0582373121
-0.0663677861
0.0254437227
0.0745024467
-0.0386387001
-0.07673597360000001
0.0081530647
0.0788186377
-0.0161866661
-0.0834133586
-0.008854477500000001
0.07595357550000001
0.0076691494
-0.025172973100000003
0.06735854620000001
0.030867838100000003
-0.0802612602
-0.0406867824
0.0543825183
0.050622286
-0.0693848969
-0.0552353142
0.0386329526
0.06612952500000001
-0.0532869964
-0.0679463884
0.021643766100000003
0.0754665384
-0.0332678368
-0.0775671589
0.0045925308
0.0781962863
-0.0102409318
-0.0830689926
0.0740687948
0.013703492000000001
-0.083231544
-0.0277436544
0.0643595733
0.0359676856
-0.07725534190000001
-0.0432053732
0.0506459899
0.0547056609
-0.0651834986
-0.05734137970000001
0.0348064244
0.06861648640000001
-0.048128234000000006
-0.06921704570000001
0.018083220100000002
0.076332245
-0.027495289800000003
-0.0781091784
0.0012726296000000002
0.0773203068
-0.08254924920000001
-0.0147050453
0.0718370103
0.019326011100000002
-0.0813611865
-0.030186983200000003
0.06126282030000001
0.0407663278
-0.0740423563
-0.0455170056
0.0470036479
0.058227269100000006
-0.0608340689
-0.059257680900000005
0.031103134700000003
0.0707235925
-0.0430601248
-0.0704813989
0.014770240100000002
0.07703824370000001
-0.0217383397
-0.0019991983000000003
0.0761604008
0.001582075
-0.08197279310000001
-0.0177989427
0.069314124
0.024560301700000002
-0.07949236570000001
-0.033021989
0.058060083400000004
0.045087310400000004
-0.0707762638
-0.0479616291
0.0434275171
0.0614288081
-0.0564858492
-0.06118339590000001
0.0275157509
0.0724785039
-0.0378223736
0.0110195184
0.0768707918
-0.0161248109
-0.07889503710000001
-0.004937550200000001
0.0747509081
0.0073501329
-0.08104103260000001
-0.0206023312
0.0667485126
0.0297085371
-0.07717848270000001
-0.0357020059
0.0545489538
0.049380414600000005
-0.0671003201
-0.0504202523
0.0396184371
0.0643828416
-0.0518492502
-0.06323328110000001
0.0235984243
-0.032412475700000005
-0.073251827
0.007330954400000001
0.0766143081
-0.010167400100000001
-0.0792427185
-0.008549944700000001
0.0728305655
0.0132251911
-0.08011737910000001
-0.0241433357
0.06365373190000001
0.034972267
-0.0746851446
-0.039086872
0.050841840500000006
0.0532183773
-0.06333551400000001
-0.053064441100000005
0.035843648500000005
-0.047021180800000006
-0.06537928870000001
0.019705079900000002
0.07489670100000001
-0.0269814875
-0.0745391702
0.0036008148
0.0760166891
-0.0043062569
-0.0795116047
-0.012170494600000002
0.0706933183
0.018552760600000003
-0.0788868454
-0.0273365983
0.060677966800000004
0.039535007600000005
-0.0720619614
-0.0420456124
0.0472773015
0.0569032629
-0.0595055494
0.031904191000000005
0.06918060050000001
-0.0423632374
-0.0674298636
0.0158125341
0.07543080710000001
-0.0215797692
-0.0756234996
-6.964760000000001e-05
0.0748542784
0.0011668998000000002
-0.07940246270000001
-0.015493045700000001
0.0684723391
0.023685798400000003
-0.077364738
-0.0303847819
0.0576770942
0.0438703771
-0.0692063614
-0.0449981334
0.060071309100000005
-0.055546465700000006
-0.0582537076
0.028120859800000002
0.0709922488
-0.0374097636
-0.0690936499
0.012275425800000002
0.0756047204
-0.016185758600000003
-0.07628500660000001
-0.0031738784000000003
0.0736727981
0.0067170488
-0.07888517560000001
-0.018435789900000003
0.06607282440000001
0.0287059069
-0.0755131839
-0.033331640100000004
0.054476123900000006
-0.0660471724
-0.0477440832
0.0401142346
0.06304602150000001
-0.0512876166
-0.06062631190000001
0.0244951674
0.07245383200000001
-0.0323907199
-0.0705520266
0.0089128116
0.07552599780000001
-0.010692975700000001
-0.07683976740000001
-0.0064373331
0.0721488878
0.0121415514
-0.07814006970000001
-0.0216128506
0.06355371330000001
0.033591100400000004
-0.0733592871
-0.0363988207
0.0512291494
0.0518896521
-0.0626538484
-0.0504377368
0.036539858300000005
0.0655117474
-0.046951944600000003
-0.0625545437
0.0209905355
0.07351722840000001
-0.0273885557
-0.0718024285
0.005621055000000001
0.07510289710000001
-0.005245047500000001
-0.0771223387
-0.0095929889
0.0704136873
-0.0771403677
-0.0245016046
0.060864403600000005
0.038357242
-0.0710411207
-0.0394655052
0.047677533200000004
0.055368958700000005
-0.0590443095
-0.0530704306
0.0329332476
0.06790997950000001
-0.042232654200000004
-0.0645132191
0.0177199539
0.0745285101
-0.0219704782
-0.0731367681
0.0020290006
0.0742894504
0.0004966082
-0.0773390981
-0.0131186748
0.0682106403
0.022795674000000002
-0.075896645
-0.027910900600000003
0.0578380484
0.042765126800000004
-0.0682836517
-0.0424789739
0.044247316300000006
0.0588122073
-0.0550985842
-0.0556758389
0.0292272717
0.06998026530000001
-0.0374713042
-0.0667524572
0.013619735800000001
0.0747469877
-0.07448171940000001
-0.0017801641000000001
0.0730484623
0.0058511849000000005
-0.0773294786
-0.0167146859
0.0658322159
0.027675725
-0.0744274872
-0.031337306
0.054574799400000006
0.046816642400000004
-0.06539763230000001
-0.045575363900000006
0.0408245167
0.061810212200000006
-0.0511342007
-0.0582894752
0.0255546071
0.0714899944
-0.032770091200000004
-0.0685780326
0.010170582400000001
0.0747158423
-0.011473147400000001
-0.0752915482
-0.005078854000000001
0.0716629034
0.011104883900000001
-0.0768549287
-0.0197937608
0.0634771808
0.0324648566
-0.0725573112
-0.0344513257
0.051485850900000005
0.050730944
-0.06229444210000001
-0.0483130131
0.037285678100000004
0.06457895840000001
-0.0470007439
-0.0606636767
0.0220488741
-0.027932535400000003
-0.0702107703
0.006819439
0.07458414590000001
-0.0060058834
-0.0758073954
-0.0082543296
0.0700538333
0.016342695600000002
-0.0761241976
-0.0229259063
0.06083881210000001
0.0370401812
-0.07039746120000001
-0.037132238000000005
0.0484175571
0.054497867600000006
-0.0587975421
-0.0506999801
0.0340356665
0.0670022859
-0.0426990124
-0.0625395276
0.0188192389
0.07374632980000001
-0.0228852745
-0.0713036544
0.0036253052
0.07387652580000001
-0.0006166644000000001
-0.0758735703
-0.011166533400000001
0.06819809260000001
0.021469344600000002
-0.0748573881
-0.025507610700000002
0.0582137413
0.0415243807
-0.0679534306
-0.039759607800000006
0.045125062400000006
0.057862853400000004
-0.0553816395
-0.05324363
0.030670354
0.0691167488
-0.0381921859
-0.06443631150000001
0.015346163800000001
0.0741648688
-0.0177824262
-0.0722867794
0.00045385890000000005
0.07288390230000001
0.0045782165
-0.0758490557
-0.014184418600000002
0.0661701326
0.0264102223
-0.07352427060000001
-0.028517522000000003
0.055325168800000005
0.045676604600000004
-0.0651776906
-0.042623387400000004
0.041767905300000005
0.0607857657
-0.051543277500000005
-0.0556384741
0.026993406
0.0708201626
-0.0333763496
-0.0661413104
0.012022656800000002
0.0744026217
-0.012432943600000001
-0.07312129220000001
-0.002696122
0.0716806178
0.010039321600000001
-0.0754355624
-0.0172063936
0.06379463640000001
0.0313579728
-0.07184888040000001
-0.0315998518
0.0522657564
0.0496445334
-0.062162346400000006
-0.0454126794
0.0384197869
0.06365526860000001
-0.047388488400000005
-0.0578706821
0.0235942498
0.0720612838
-0.028663435900000003
-0.0677009278
0.0087252616
0.0741942718
-0.0071669873
-0.0738375275
-0.0058923612000000005
0.070137287
0.015197007100000002
-0.0202195356
0.0613711274
0.0358925446
-0.0699213746
-0.0346004461
0.0491375676
0.053214202800000006
-0.059034375400000005
-0.0481469406
0.0349968058
0.0659890561
-0.043196685400000004
-0.060048149700000004
0.0203107333
0.07323804510000001
-0.0235928099
-0.0692823857
0.0053370196
0.07363346100000001
-0.0018847202000000002
-0.07438087800000001
0.06833747250000001
0.0203744761
-0.07412860510000001
-0.023596524600000002
0.058590293300000006
0.0403109564
-0.0676846775
-0.0378542087
0.045794240800000004
0.056703867000000005
-0.055458196200000004
-0.051165104100000004
0.0313289449
0.0682007304
-0.0386731488
-0.06252718560000001
0.0165017138
0.0736780979
-0.018588141000000002
-0.07093472540000001
0.0016940968
0.0035485428000000003
-0.07485407270000001
-0.0127581311
0.0662032745
0.025298885700000003
-0.0729994089
-0.027012717600000003
0.0555678343
0.0445787474
-0.0651246442
-0.041076886400000005
0.042404813
0.0599635707
-0.0518009107
-0.054125526400000006
0.0277043052
0.0700071515
-0.0340863292
-0.0647509599
0.012939159200000001
0.07393442430000001
-0.013321011
-0.07207633620000001
-0.0016377834000000002
0.07155158340000001
0.0089439328
-0.0746913156
-0.0159344537
0.0639433454
0.030254138200000003
-0.0715128755
-0.030137857200000003
0.0527016468
0.0486710158
-0.062310002700000006
-0.0440016016
0.039061982300000006
0.0627332607
-0.0479125878
-0.056456119500000006
0.0243475958
0.0714230693
-0.0294606565
-0.0665354437
0.0095645781
0.0738784376
-0.0080849296
-0.0729480323
-0.0047902448
0.0701779188
0.014014353100000002
-0.07432699670000001
-0.019071487600000003
0.061529383300000004
0.034735820900000006
-0.0698168911
-0.033301232800000004
0.049567601600000004
0.05234902860000001
-0.059262315200000006
-0.047143995800000005
0.035627542500000005
0.06510000860000001
-0.043914094400000006
-0.0588952375
0.020968755500000002
0.0724887768
-0.0247660622
-0.06831541420000001
0.006245233500000001
0.07337364980000001
-0.0030342323
-0.07374179230000001
-0.0081623938
0.06847995
0.0190195665
-0.0737184272
-0.022320010900000003
0.058998571500000006
0.039157269800000005
-0.06774331410000001
-0.036531352
0.046423767500000004
0.055692536900000006
-0.0560814914
-0.0500792622
0.0322057351
0.0674161543
-0.039629786900000005
-0.0616569536
0.0172711891
0.0732122721
-0.0197172767
-0.0701820449
0.0026490288
0.0726479523
0.0022521246
-0.07434912760000001
-0.0117635837
0.06647339490000001
0.024034798700000002
-0.0729029114
-0.0259652569
0.0560910867
0.043459969300000005
-0.06538175710000001
0.0430795816
-1.52581e-05
0.058906998700000004
-0.052334266600000005
-0.052656985700000006
0.028626494600000003
0.069322352
-0.035006473700000006
-0.0636012058
0.0139594433
0.07367573840000001
-0.014431052900000001
-0.0713154277
-0.0006924104
0.0714175517
0.0075628509
-0.07414352440000001
-0.0147663076
0.028880679300000003
-1.5233900000000002e-05
-0.0712807491
0.0532199624
0.047529150900000004
-0.0625184252
-0.0426687987
0.0397724096
0.061725427500000006
-0.0485618738
-0.055123183500000006
0.025354485200000002
0.0708960054
-0.0303770379
-0.0656029451
0.010434205100000002
0.07350445080000001
-0.009298317600000001
-0.0722769179
-0.0039008706
0.0700786625
0.0127245415
-0.07389737410000001
-0.017861911100000002
0.0620065226
-0.06965810280000001
-0.0321206963
0.0499598231
0.0513719778
-0.0595283942
-0.045774699300000006
0.036259900600000006
0.0645778573
-0.044374947100000006
-0.058012494100000006
0.0216520304
0.07207788500000001
-0.025442258600000003
-0.0675781975
0.0068699081000000006
0.0731271728
-0.003921743100000001
-0.0730707384
-0.0073180921000000005
0.0685033998
0.018272415700000003
-0.0733945344
-0.021508004100000002
0.059180059400000005
0.0383457228
-0.0677395026
-0.035695689700000005
0.0467230852
0.055030207100000006
-0.056250383200000004
-0.0492326494
0.032609536300000005
0.0668280338
-0.0401348409
-0.060925726400000005
0.0177812041
0.07282703230000001
-0.0203468639
-0.0694748362
0.0032707268
0.0725121903
0.0014832059000000001
-0.0739288946
0.0664823731
-1.5209700000000001e-05
0.023204787100000002
-0.0727501247
-0.025235566400000003
0.056306696600000004
0.0426800759
-0.0654449675
-0.039195905100000004
0.0433866191
0.058131582300000005
-0.0527870002
-0.0521341326
0.0290654584
0.0687170253
-0.035629381700000004
-0.0629659921
0.0144399585
0.0732740184
-0.015215508
-0.0706577322
1.5028200000000001e-05
0.07148624340000001
0.006856743300000001
-0.0738531728
-0.014120857300000001
0.0643766706
0.028203575400000003
-0.0713801869
-0.028254105
0.0534820363
0.046811112700000004
-0.0627941721
-0.042058160100000005
0.0400997509
0.0611199435
-0.049007432100000005
-0.054678750500000005
0.02571613
0.0703527154
-0.0310168375
-0.06479397540000001
0.0734516464
-1.5197600000000002e-05
-0.010041959400000001
-0.0716348556
-0.0031318067000000002
0.0701552555
0.0119384529
-0.0737103444
-0.017225378500000003
0.0620257737
0.0327237603
-0.0698297534
-0.0312910114
0.05047401260000001
0.0504460616
-0.0599103912
-0.0448856155
0.0367938131
0.0638422378
-0.0449739939
-0.056851087700000004
0.0223989513
0.07173825010000001
-0.026184799300000002
-0.06647621420000001
0.0079954501
0.07324842690000001
-0.004759353500000001
-0.07246129770000001
-0.0062857201
0.0686555694
0.0171533835
-0.0731860151
-0.020363404600000003
0.059572547100000005
0.0374768944
-0.06777266870000001
-0.034356401200000004
0.0473390599
0.054270097200000006
-0.0566462105
-0.047662093600000004
0.033427532600000004
-0.0407528242
-0.059249961100000005
0.0189345035
0.0726259303
-0.0212344715
-0.06817663930000001
0.0045414567
0.0725306428
0.0005449719000000001
-0.07300422470000001
-0.009546658000000001
0.0668115536
0.0222169673
-0.0722638136
-0.023515091600000003
0.0569270636
0.0417254706
-0.0655664999
-0.0375166066
0.044208802000000005
0.057490137100000005
-0.0532788168
0.029965093400000004
0.06820710710000001
-0.036483290800000005
-0.061844769800000005
0.015462940900000001
0.07312860060000001
-0.016301894400000003
-0.0698493312
0.0010954493000000002
0.0715399069
0.0056751541
-0.0733199742
-0.012872585
0.0646982886
0.0269666408
-0.0712384838
-0.026789750900000003
0.05408088950000001
0.045743094100000006
-0.0631188756
-0.0405639916
0.0408775268
0.060564892300000006
-0.049482006200000005
-0.0531428612
0.026637073100000002
0.07005780210000001
-0.031823520300000005
-0.0638944372
0.012048526600000001
0.07321626510000001
-0.0111128699
-0.0709718966
-0.0020918964000000003
0.0703921614
0.0110037763
-0.07312713650000001
-0.0158346892
0.0626903783
0.0318521973
-0.06963176110000001
-0.0298504822
0.0511166678
0.049759398700000006
-0.060199060900000004
-0.0435134755
0.037641527
0.06336165
-0.045618464100000006
-0.0558692453
0.0232427932
0.07135579330000001
-0.0272002676
-0.0658332444
0.0087306824
0.0730109644
-0.0059928517
-0.0718781019
-0.005357323400000001
0.0688735267
0.0162524175
-0.07283251360000001
-0.0192513541
0.0599925139
0.0366508516
-0.0679661477
-0.0333548116
0.047923744000000004
0.053490724100000005
-0.057129508700000005
-0.046712086300000004
0.0340839818
0.06585470980000001
-0.041432928900000006
-0.058563528100000005
0.0195674061
0.07233021840000001
-0.022043114500000002
-0.06753703330000001
0.0053604815
0.0725607234
-0.00043711250000000003
-0.0724359724
-0.0085522316
0.06709188640000001
0.0213448961
-0.07206562770000001
-0.022303433900000003
0.057373868200000004
0.0409217523
-0.0657124743
-0.0361621447
0.0447650995
0.056877078500000004
-0.05362098060000001
-0.0492333875
0.0308011792
0.067972355
-0.0370056478
-0.06031367210000001
0.0165202631
0.07313664710000001
-0.016913767200000002
-0.06861416320000001
0.0024420946000000003
0.004950061600000001
-0.0726421564
-0.0115155337
0.0650522741
0.0264360558
-0.0708615204
-0.025296913400000003
0.054453037100000004
0.045325329500000004
-0.06304713470000001
-0.038798395900000004
0.041620684600000006
0.0602113666
-0.0498191485
-0.0516802737
0.0274164946
0.0698158747
-0.032295021
-0.0623679617
0.0131628882
0.07337697730000001
-0.0698146526
-0.0008611207000000001
0.0705765049
0.010338288400000001
-0.07254793370000001
-0.014651744800000002
0.0627997139
0.0313321393
-0.069446619
-0.028440166700000002
0.0515026094
0.049327743300000004
-0.060195031600000004
-0.0419439845
0.0382130826
0.0629356574
-0.045905802800000006
-0.054204599900000004
0.024050903800000002
0.07129831830000001
-0.0274639266
-0.0642378957
0.0098490491
0.0731451171
-0.0062991874000000005
-0.0707636435
-0.0040194869
0.0690350859
0.015702968600000002
-0.07217034110000001
-0.017769406600000003
0.0603161284
0.0360661917
-0.0675525334
-0.0314845751
0.048506988200000004
0.0532191033
-0.05703174070000001
-0.044842479000000005
0.034879944
0.0656099752
-0.0416523382
-0.056661456500000006
0.0207126711
0.0724319794
-0.022430629100000002
-0.06597042210000001
0.0066509465
0.07276191010000001
-0.0008225217
-0.0714469305
-0.007208454
0.06730118010000001
0.020802900800000003
-0.0715478687
-0.020892223
0.0577372312
0.040547499300000005
-0.0654678365
-0.034520828100000005
0.045343951400000006
0.05658774330000001
-0.053737189000000005
-0.0476956227
0.031478392
0.0677503079
-0.0373559549
-0.0591946157
0.017233630700000002
0.0729821543
-0.017384481400000002
-0.0677050055
0.0032913573
0.0718445486
0.0044602899
-0.0718819376
-0.010466742000000001
0.0652707517
0.025866436200000002
-0.0705071356
-0.024233081400000002
0.054842451400000006
0.044884853200000005
-0.06309038010000001
-0.037896340900000006
0.042026337100000005
0.059686238700000005
-0.050107031700000006
-0.050664381900000006
0.0280462512
0.0694524875
-0.032765106
-0.0613454754
0.013932109400000002
0.0732853319
-0.0121839619
-0.0688778827
0.00019044190000000002
0.070708649
0.0097621106
-0.07191714860000001
-0.0134373041
0.06320358770000001
0.0307764831
-0.0691395573
-0.027257101300000003
0.0519978019
0.048855093100000004
-0.0603157049
-0.0408155506
0.038764697400000006
0.06256940250000001
-0.046181380300000005
-0.053095828500000004
0.024616397300000002
0.07102571740000001
-0.027991607600000003
-0.06336938190000001
0.010591359900000001
0.07310165390000001
-0.006945714600000001
-0.0699268559
-0.0030491395000000004
0.06919440660000001
0.0151437671
-0.0715150051
-0.0165069168
0.0357506963
-0.06727534660000001
-0.0300360357
0.0487664001
0.0529420133
-0.05712060310000001
-0.043354384700000005
0.035310437800000004
0.06558051170000001
-0.0419095358
-0.055236996100000005
0.0211657193
0.072294959
-0.0227717523
-0.0649166694
0.007414008800000001
0.072630492
-0.0013994739000000001
-0.0707052247
-0.0062539697000000005
0.06738959480000001
0.020438364100000002
-0.019738923600000003
0.0579359979
0.0401415564
-0.0653410648
-0.033428065
0.0456567243
0.0561645579
-0.05388966110000001
-0.046404589
0.031928499900000004
0.067510498
-0.0376497066
-0.057916335400000005
0.0179449292
0.07282445500000001
-0.017941589600000002
-0.0666809825
0.0041726245
0.0717753971
0.0037043424000000004
-0.071189019
-0.009329910700000001
0.0654555671
0.025160377
-0.07008745920000001
-0.0228388952
0.0552421628
0.044265490500000004
-0.063014017
-0.0363675664
0.0425621614
0.059161752100000006
-0.0504038568
-0.0492945651
0.0286833646
0.0691537143
-0.033338125700000006
-0.060478341000000005
0.0145115421
0.0729367551
-0.012955820900000001
-0.0683126191
0.0008114744000000001
0.07060792860000001
0.008867485000000001
-0.07153040840000001
-0.0127088357
0.0633108784
0.029945188900000003
-0.0690168149
-0.0263257401
0.0522716249
0.0480657133
-0.0604805069
-0.0397699896
0.039247584200000005
0.0619370081
-0.046725432600000005
-0.052265466000000003
0.0253317856
0.0705786587
-0.028750967300000003
-0.0626361824
0.0113137783
0.0729379893
-0.0078691624
-0.06946510780000001
-0.0023242164
0.069304565
0.013947319100000001
-0.0714493868
-0.0157871241
0.0610235791
0.0343899908
-0.06759537950000001
-0.029606921300000002
0.0493567228
0.0516432719
-0.05768871020000001
-0.042871752000000006
0.03604227
0.06449370180000001
-0.042758266100000004
-0.0548035378
0.0220034386
-0.0238802696
-0.0643936227
0.008184718300000001
0.0727275703
-0.0024740991
-0.0702113632
-0.005405263600000001
0.0676618206
0.019214727400000003
-0.0710004768
-0.018918616200000002
0.0584307427
0.0390064191
-0.06560040410000001
-0.0325667144
0.046303517700000005
0.0553019973
-0.054367236000000006
-0.0454617691
0.0326675437
0.06681768830000001
-0.038471950000000005
-0.05707342520000001
0.018776731600000002
0.0726054329
-0.0189541781
-0.0659809491
0.005081249800000001
0.0719261026
0.0025217126000000004
-0.0708643397
-0.008442750800000001
0.065806818
0.023994529900000002
-0.0702408751
-0.0220027126
0.05572638060000001
0.0432441416
-0.06340096290000001
-0.0355777752
0.0431832544
0.058451712
-0.0510537236
-0.0482778384
0.029432100500000002
0.06884728180000001
-0.0340316977
-0.059407781400000005
0.0154093621
0.07293688820000001
-0.0139094461
-0.06741369800000001
0.0018946543
0.07089296830000001
0.0079047243
-0.07111073200000001
-0.0114713082
0.06382003430000001
0.029037083900000003
-0.0690990102
-0.025165471100000003
0.052831177300000004
0.0473176671
-0.060854614700000004
-0.0384384814
0.0399312584
0.061426255000000006
-0.04730624470000001
-0.0507624403
0.026174937800000003
0.0703671023
-0.0295877428
-0.0613720591
0.012286025400000001
0.0730726381
-0.0087161261
-0.068626118
-0.0011676742000000001
0.0696263766
0.0131686357
-0.07107281060000001
-0.014572586600000001
0.061348500400000006
0.0336656969
-0.06748344240000001
-0.027977741
0.049989480200000005
0.051239857900000005
-0.0580011806
-0.0412492751
0.0367656322
0.0642215607
-0.0434499021
-0.053475853200000006
0.022831078600000002
0.0715328526
-0.0248434901
-0.0633867696
0.0091462811
0.0727079441
-0.0035781999
-0.0694822051
-0.0042232872
0.06798597960000001
0.018193717300000002
-0.07055491850000001
-0.0174497004
0.058907349600000006
0.0381628555
-0.0656533779
-0.0309047552
0.046931410900000005
0.0548077849
-0.054923836000000004
-0.043992054700000005
0.033426673500000004
0.0666215352
-0.0392506576
-0.055742836600000005
0.0196227515
-0.06479131340000001
0.0060297446
0.0020883148000000002
-0.06987768150000001
-0.006911895100000001
0.0662630364
0.023540332200000003
-0.06988796650000001
-0.020495960100000002
0.0564390343
0.0423650645
-0.06380579260000001
-0.0345043842
0.044036377
0.0572700744
-0.052040333400000006
-0.0478657366
0.030535305900000004
0.0675807385
-0.0356864574
-0.0594548504
0.0163512261
0.0722918735
-0.0160340851
-0.06781083210000001
0.0023978933
0.0708860471
0.0052407278
-0.0715038731
-0.011226004900000001
0.06438792360000001
0.026343369800000002
-0.06952176
-0.0245821422
0.0538602097
0.0453824415
-0.061784644900000005
-0.0379551832
0.0410612532
0.060146232300000005
-0.048597532500000006
-0.0500745916
0.0271947379
0.06974206470000001
-0.031015579100000003
0.0132921888
-1.51492e-05
0.07279588690000001
-0.010724689800000001
-0.0683039676
-0.0002191673
0.06996549120000001
0.011224964300000001
-0.07081567350000001
-0.0133572263
0.062176745400000004
0.032161497500000004
-0.06781262290000001
-0.026756209700000002
0.0510248409
0.049759350300000005
-0.058883282700000004
-0.0400719088
0.037879945400000004
0.063095208
-0.0446615719
-0.0523571114
0.0240899868
0.0710621263
-0.026442735000000002
-0.0624750951
0.010400772800000001
0.07284665850000001
-0.0054563982
-0.0690836432
-0.0030259801
0.06861185210000001
0.016161437600000002
-0.0707272709
-0.01637009
0.059884715000000005
0.0364179629
-0.0662957064
-0.029788167200000003
0.0481403824
-0.056020047600000004
-0.042874099400000004
0.06548873320000001
-0.040812840200000006
-0.054955235500000005
0.020907372200000003
0.072031542
-0.0218296342
-0.0644289547
0.007174779700000001
0.0726945494
-5.034810000000001e-05
-0.0689284849
-0.00499125
0.0670596883
0.0219939159
-0.070103891
-0.019411679100000002
0.05728884150000001
0.0407280313
-0.0643503168
-0.0328765712
0.045040749600000006
0.0565640878
0.031617663000000004
0.06761062550000001
-1.5125000000000002e-05
-0.0366154954
-0.057337713400000004
0.0177187439
0.07258316890000001
-0.0170749029
-0.06601475650000001
0.0041189852
0.0713653281
0.0046515909000000005
-0.0703729466
-0.009038651600000001
0.0649632302
0.025953882900000003
-0.0692462672
-0.0223464857
0.05459294940000001
0.0448753426
-0.0620181023
-0.0355706483
0.041906305100000006
0.05971352420000001
-0.0493102225
0.0283115074
0.069419757
-0.0322260994
-0.059193998600000006
0.014599702700000002
0.07294822590000001
-0.0118848862
-0.06706032960000001
0.0012737428
0.07029349800000001
0.0098862687
-0.0704577797
-0.0119246468
0.030594523300000002
-0.068049553
-0.025196822200000003
0.051899574100000005
0.048712809200000005
-0.059453120100000006
-0.0383376158
0.038790288900000004
0.0625318925
-0.0456762537
-0.0506193578
0.0252001255
0.0707587793
-0.027820925000000003
-0.061102676800000005
0.011669917600000001
0.07289848280000001
-0.006982087200000001
-0.0681367819
-0.0016172134
0.06892963440000001
0.014807665400000001
-0.0703630246
-0.0148097829
0.0351951853
-0.028220684800000003
0.048965796000000006
-1.51129e-05
0.0523033269
-0.0568060394
-0.041399351400000006
0.035661846000000004
0.0648825474
-0.0418680207
-0.053402503000000004
0.021922501700000003
0.0718664012
-0.0230452244
-0.0629946812
0.008575378900000001
0.0724321004
-0.0018599757
-0.06889807760000001
-0.0044997964000000005
0.0673773133
0.020157184300000002
-0.0698415146
-0.0176575421
0.058093370500000005
0.0396967483
-0.031375312100000004
0.0460153562
0.0556254424
-0.053728053500000005
-0.0441294744
0.0325403848
0.0669801429
-0.0378829704
-0.0558164893
0.0189157727
0.0724132244
-0.0185606014
-0.0649794805
0.0054763753
0.0028296334000000004
-0.06990322460000001
-0.0077247126
0.06554422380000001
0.0241935991
-0.0693779878
-0.0209743941
0.055527747
0.0432559028
-0.0628314885
-0.0344696935
0.043030806500000005
0.0584570602
-0.0504961193
-0.0472865701
0.029539258100000004
0.0683863202
-0.0339098507
-0.05850028140000001
0.0157811588
0.0725347326
-0.0140233434
-0.066606749
0.0024243681
0.07064489410000001
0.007674739600000001
-0.07010136210000001
-0.0105867982
0.0635612879
0.0289334111
-0.0681764336
-0.0238255776
0.052875790000000006
0.0471670947
-0.060339783900000006
-0.037027899700000005
0.0400324991
0.061448773100000006
-0.0469374488
-0.049553420400000006
0.026317040200000003
0.0701882159
-0.0293486347
0.0127740668
-1.5137100000000001e-05
0.0728512807
-0.008622230100000001
-0.0003054887
0.06941056100000001
0.013334998600000002
-0.0699019299
-0.0132434621
0.0612839348
0.0340922461
-0.06660933840000001
-0.026264139000000002
0.049597549100000006
0.0519308163
-0.0572899305
-0.0393503616
0.0368489165
0.0643058009
-0.0430172787
-0.051908745900000004
0.0232864742
0.0714124939
-0.024781429200000003
-0.062073121
0.07242954730000001
-0.0038440006000000004
-0.06850292790000001
-0.0033037477000000003
0.0679139846
0.0175994984
-0.0698623629
-0.0164321267
0.0590171571
0.0375111011
-0.0652934513
-0.029786642600000003
0.0472238316
0.05393400760000001
-0.054895146900000004
-0.0429136785
0.0340379897
0.0657749345
-0.0396372284
-0.05483705480000001
0.020224387700000002
0.0718595526
-0.0205760016
-0.06405085390000001
0.006761177500000001
0.0717118358
0.0007579440000000001
-0.06920471580000001
-0.0061976805
0.0663076491
0.022213651900000003
-0.0692636791
-0.019331117300000002
0.0564937021
0.041596145800000005
-0.0632731869
-0.0324786143
0.0442223419
0.057225231800000005
-0.0515750763
-0.0451764027
0.030709497500000002
0.0678815324
-0.056526916600000005
0.0172402494
0.0726347754
-0.015470563900000001
-0.0650275054
0.0040399843000000005
0.0709646971
0.006189464600000001
-0.0694297879
-0.008897589800000001
0.0642230611
0.027279014400000003
-0.06833078120000001
-0.022134046
0.0538069939
0.045755472400000004
-0.0610306576
-0.035309857
0.0411357771
0.0602334491
-0.048216394600000004
-0.0478345307
0.0276195568
0.06953554190000001
-0.030998167200000003
-0.0587293586
0.0141629774
0.0727295668
-0.0107348901
-0.0667106154
0.0009252507000000001
0.06975158740000001
0.0109765634
-0.0698652548
-0.012040697900000001
0.0620002669
0.0318029624
-0.0671525558
-0.025091515900000003
0.0510143018
0.049496852900000006
-0.0382104932
-1.51492e-05
0.038194170300000004
0.0627296428
-0.0446872965
-0.050565524900000006
0.0245463383
0.07085040050000001
-0.026659833200000004
-0.06091132740000001
0.011149109400000001
0.0724789879
-0.0059675869
-0.06783364060000001
-0.0018958159000000002
0.0684217127
0.015675779900000002
-0.0697735731
-0.0149696965
0.0599118916
0.0356705701
-0.06575154520000001
-0.0282494223
0.048361764
0.0524285135
-0.0558845639
-0.041198987500000006
0.035226609
0.0648258226
-0.040997752400000004
-0.0532122547
0.021565563800000003
0.0715457028
-0.022306023300000002
-0.0629986621
0.008234969600000001
0.0719745994
-0.0013488959
-0.0688219686
-0.004869983800000001
0.0668248273
0.020018106900000002
-0.017898767700000002
0.057499054800000005
0.0397814967
-0.06396121710000001
-0.031004301900000003
0.0453996719
0.0559026897
-0.0527012112
-0.0436470232
0.031977819500000004
0.06714669940000001
-0.036829629100000004
-0.05526308370000001
0.018399610900000002
0.07249629090000001
-0.0171193583
-0.0639964281
0.005298505300000001
0.0713422534
0.0048150619000000006
-0.06869729020000001
-0.0072652030000000005
0.064950622
0.025727939600000003
-0.0204803027
0.054805001900000004
0.044384627100000004
-0.061606835400000004
-0.0337079501
0.0423910674
0.059126141800000004
-0.049377631600000006
-0.046568132600000006
0.028915503100000003
0.06879265030000001
-0.0326332765
-0.057610471600000004
0.0153940072
0.0726070785
-0.012439284
-0.0654661304
0.0025012273
0.07023749920000001
-0.0692016666
-0.010393609600000001
0.06281325380000001
0.030067265800000003
-0.0673012285
-0.0235288856
0.0520908993
0.048071109900000006
-0.059316813600000004
-0.03680336
0.039257542500000006
0.0617429846
-0.045921399700000004
-0.0493251055
0.0257007388
0.0703080301
-0.028103919800000002
-0.0598807099
0.0123116774
0.072550874
-0.007502326700000001
-0.0670013784
-0.0006451115
0.06889293510000001
0.0142207791
-0.06944804680000001
-0.0136291254
0.060551255600000006
0.0345124549
-0.0660462286
-0.026778945600000003
0.049228729000000006
0.05165045930000001
-0.056615295
-0.0397365936
0.0363534941
0.064302788
-0.0420478025
-0.0518706067
0.0225785516
0.07137987230000001
-0.023545390000000003
-0.0616743292
0.0093675417
0.0722177247
-0.0024440669000000003
-0.0678859852
-0.0034987513
0.0673858922
0.0191444264
-0.0691517299
-0.016534335400000003
0.0581865405
0.0387652298
-0.0643652482
-0.0297169224
0.046305574700000005
0.054927345
-0.0537424404
-0.042671775300000006
0.0329509741
0.0664048847
-0.0381578824
0.0193510702
0.07206776940000001
-0.0188707244
-0.0635799219
0.006272192300000001
0.0715184536
0.0026459675
-0.06882430390000001
-0.006641472200000001
0.06542174760000001
0.023967111300000003
-0.0686813424
-0.0198312224
0.055430499300000005
0.042975352200000004
-0.062352994
-0.033076898800000004
0.043165213300000005
0.0580134984
-0.050452353600000006
0.029814763
0.0681743887
-0.0339461265
-0.0570985206
0.0162218408
0.0724089531
-0.014133163
-0.0655792533
0.0031070864000000004
0.0704937288
0.0073964154
-0.06958708790000001
-0.0099091982
0.063478778
0.028469485000000003
-0.0677755606
-0.0228843307
0.0529006434
0.046679452600000004
-0.060170771100000006
-0.0360409511
0.060882892400000006
-0.047088892400000006
-0.048649247900000005
0.026777542
0.0699449575
-0.0295916269
-0.059427806900000005
0.013161061100000001
0.0725626231
-0.009100192200000001
-0.06695749170000001
7.81055e-05
0.0692903233
0.012527420400000001
-0.0696481324
-0.0128517851
0.06132196510000001
0.0330739948
-0.0664523409
-0.0259901587
0.0501217937
0.0504956353
-0.05745052170000001
-0.038939106800000005
0.037159221
0.06362833400000001
-0.0432610937
-0.0510691511
0.0236098951
0.07120366
-0.0250083647
-0.06126814430000001
0.010243351800000002
0.07233382420000001
-0.0040887836000000006
-0.0677793842
-0.0026823159
0.0678485841
0.0175354531
-0.06933834820000001
-0.0156090484
0.059034375400000005
-0.0649529452
-0.028841608400000003
0.047267173800000006
0.05392731630000001
-0.0545895735
-0.0416893279
0.0340882289
0.0659405593
-0.039278039900000006
-0.053576065400000004
0.0204896923
0.0720568431
-0.020295039600000002
-0.06303101750000001
0.007253502300000001
0.07172546040000001
0.0009303206000000001
-0.068568764
-0.005629428200000001
0.0660667139
0.0224073971
-0.0687720924
-0.0185400919
0.056515639400000005
0.0415788065
-0.0629446114
-0.0316599283
0.044302940000000006
0.05707728510000001
-0.051518194200000006
-0.044576896100000006
0.030940825300000002
0.0677666066
-0.0353313829
-0.05602863860000001
0.0174592594
0.0724056861
-0.015779174400000002
-0.06459103420000001
0.0043800911000000005
0.0708646301
0.005842678600000001
-0.008516173600000001
0.064210102
0.026985093300000002
-0.0680475928
-0.021538121
0.05385466790000001
0.0454310714
-0.06085922480000001
-0.0345606129
0.0414216154
0.0598407436
-0.048231023500000005
-0.047199486400000004
0.027964866600000002
0.0692485541
-0.031194199300000003
-0.058101562200000005
0.0145425302
0.0726289916
-0.010936718100000001
-0.06592710410000001
0.0016864012000000002
0.0699368021
0.010753584600000001
-0.0692849388
-0.011333489200000001
0.0621510813
0.031431081
-0.06686158710000001
-0.0243620916
0.051123685800000006
0.049144585600000006
-0.058332648
-0.037268447700000006
0.03845138
0.06262831740000001
-0.0446182539
-0.0496142471
0.024827723800000003
0.0706904869
-0.026698771000000003
0.011622037900000002
0.072477185
-0.005956600100000001
-0.0670610435
-0.0013637547
0.0683155352
0.0155026289
-0.0692877097
-0.0143160061
0.059848269800000006
0.0355473195
-0.0654448707
-0.027493849900000002
0.0484610566
0.052214742800000005
-0.0557411426
-0.040623838200000005
0.0354139533
0.06445989440000001
-0.0410850902
-0.0527294284
0.0218011266
0.07131804130000001
-0.022397354100000003
-0.062328443100000006
0.0084233061
0.0718468476
-0.0011557315
-0.06804516070000001
-0.0043101652
0.0667383728
0.020201724400000003
-0.0688474996
-0.0171877959
0.0574724832
0.0397370655
-0.06363699760000001
-0.0304180811
0.0454869976
0.055631891700000005
-0.0526496289
-0.0433610034
0.0666629777
-0.036919689400000004
-0.0547544602
0.0188231472
0.07205217250000001
-0.017605366900000002
-0.0636402162
0.0057694857
0.0711770642
0.0037910752
-0.0685949242
-0.007123778200000001
0.0649880231
0.025040950000000003
-0.0680888417
-0.020086532400000003
0.0549653027
0.0437381362
-0.0615186869
-0.0333817946
0.0425617016
0.0586522332
-0.0493508785
-0.046197545900000005
0.0290998103
-0.0327561036
-0.057367443100000005
0.0157441691
0.07239214620000001
-0.0128204219
-0.06538040190000001
0.0027290703
0.07016981180000001
0.008560483800000001
-0.0692615132
-0.0103416401
0.0630236728
0.029258090400000002
-0.0672571361
-0.0234657841
0.0522952078
0.0473212608
-0.059237994200000005
-0.0364515404
0.039481610300000004
0.061367799900000006
-0.045869393900000006
-0.048767779500000004
0.0259666121
0.0701353752
-0.028151763200000002
-0.0591818381
0.012633101800000001
0.0724687271
-0.007592762100000001
-0.06616237650000001
-8.787020000000001e-05
0.0688205771
0.014313114200000001
-0.0687337959
-0.012670962700000002
0.06050271040000001
0.0347593433
-0.0655259891
0.049185169
0.0517175901
-0.0563473889
-0.0387023461
0.036300677600000004
0.0642363469
-0.041957935800000005
-0.0510167944
0.022886012600000002
0.071236572
-0.023623846400000002
-0.0610881689
0.0097011266
0.072094462
-0.0026392641
-0.06751578570000001
-0.0032262351
0.06708768770000001
0.0187403711
-0.016055127000000002
0.0580788142
0.038523677500000006
-0.0639691426
-0.029077522100000003
0.046327669300000006
0.0547585379
-0.053418934800000005
-0.0421715734
0.033061120400000005
0.0663342933
-0.037929277100000006
-0.054059170000000004
0.019611486400000003
0.0719951452
-0.0188521751
-0.06330214220000001
0.006445440100000001
0.07131563340000001
0.0024230855000000003
-0.06850464610000001
0.06537498110000001
0.023767412900000003
-0.0681740136
-0.019169134600000002
0.055515417100000006
0.04277592
-0.061956138200000004
-0.032171189600000004
0.0432425081
0.05792153840000001
0.0299487584
0.0681516649
-0.0337498524
-0.056207754900000004
0.0165870551
0.07238743930000001
-0.0139520139
-0.0645802773
0.0704906554
0.0075451728000000004
-0.0686920267
-0.009097760100000001
0.06334537550000001
0.0284370328
-0.06718589130000001
-0.022002506900000003
0.0528272206
0.046727223400000004
-0.0595390301
-0.0349427067
0.0402056864
0.0607778039
-0.046660842800000005
-0.047579983000000006
0.026805299400000003
0.0696811049
-0.029364025900000004
-0.058336834600000005
0.0135156879
0.07239465090000001
-0.0089130536
-0.0658529311
0.0006550577
0.06903668310000001
0.0126667398
-0.0687771986
-0.012056790900000001
0.061116059400000006
0.0331416338
-0.0658320949
-0.024916731400000003
0.0498272192
0.0506958298
-0.0568950712
-0.037975414400000004
0.0368536597
0.0634635441
-0.042869041600000005
-0.0503108441
0.0235435508
0.07091517180000001
-0.0247610044
-0.06044192
0.0720717503
-0.0038038286
-0.0670609588
-0.0024501169000000003
0.06742124840000001
0.0178389574
-0.06871066070000001
-0.015213378400000001
0.058589397900000006
0.037725900300000004
-0.0643738997
-0.028364699000000004
0.0468731978
0.0540122825
-0.054100600400000004
-0.0412399944
0.0336887474
0.0657124864
-0.038859162100000004
-0.053095163
0.020347239000000003
0.07171208990000001
-0.019962930900000002
-0.062435007800000004
0.0073442886
0.0715103829
0.0013860429000000002
-0.0679718589
-0.005477924100000001
0.0657098849
0.0227621933
-0.0683721511
-0.0184614903
0.055987196100000004
0.0418086581
-0.0625214986
-0.031625600600000005
0.043735679900000005
0.05721958110000001
-0.05085072190000001
-0.044224616700000004
0.0304440961
0.0676738843
-0.0345440117
-0.0554726315
0.0172057281
0.0722821693
-0.014905094600000002
-0.0640857261
0.0042879133000000005
0.07051634370000001
0.0065643347000000005
-0.06858791830000001
-0.008551541900000001
0.0636206626
0.027597934100000002
-0.0674218171
-0.021544909100000002
0.053238596400000004
0.0458381033
-0.060057624000000004
-0.0344113957
0.0406838542
0.0601687262
-0.0472849487
-0.046910393200000004
0.027301701900000003
0.06933509330000001
-0.030120372700000002
-0.057783997700000006
0.0140774304
0.0722737719
-0.0098946419
-0.0654465889
0.0013061103000000002
0.0692799536
0.0117945718
-0.0688089732
-0.0115454691
0.0614713033
0.0322113858
-0.0661312069
-0.0244974906
0.050342086300000005
0.049506424
-0.057493174200000004
-0.0373682606
0.0376396878
0.0627448404
-0.043607202100000006
-0.0494819094
0.0242780208
0.07051951390000001
-0.025663676500000003
-0.059645848900000006
0.011223488100000002
0.07208688740000001
-0.0049630691
-0.06666242110000001
-0.00163713
0.0677549301
0.0165269181
-0.06856185490000001
-0.014336370400000001
0.036491785000000006
-0.0644504806
-0.027201175100000002
0.0475500597
0.0530915693
-0.0546210456
-0.0401807241
0.0345127574
0.0651983453
-0.0396508651
-0.052172078200000006
0.0211286691
0.0715392898
-0.020943151900000002
-0.061722826
0.0081473051
0.0715687291
0.00018667880000000002
-0.0676280979
-0.0046319526
0.0660765028
0.021530304400000002
-0.0682115962
-0.017390967
0.056663767600000005
0.0408518748
-0.06269754150000001
-0.0302791731
0.044675438500000005
0.0564649646
-0.0515907821
-0.043214097300000004
0.0313935347
0.0672378366
-0.0356578288
-0.0548114996
0.0179618208
0.0720017518
-0.0162836476
-0.0635605377
0.005254183
0.0708576484
0.0051133632
-0.053923020800000006
0.0642576671
0.0262397454
-0.06745977480000001
-0.020376279
0.054102621100000005
0.0448259383
-0.060695221400000006
-0.0335379451
0.0415970775
0.0594519827
-0.0483245807
-0.0462615549
0.028260227600000003
0.0689592431
-0.0313875089
-0.0572121396
0.014982716100000001
0.0723368734
-0.0113450931
-0.0650571746
0.0021522996
0.06958717260000001
0.0101945404
-0.0687292947
-0.010603302600000001
0.0621788387
0.0308041195
-0.0664491465
-0.023464574100000003
0.0513184837
0.0485764059
-0.0582188354
-0.0364844766
0.0385877591
0.061964426700000005
-0.0447408753
-0.0489244624
0.025202109900000002
0.0701528839
-0.027057427100000003
-0.059222167400000005
0.012125518900000002
0.0722356085
-0.006601639
-0.0663368101
-0.0005975101
0.0683917289
0.0149265963
-0.06865046320000001
-0.013461274200000001
0.059986488100000006
0.0350572574
-0.06508431490000001
-0.0264622039
0.048581524200000004
0.0519514105
-0.055629229700000005
-0.0394140802
0.0356357221
0.0645071086
-0.040987636800000005
-0.0514103469
0.0222430791
0.07127173460000001
-0.0225576549
-0.0611770192
0.0091778742
0.0718405193
-0.0016025966000000002
-0.06732502920000001
-0.0035861012
0.0667217353
0.019895412900000003
-0.06846071100000001
-0.016490739100000002
0.057500773000000005
0.0393780706
-0.0634272199
-0.029560203200000003
0.0455754244
0.055219414800000005
-0.0526833879
-0.042240507100000005
0.0324799816
0.0665345846
-0.037007353900000005
-0.0538850026
0.0190855478
0.0718842608
-0.0178961662
-0.0629363592
0.006191727300000001
0.0710972889
0.0034528197000000004
-0.0681211124
-0.006548532100000001
0.0648543786
0.0245113572
-0.0678621603
-0.0194209356
0.054885721000000005
0.0433965169
-0.0613467701
-0.032251170600000004
0.0426110938
-0.0493855692
-0.044884768500000005
0.029320405400000003
0.0683982992
-0.0328526737
-0.05619542500000001
0.016062181300000002
0.0722661852
-0.0130082744
-0.0644598702
0.0032392184
0.0700339167
0.0085586688
-0.0684392093
-0.0094346362
0.0628277133
0.029274050300000003
-0.0667468912
-0.0222397395
0.0523284465
0.0473352
-0.0353995422
0.039606966300000004
0.0611630316
-0.045955763700000006
-0.0477470719
0.026277303800000002
0.0697399835
-0.0286081268
-0.058278343200000006
0.0131204656
0.07222346010000001
-0.008242967700000001
-0.0656732582
0.00046897180000000005
0.0688058393
0.0133776511
-0.06858398580000001
-0.0122550494
0.060664088100000006
0.0336963341
-0.0655620955
-0.0251938456
0.0493377621
0.050847346
-0.056520624600000006
-0.0381790937
0.036502892800000006
0.06366797360000001
-0.042254833500000005
-0.0502076069
0.023162291900000003
0.0708974574
-0.024067698600000003
-0.060152572700000004
0.010221789600000001
0.0719061618
-0.0032199431000000003
-0.0667801662
-0.0024261589
0.06730090180000001
0.01826616
-0.0684076525
-0.015209494300000001
0.0583267795
0.037929277100000006
-0.0639503392
-0.0281709417
0.0466914074
0.054095421600000006
-0.0536492583
-0.0410296359
0.033538695300000004
0.0657865989
-0.0384222795
-0.052789843700000005
0.0201979008
0.0716417889
-0.019519490100000002
-0.06205008260000001
0.007328244
0.0712610503
0.0015786023
-0.0676802247
-0.0053957409
0.0229890199
-0.06791426290000001
-0.0182305255
0.055724347800000004
0.0419347885
-0.0620677607
-0.031208997600000003
0.043632672600000005
0.057076680100000006
-0.0505775886
-0.044030702100000006
0.030397511100000003
0.0674254713
-0.034448905700000004
-0.055361009
0.0171958666
0.07194143330000001
-0.014962763200000001
-0.0640093509
0.0043147632
0.0703002377
0.006228148300000001
-0.0684840761
-0.0085780651
0.0635408631
0.027090593200000002
-0.06724697210000001
-0.0215236736
0.053252947
0.045407379600000006
-0.059918716000000004
-0.034319096900000005
0.0406764369
0.059874599400000006
-0.0471947432
-0.046749826200000004
0.0273770849
0.0691423766
-0.030099125100000002
-0.0575264008
0.0141054782
0.0721550709
-0.0099148731
-0.0652742607
0.0014099041
0.0691673631
0.0115713631
-0.0684010701
-0.011138207300000001
0.0614208221
0.032028131300000005
-0.065786974
-0.023955894600000003
0.050377720800000005
0.049640685600000005
-0.05719792210000001
-0.0368667398
0.0376040049
0.0628344046
-0.043445086300000005
-0.0491772314
0.0244024572
0.0705386682
-0.025619196900000002
-0.059322440100000005
0.011251790000000001
0.07189580420000001
-0.0049216992
-0.06603630660000001
-0.0012707541
0.06768456860000001
0.016632284900000002
-0.0680791738
-0.013912616300000001
0.058987887200000005
0.0364292159
-0.0641525907
-0.0267239148
0.04741616110000001
0.0530172874
-0.0544070934
-0.039627729900000006
0.034446800300000004
0.06504580060000001
-0.0395771761
-0.051618116000000006
0.0211969494
0.0712794786
-0.020999271700000002
-0.0610180494
0.008427335400000001
0.07138529310000001
3.7824600000000004e-05
-0.066952567
-0.0041162022
0.0659444918
0.021297609300000003
-0.0677422614
-0.0167583548
0.056524048900000005
0.0404647595
-0.0623695105
-0.0295114281
0.0445452546
0.056158967700000006
-0.0514091006
-0.042305084800000003
0.0314082725
0.0668322809
-0.0357622155
-0.053798911100000006
0.018305823800000003
0.0718013879
-0.0163621645
-0.0625892707
0.005636119500000001
0.07055277680000001
0.0049338476
-0.0675211944
-0.0068924746
0.0640979229
0.0258673316
-0.0670337096
-0.019603815
0.054019336800000005
0.0443836349
-0.060431731800000006
-0.032569449
0.0416239516
0.05899861990000001
-0.048209909
-0.0451494318
0.028395082100000003