-0.003537314
-0.1015021568
-0.1015021568
-0.1015021568
-0.1015021568
-0.1015021568
-0.1015021568
-0.0324951671
-0.0007365391000000001
-0.0854594686
-0.1015021568
-0.1015021568
-0.1015021568
-0.1015021568
-0.045869333400000004
-0.030567334600000003
-0.1015021568
-0.1015021568
-0.1015021568
-0.0228061284
-0.0178670899
-0.1015021568
-0.1015021568
7.744e-07
-0.1015021568
-0.036117556200000005
-0.0366164997
-0.1015021568
-0.1015021568
-0.1015021568
-0.051088341700000005
-0.0008805533000000001
-0.0231127061
-0.1015021568
-0.1015021568
-0.1015021568
-0.1015021568
-0.0006509679
-0.1015021568
-0.1015021568
-0.1015021568
-0.0845703364
-0.0099180433
-0.0050165632
-0.1015021568
-0.1015021568
-0.1015021568
-0.1015021568
-0.0201621937
-0.1015021568
-0.1015021568
-0.1015021568
-0.1015021568
-0.1015021568
-0.033330914100000004
-0.0079386769
-0.1015021568
-0.1015021568
-0.1015021568
-0.1014092288
-0.0918768851
-0.014328263400000001
-0.022117396400000003
-0.1015021568
-0.1015021568
-0.1015021568
-0.065029272
-0.0117365039
-0.1015021568
-0.1015014308
-0.1015021568
-0.0408918411
-0.0047148497
-0.1015021568
-0.1015021568
-0.1015021568
-0.08467691320000001
-0.1015021568
-0.1015021568
-0.1015021568
-0.1015021568
-0.0459002852
-0.0538458349
-0.1015021568
-0.1015021568
-0.1015021568
-0.0004319942
-0.1015021568
-0.1015021568
-0.1015021568
-0.037622651
-0.004441462300000001
-0.1015021568
-0.1015021568
-0.1015021568
-0.050954068000000005
-0.1015021568
-0.1015021568
-0.06707413570000001
-0.1015021568
-0.08373335520000001
-0.052522312700000004
-0.1015021568
-0.1015021568
-0.1015021568
-0.0031732371000000002
-0.0728812887
-0.1015021568
-0.1015021568
-0.1015021568
-0.026614409800000002
-0.1015021568
-0.1015021568
-0.1015021568
-0.0186548604
-0.045079518000000006
-0.1015021568
-0.1015021568
-0.0058194708000000005
-0.1015021568
-0.0007892104000000001
-0.1015021568
-0.1015021568
-0.024120055300000002
-0.0003271114
-0.10122674870000001
-0.1015021568
-0.1015021568
-0.0093768224
-0.050958520800000004
-0.1015021568
-0.1015021568
-0.1015021568
-0.0178478146
-0.0129025083
-0.1015021568
-0.1015021568
-0.026036949400000002
-0.1015021568
-0.1015021568
-0.0699197532
-0.1015021568
-0.07652395740000001
-0.0086969113
-0.0858717519
-0.1015021568
-0.1015021568
-0.029539451700000004
-0.0207135181
-0.1015021568
-0.1015021568
-0.1015021568
-0.017463651700000003
-0.032923845900000005
-0.1015021568
-0.1015021568
-0.1015021568
0.00033371800000000005
-0.1015021568
-0.1015021568
-0.0352912956
-0.1015021568
-0.0182781269
-0.0718017267
-0.10149944640000001
-0.1015021568
-0.07520463390000001
0.00045521410000000004
-0.0616223476
-0.1015021568
-0.0973790697
-0.013853495700000001
-0.0102687739
-0.0947446819
-0.1015021568
-0.1012420552
-0.022112072400000002
-0.0218354543
-0.0896046624
-0.029033829
-0.09918153410000001
-0.056849672000000004
-0.0069714029000000005
-0.09855773070000001
-0.1015021568
-0.0617232979
0.0003918948
-0.0494163274
-0.1015021568
-0.08686202800000001
-0.027431692200000003
-0.0079794539
-0.058320015600000004
-0.0972325992
-0.0787985759
-0.0163594299
-0.0030219871000000003
-0.0501074794
-0.05757990700000001
-0.0070629515
-0.0590781048
-0.011464266
-0.052295885400000006
-0.0920768376
-0.051583897200000006
-0.0037230611
-0.014334265
-0.0739016938
-0.0898554228
-0.0552943259
0.001486848
-0.0372904213
-0.08108248720000001
-0.0808161178
-0.044143268400000005
-0.0027505236
-0.0441454827
-0.0787836808
-0.06620845330000001
-0.009140824
-0.061766470700000006
-0.0209237798
-0.056196017900000006
-0.0753539963
-0.026130555000000003
-0.0017707503
-0.0237182506
-0.07050707510000001
-0.045378859900000006
0.0010282943
-0.031228490700000004
-0.0682045903
-0.06306551460000001
-0.0378558785
-0.0011964359000000001
-0.026365500700000002
-0.0603949962
-0.0696326807
-0.004982066100000001
-0.0568873151
-0.0659286287
-0.0164693705
-0.0678460552
-0.009781458500000001
-0.035172013800000006
-0.0692057564
-0.06549335540000001
-0.0267258871
0.0016911444
-0.0433604105
-0.0719649799
-0.055302650700000004
0.0017333129000000002
-0.025504997100000003
-0.061838078500000004
-0.0704160831
-0.0505345368
0.0014770712
-0.0213902711
-0.061980761700000005
-0.0328563521
-0.0639629474
-0.022861764200000002
-0.0278329161
-0.0758273846
-0.06550639920000001
-0.037545743400000005
-0.0104569289
-0.06955329260000001
-0.08285168870000001
-0.0679299324
-0.0200985477
-0.034991409200000004
-0.07605049650000001
-0.0831548542
-0.0699131587
-0.033140242300000004
-0.0232387639
-0.0515457096
-0.07412630610000001
-0.030457091500000002
-0.0292023336
-0.07707151870000001
-0.024621842300000002
-0.0518668678
-0.0750208349
-0.06193047410000001
-0.0374786489
-0.025471843100000002
-0.0545875649
-0.0691178499
-0.0648881981
-0.0390724246
-0.026589471700000002
-0.05604824060000001
-0.0669100113
-0.0631589266
-0.0404485455
-0.0221816474
-0.0357946072
-0.056907618900000005
-0.0617409276
-0.0206797591
-0.0383105481
-0.053785915700000006
-0.020879965700000003
-0.0477709331
-0.0590660895
-0.0359234359
-0.0176209517
-0.0433373842
-0.057752041600000005
-0.04856747610000001
-0.0287573924
-0.0184156434
-0.039208005100000005
-0.055887443700000004
-0.0520080143
-0.0386159763
-0.0136580081
-0.0281804402
-0.0488990403
-0.056071049100000006
0.0237006693
-0.032196030900000006
-0.049681341600000005
-0.0158605469
-0.0482188751
-0.050344264300000004
-0.0382964879
-0.01768052
-0.027681799200000003
-0.0530067846
-0.057095410900000004
-0.043948603600000004
-0.0185133388
-0.038891081900000006
-0.0686994682
-0.06549318600000001
-0.041026586700000006
-7.890410000000001e-05
-0.029132758600000003
-0.0734556878
-0.07689603240000001
-0.041295981100000004
-0.040770804800000005
-0.06404793780000001
-0.0298216237
-0.035935064
-0.06415035220000001
-0.0337906657
-1.21484e-05
-0.0185711647
0.0022392623
-0.0638555599
-0.0360347196
-1.1458700000000001e-05
-0.037629414900000005
-0.0841981646
-0.09207449020000001
-0.0504358492
-2.05216e-05
-0.021605445400000003
-0.1015021568
-0.1015021568
-0.1015021568
-0.1015021568
-0.0011352946
-0.1015021568
-0.1015021568
-0.09885138560000001
-0.1015021568
-0.0730015264
-0.0027625268000000002
-0.08725127290000001
-0.1015021568
-0.1015021568
-0.1015021568
-0.017574887
-0.0117776439
-0.1015021568
-0.1015021568
-0.1015021568
-0.0715054824
-0.0001930071
-0.061276832100000005
-0.1015021568
-0.1015021568
-0.1015021568
-0.049780331700000006
-0.0014019907000000001
-0.1015021568
-0.1015021205
-0.1015021568
-0.0088643511
-0.1015021568
-0.1015021568
-0.0011964601000000001
0.0015859712
-0.1015021568
-0.1015021568
-0.0623372156
-0.0009031924000000001
-0.0780729752
-0.1015021568
-0.1015021568
-0.1015021568
-0.0414684545
-0.0060495039
-0.0994126441
-0.1015021568
-0.1015021568
-0.1015021568
-0.0238775471
-0.0187440011
-0.1015021568
-0.1015021568
-0.07333582520000001
-0.0372349791
-0.1015021568
-0.1015021568
-0.1015021568
-0.0513325681
-0.09383126500000001
-0.1015021568
-0.1015021568
-0.0011816739000000001
-0.1015021568
-0.1015021568
-0.1015021568
-0.1015021568
-0.0012287066000000002
-0.0646276972
-0.1015021568
-0.1015021568
-0.1015021568
-0.055271384300000004
-0.0020520027
-0.0860555509
-0.1015021568
-0.1015021568
-0.1015021568
-0.0693332299
-0.007365076400000001
-0.036520086900000005
-0.1015021568
-0.1015021568
-0.0453710312
-0.003652264
-0.1015021568
-0.1015021568
-0.0009386454
-0.1015021568
-0.1015021568
-0.1015021568
-0.1015021568
-0.036614309600000006
-0.006144198500000001
-0.1015021568
-0.1015021568
-0.1015021568
-0.1015021568
-0.0178550625
-0.0185675226
-0.1015021568
-0.1015021568
-0.1015021568
-0.1015021568
-0.029027754800000003
-0.009503557800000001
-0.1015021568
-0.1015021568
-0.1015021568
-0.1015021568
-0.0814991023
-0.0923450462
-0.1015021568
-0.1015021568
-0.05665936320000001
-0.043293146600000006
-0.1015021568
-0.1015021568
-0.0730275414
-0.0064030296
-0.09920143860000001
-0.1015021568
-0.1015021568
-0.1015021568
-0.0500758258
-0.0021398124
-0.08628899620000001
-0.1015021568
-0.1015021568
-0.1015021568
-0.0657189962
-0.0062568737
-0.037579066800000005
-0.1015021568
-0.1015021568
-0.1015021568
-0.1015021568
-0.043507183500000005
-0.09386272500000001
-0.1015021568
-0.1015021568
-0.0240931328
-0.1015021568
-0.1015021568
-0.1015021568
-0.0095042354
-0.0662571074
-0.1015021568
-0.1015021568
-0.1015021568
-0.1015021568
-0.0191146846
-0.0204036371
-0.1015021568
-0.1015021568
-0.1015021568
-0.1015021568
-0.0062601649
-0.0109694123
-0.1015021568
-0.1015021568
-0.1015021568
-0.1015021568
-0.043149471200000004
-0.0045827419
-0.1015021568
-0.1015021568
-0.1015021568
-0.0013028191
-0.1015021568
-0.1015021568
-0.1015021568
-0.007592520100000001
-0.1015021568
-0.1015021568
-0.1015021568
-0.1015021568
-0.049470257100000005
-0.0026215739
-0.0897233634
-0.1015021568
-0.1015021568
-0.1015021568
-0.0285840236
-0.0006284256
-0.0756029175
-0.1015021568
9.91232e-05
-0.1015021568
-0.1015021568
-0.012066967000000001
-0.0275654819
-0.1015021568
-0.1015021568
-0.0253755392
-0.1015021568
-0.1015021568
-0.0332186745
-0.0341964271
-0.1015021568
-0.1015021568
-0.1015021568
-0.0159976641
-0.0222103123
-0.1015021568
-0.1015021568
-0.1015021568
-0.062413869100000005
-0.0006815688000000001
-0.0775221953
-0.1015021568
-0.1015021568
-0.1015021568
-0.0790553863
-0.0005742902
-0.0632979919
-0.1015021568
-0.1015021568
-0.0025026914
-0.0492471089
-0.1015021568
-0.1015021568
-0.008023413200000001
-0.1015021568
-0.1015021568
-0.0875232325
-0.0022118921
-0.09336979520000001
-0.1015021568
-0.1015021568
-0.1015021568
-0.028189140100000003
-0.0126467869
-0.1015021568
-0.1015021568
-0.1015021568
-0.1015021568
-0.038856294400000005
-0.030497408700000003
-0.1015021568
-0.1015021568
-0.1015021568
4.4649e-06
-0.1015021568
-0.1015021568
-0.1015021568
-0.007530326100000001
-0.1015021568
-0.1015021568
-0.0881162172
-0.0021462254
-0.1015021568
-0.1015021568
-0.1015021568
-0.1015021568
-0.0285403184
-0.046294297500000005
-0.1015021568
-0.1015021568
-0.1015021568
-0.0422129433
-0.0050563722
-0.0693581317
-0.1015021568
-0.1015021568
-0.1015021568
-0.056477294500000004
-0.0012198010000000002
-0.1015021568
-0.1015021568
-0.1015021568
-0.0065809359
-0.1015021568
-0.1015021568
-0.0478836204
-0.0262969179
-0.1015021568
-0.1015021568
-0.1015021568
-0.1015021568
-0.0269122029
-0.014193505700000001
-0.1015021568
-0.1015021568
-0.1015021568
-0.1015021568
-0.040262483800000005
-0.0050536376
-0.0253755392
-0.1015021568
-0.1015021568
-0.1015021568
-0.055644669300000005
0.0003188713
-0.09506396460000001
-0.1015021568
-0.1015021568
-0.0335947667
-0.1015021568
-0.1015021568
-0.0897812498
-0.0019597523
-0.1015021568
-0.1015021568
-0.1015021568
-0.1015021568
-0.064538254
0.0015364096
-0.1015021568
-0.1015021568
-0.1015021568
-0.1015021568
-0.007850177500000001
-0.0053206483
-0.1015021568
-0.1015021568
-0.1015021568
-0.1015021568
-0.056412970900000005
0.0005496667
-0.055788260000000006
-0.1015021568
-0.1015021568
-0.029744232100000004
-0.039760539500000004
-0.1015021568
-0.0906216311
-0.0021625362
-0.1015021568
-0.1015021568
-0.1015021568
-0.1015021568
-0.0154407858
-0.0119332741
-0.1015021568
-0.1015021568
-0.1015021568
-0.1015021568
-1.04423e-05
-0.0271891356
-0.1015021568
-0.1015021568
-0.1015021568
-0.1015021568
-0.0344923326
-0.0132237028
-0.1015021568
-0.1015021568
-0.1015021568
8.292130000000001e-05
-0.027923036900000003
-0.1015021568
-0.1015021568
-1.07569e-05
-0.08892032270000001
-0.1015021568
-0.1015021568
-0.1015021568
-0.0004115089
-0.0039573292
-0.1015021568
-0.1015021568
-0.1015021568
-0.0834485575
-1.07932e-05
-0.0123960144
-0.1015021568
-0.1015021568
-0.1015021568
-0.1015021568
-0.0054884027000000005
-0.0001386781
-0.075747573
-0.1015021568
-0.1015021568
-0.0822764668
-1.6540700000000002e-05
-0.0623713134
-0.1015021568
0.0001982343
-0.1015021568
-0.1015021568
-0.1015021568
-1.0672200000000001e-05
-0.024667410900000002
-0.1015021568
-0.1015021568
-0.1015021568
-0.07943986380000001
-1.0732700000000001e-05
-0.045951335100000004
-0.1015021568
-0.1015021568
-0.1015021568
-0.042215157600000004
-0.00014734170000000002
-0.07781276470000001
-0.1015021568
9.91232e-05
-0.1015021568
-4.2071700000000006e-05
-0.1015021568
-0.1015021568
-0.1015021568
-0.0190030258
-0.1015021568
-0.1015021568
-0.0017910299
-0.0429643896
-0.1015021568
-0.1015021568
-0.1015021568
-0.008491029800000001
-0.0035740254000000003
-0.1015021568
-0.1015021568
-0.1015021568
-0.1015021568
-0.0007784656000000001
-0.014960319000000001
-0.1015021568
-0.1015021568
-0.1015021568
-0.1015021568
0.006343437100000001
-0.006454987000000001
-0.1015021568
-0.1015021568
-0.00036712610000000004
-0.1015021568
-0.1015021568
-0.0031342146000000004
-0.0425746486
-0.1015021568
-0.1015021568
-0.1015021568
-0.0083706953
-0.0029320236000000004
-0.1015021568
-0.1015021568
-0.1015021568
-0.1015021568
-1.06843e-05
-0.0841217531
-0.1015021568
-0.1015021568
-0.1015021568
-0.0771359754
-1.3455200000000001e-05
-0.0566702169
-0.1015021568
-0.1015021568
-0.0005880358
-0.00019122840000000002
-0.0698262444
-0.1015021568
-0.0025149487
-2.74307e-05
-0.060341659400000004
-0.1015021568
-0.1015021568
-0.020451190100000002
-0.0014756192000000001
-0.0938566871
-0.1015021568
-0.1015021568
-0.1015021568
-0.010459494100000001
-0.0003788026
-0.0835718928
-0.1015021568
-0.1015021568
-0.1015021568
-0.09353747700000001
-1.07569e-05
-0.030874239
-0.1015021568
-0.1015021568
-0.1015021568
-0.0016381706000000002
-0.0985223261
-0.1015021568
-0.1015021568
-0.00030188290000000004
-0.1015021568
-0.1015021568
-0.1015021568
-0.1015021568
-2.9245700000000004e-05
-0.0683759142
-0.1015021568
-0.1015021568
-0.1015021568
-0.07938548640000001
-1.0635900000000001e-05
-0.0948995982
-0.1015021568
-0.1015021568
-0.1015021568
-0.044474953600000006
-0.0001415942
-0.0360830107
-0.1015021568
-0.1015021568
-0.1015021568
-0.0164239955
-0.0643102416
-0.1015021568
-0.1015021568
-0.0033691724000000003
-0.09200078910000001
-0.1015021568
-0.1015021568
-0.1015021568
-0.012579462500000001
-0.0769456545
-0.1015021568
-0.1015021568
-0.1015021568
-0.0847138545
-1.0587500000000002e-05
-0.0576391849
-0.1015021568
-0.1015021568
-0.1015021568
-0.1015021568
-2.53858e-05
-0.040529797
-0.1015021568
-0.1015021568
-0.1015021568
-0.1015021568
-0.0028252895
-0.1015021568
-0.1015021568
-0.0916969581
-0.04931647820000001
-0.1015021568
-0.1015021568
-0.0583831655
-6.705820000000001e-05
-0.0782739199
-0.1015021568
-0.1015021568
-0.1015021568
-0.08310420360000001
-1.0696400000000001e-05
-0.060056559200000005
-0.1015021568
-0.1015021568
-0.1015021568
-0.048719887700000006
-2.3401400000000003e-05
-0.044456513200000006
-0.1015021568
-0.1015021568
-0.1015021568
-0.1015021568
-0.0157617383
-0.1015021568
-0.1015021568
-0.1015021568
6.0742e-05
-0.1015021568
-0.1015021568
-0.0574263943
-0.005718931900000001
-0.1015021568
-0.1015021568
-0.1015021568
-0.0808851604
-1.0660100000000001e-05
-0.1015021568
-0.1015021568
-0.1015021568
-0.1015021568
-0.004966723300000001
-0.009939835400000001
-0.1015021568
-0.1015021568
-0.1015021568
-0.1015021568
-0.0179888401
-0.0036678004000000003
-0.1015021568
-0.1015021568
-0.0025852134
-0.015066206100000002
-0.1015021568
-0.1015021568
-0.00010383010000000001
-0.1015021568
-0.1015021568
-0.1015021568
-0.0243090452
-1.08537e-05
-0.0655471641
-0.1015021568
-0.1015021568
0.0002013077
-1.67948e-05
-0.046804639200000005
-0.1015021568
-0.1015021568
7.744e-07
-0.07064370830000001
-2.70072e-05
-0.0760551671
-0.1015021568
-0.1015021568
-0.1015021568
-0.057254477500000005
-0.1015021568
-0.1015021568
-0.0081788498
-0.1015021568
-0.1015021568
-0.1015021568
5.12798e-05
-0.0673222099
-0.1015021568
-0.1015021568
-0.1015021568
-0.0987244324
-0.00038836160000000003
-0.0938382588
-0.1015021568
-0.1015021568
-0.1015021568
-0.0131630939
-1.4169100000000001e-05
-0.1015021568
-0.1015021568
-0.1015021568
-0.1015021568
-0.0007151584000000001
-0.1015021568
-0.1015021568
-0.1015021568
-0.0069265966
-0.1015021568
-0.1015021568
-0.0734699416
-0.0019817622000000003
-0.1015021568
-0.1015021568
-0.1015021568
-0.1015021568
-0.0309608024
-0.00031879870000000004
-0.08973102270000001
-0.1015021568
-0.1015021568
-0.1015021568
-0.05119432560000001
-2.1913100000000002e-05
-0.07038484090000001
-0.1015021568
-0.1015021568
-0.1015021568
-0.1015021568
-2.9766e-06
-0.0499846523
-0.1015021568
-0.1015021568
-0.031405416900000004
-0.0329344576
-0.1015021568
-0.1015021568
-1.09263e-05
-0.063073065
-0.1015021568
-0.1015021568
-0.1015021568
-0.08774789320000001
-1.05512e-05
-0.046635033500000006
-0.1015021568
-0.1015021568
-0.1015021568
-0.1015021568
-1.67464e-05
-0.004521685300000001
-0.1015021568
-0.1015021568
-0.1015021568
-0.1015021568
-0.0009189103000000001
-0.0182265204
-0.1015021568
-0.1015021568
-0.1015021568
-0.000167827
-0.1015021568
-0.1015021568
-0.07638457750000001
-0.0028966311000000002
-0.1015021568
-0.1015021568
-0.1015021568
-0.1015021568
-0.0378952519
-0.0005656629000000001
-0.1015021568
-0.1015021568
-0.1015021568
-0.1015021568
-0.0077355058
-0.0048698749000000005
-0.0803635657
-0.1015021568
-0.1015021568
-0.1015021568
-0.08054305710000001
4.7190000000000004e-07
-0.018386083100000002
-0.1015021568
-0.1015021568
-0.0990877228
-0.0001780394
-0.1015021568
-0.1015021568
-4.25678e-05
-0.07306708420000001
-0.1015021568
-0.1015021568
-0.1015021568
-0.0316437143
-1.00067e-05
-0.053905209600000004
-0.1015021568
-0.1015021568
-0.1015021568
-0.0581816037
-5.42927e-05
-0.08390231960000001
-0.1015021568
-0.1015021568
-0.1015021568
-0.1015021568
-0.0004584206
-0.06484175830000001
-0.1015021568
-0.1015021568
-0.0422534057
-0.00020655910000000002
-0.1015021568
-0.1015021568
-1.40118e-05
-0.1015021568
-0.1015021568
-0.1015021568
-0.0293666516
-1.04302e-05
-0.055243772100000005
-0.1015021568
-0.1015021568
-0.1015021568
-0.006144210600000001
-0.0056028082
-0.1015021568
-0.1015021568
-0.1015021568
-0.1015021568
-0.0187243991
-0.0015333241
-0.1015021568
-0.1015021568
-0.1015021568
-0.0025862177000000003
-0.09216701890000001
-0.1015021568
-0.1015021568
-0.0029091062000000003
-0.1015021568
-0.1015021568
-0.020931911
-0.013453929500000001
-0.1015021568
-0.1015021568
-0.1015021568
-0.1015021568
-0.0026454351000000003
-0.0048675396
-0.1015021568
-0.1015021568
-0.1015021568
-0.1015021568
-2.26512e-05
-0.0535065267
-0.1015021568
-0.1015021568
-0.1015021568
0.0001264208
-1.0563300000000001e-05
-0.1015021568
-0.1015021568
-0.1015021568
-1.20395e-05
-0.1015021568
-0.1015021568
-1.2450900000000001e-05
-0.044388741100000004
-0.1015021568
-0.1015021568
-0.1015021568
-0.018217796300000002
-3.55861e-05
-0.07215208220000001
-0.1015021568
-0.1015021568
-0.1015021568
-0.0414957642
-1.0599600000000001e-05
-0.0564637304
-0.1015021568
-0.1015021568
-0.1015021568
-0.1015021568
0.0253607409
-0.000176297
-0.08712071390000001
-0.1015021568
-0.0945350736
-1.0587500000000002e-05
-0.1015021568
-0.1015021568
-0.0650460789
-0.0006380209000000001
-0.1015021568
9.68e-08
-0.1015021568
-0.1015021568
-0.0011996061
-0.0058201968
-0.1015021568
-0.1015021568
-0.1015021568
-0.1015021568
-0.0069400397
-0.0017415167
-0.1015021568
-0.1015021568
-0.1015021568
-0.1015021568
-0.022287159400000003
-1.0563300000000001e-05
-0.0479265633
-0.1015021568
-0.1015021568
-0.0477879094
-2.10903e-05
-0.1015021568
-0.1015021568
-0.0768559572
-0.0009450947000000001
-0.1015021568
-0.1015021568
-0.1015021568
-0.0965985713
-1.05512e-05
-0.055664271300000005
-0.1015021568
-0.1015021568
-0.1015021568
-0.1015021568
-2.3824900000000003e-05
-0.0351077749
-0.1015021568
7.744e-07
-0.1015021568
-0.1015021568
-0.0203168801
-0.0008727246000000001
-0.0661302389
-0.1015021568
-0.1015021568
-0.041570542200000005
-0.007592629000000001
-0.1015021568
-0.1015021568
-0.06552226230000001
-0.026401764400000003
-0.1015021568
-0.1015021568
-0.1015021568
6.534000000000001e-07
-1.05754e-05
-0.055374198000000006
-0.1015021568
-0.1015021568
-0.1015021568
-0.10130162350000001
-2.3461900000000003e-05
-0.035380387900000004
-0.1015021568
0.0001982464
-0.1015021568
-0.1015021568
-0.0006001358000000001
-0.0189322287
-0.1015021568
-0.1015021568
-0.1015021568
-0.0037097269000000003
-0.0077414348000000004
-0.1015021568
-0.1015021568
-0.0129187586
-0.0264769054
-0.1015021568
-0.1015021568
-0.10113044480000001
-0.0016116716
-0.012239948600000002
-0.10042686610000001
-0.0126877696
-0.1015021568
-0.1015021568
-0.0069544145000000005
-1.3709300000000001e-05
-0.1015021568
-0.1015021568
-0.1015021568
-0.1015021568
-0.07841267060000001
-0.0005503564
-0.0159422219
-0.1015021568
-0.1015021568
-0.1015021568
-0.0038321789
-0.08852155510000001
-0.1015021568
-0.1015021568
-0.00023209010000000002
-0.1015021568
-0.1015021568
-0.1015021568
-0.0354092827
-1.05149e-05
-0.047354076
-0.1015021568
-0.1015021568
-0.1015021568
-0.1015021568
-4.30034e-05
-0.028422972600000002
-0.1015021568
-0.1015021568
-0.1015021568
-0.1015021568
-0.0010928357000000001
-0.0144829498
-0.10005529930000001
-0.1015021568
-0.1015021568
-0.1015021568
-1.17854e-05
-0.1015021568
-0.1015021568
-0.1015021568
-0.0014685649000000002
-0.1015021568
-0.1015021568
-0.1015021568
-0.00019615310000000002
-0.045801246700000006
9.91232e-05
-0.1015021568
-0.1015021568
-0.1015021568
-9.03144e-05
-0.028038071600000002
-0.1015021568
-0.1015021568
-0.1015021568
-0.1015021568
-0.030283928400000003
-0.0006050242000000001
-0.09879778260000001
-0.1015021568
-0.1015021568
-0.1015021568
-0.1015021568
-0.0056406933
-0.1015021568
-0.1015021568
-0.07882214670000001
-0.0207882356
-0.1015021568
-0.1015021568
-0.09744575280000001
-0.00020583310000000003
-0.0920719734
-0.1015021568
-0.1015021568
-0.1015021568
-0.1015021568
-0.0001196569
-0.0282580012
-0.1015021568
-0.1015021568
-0.1015021568
-0.1015021568
-0.0015522485000000002
-0.0146403829
-0.1015021568
-0.1015021568
-0.1015021568
-0.1015021568
-0.054199154900000004
-0.0365765818
-0.1015021568
-0.1015021568
-0.07746555520000001
-0.0206294836
-0.1015021568
-0.1015021568
-0.0388595856
-0.0091626161
-0.1015021568
-0.1015021568
-0.1015021568
-0.1015021568
-0.059689179
-1.2450900000000001e-05
-0.0722615872
-0.1015021568
-0.10149944640000001
-0.1015021568
-0.0776480232
-1.05391e-05
-0.049822572800000006
-0.1015021568
-0.1015021568
-0.1015021568
-0.1015021568
-0.0011794233
-0.0282386654
-0.1015021568
-0.1015021568
-0.0022385121000000003
-0.09702428560000001
-0.1015021568
-0.1015021568
-0.0007169976
-0.044825974600000006
-0.1015021568
-0.1015021568
-0.1015021568
-0.1015021568
-1.82226e-05
-0.029362307700000003
-0.1015021568
-0.1015021568
-0.1015021568
-0.1015021568
-0.0007303681
-0.015494860700000002
-0.1015021568
-0.1015021568
-0.1015021568
-0.1015021568
-0.049308758400000006
-1.07932e-05
-0.1015021568
-0.1015021568
-0.1015021568
-0.0161767441
-0.1015021568
-0.1015021568
-0.1015021568
-1.05512e-05
-0.08548170840000001
-0.1015021568
-0.1015021568
-0.1015021568
-0.1014560679
-1.27534e-05
-0.06898949310000001
-0.1015021568
-0.1015021568
-0.1015021568
-0.07736830750000001
-1.05149e-05
-0.0134716802
-0.1015021568
-0.1015021568
-0.1015021568
-0.1015021568
-0.0475560734
-6.0282200000000004e-05
-0.0361496938
-0.1015021568
-0.1015021568
0.0031678889
-0.1015021568
-0.1015021568
-0.1015021568
-1.0599600000000001e-05
-0.08863469010000001
-0.1015021568
-0.1015021568
-0.1015021568
1.79443e-05
-2.29416e-05
-0.0264995929
-0.1015021568
-0.1015021568
-0.1015021568
-0.0808677606
-1.06117e-05
-0.0526593694
-0.1015021568
-0.1015021568
-0.1015021568
-0.09891942390000001
-0.0046921985000000005
-0.0057052105
-0.1015021568
-0.1015021568
-0.07080117770000001
-0.00020914850000000002
-0.1015021568
-0.1015021568
-0.09041051030000001
-0.00022204710000000002
-0.1015021568
-0.1015021568
-0.1015021568
-0.1015021568
-0.0072554988
-0.1015021568
-0.0721934642
-1.05149e-05
-0.048314259400000004
-0.1015021568
-0.1015021568
-0.1015021568
-0.1015021568
-0.0017620625000000002
-4.15756e-05
-0.0730792084
-0.1015021568
-0.1015021568
-1.0527000000000001e-05
-0.0163983556
-0.1015021568
-0.1015021568
-0.00015389990000000002
-0.0803650177
-0.1015021568
-0.1015021568
-0.091108281
-0.0027973022000000003
-0.0023327106
-0.1010880464
-0.1015021568
-0.1015021568
-0.1015021568
-0.0113902745
-0.0004801038
-0.1015021568
-0.1015021568
-0.1015021568
-0.1015021568
-0.028848602200000004
-4.42981e-05
-0.030331917000000003
-0.1015021568
-0.1015021568
-0.10046689290000001
-1.05149e-05
0.002294644
-0.1015021568
-0.1015021568
-0.0001953303
-0.1015021568
-0.1015021568
-0.1015021568
-0.047539399600000004
0.0031717125000000003
-0.0256154338
-0.1015021568
-0.1015021568
-0.1015021568
-0.1015021568
-0.1015021568
-0.07358780770000001
-0.0003858085
-0.013777677100000002
-0.1015021568
-0.1015021568
-0.0253755392
-0.0394494243
-7.10875e-05
-0.07956329590000001
-0.1015021568
-0.1015021568
-0.1015021568
-0.0129278941
-0.0017250607
-0.1015021568
-0.1015021568
-0.1015021568
-0.0017999476
-0.045269875200000004
-0.1015021568
-0.1015021568
-1.9977100000000002e-05
-0.1015021568
-0.1015021568
-0.1015021568
-0.08209903240000001
-0.0008693245
-0.1015021568
-0.1015021568
-0.1015021568
-0.0994662592
-9.59772e-05
-0.08358452520000001
-0.1015021568
-0.1015021568
-0.1015021568
-0.0722997506
-1.0635900000000001e-05
-0.1015021568
-0.1015021568
-0.1015021568
-0.1015021568
-0.036744457200000004
-0.1015021568
-0.1015021568
-0.1015021568
-0.004092038500000001
-0.1015021568
-0.1015021568
-0.0264188859
-0.057320047400000004
-0.1015021568
-0.1015021568
-0.1015021568
-0.1004037309
-2.2977900000000002e-05
-0.0392772292
-0.1015021568
-0.1015021568
-0.1015021568
-0.0180692809
-0.0021838806000000002
-0.1015021568
-0.1015021568
-0.1015021568
-0.1015021568
-0.0030775745
-0.011659487400000002
-0.1015021568
-0.1015021568
-0.1015021568
-0.0043156586
-0.1015021568
-0.1015021568
-0.0012711534
-0.0998469131
-0.1015021568
-0.1015021568
-0.049467256300000005
-2.72371e-05
-0.08622861720000001
-0.1015021568
7.744e-07
-0.1015021568
-0.018316350800000002
-0.0023393777000000004
-0.1015021568
-0.1015021568
-0.1015021568
-0.1015021568
-0.0378540393
-0.0004232217
-0.1015021568
-0.1015021568
-0.1015021568
-0.0324098258
-0.1015021568
-0.1015021568
-1.05391e-05
-0.1015021568
-0.1015021568
-0.1015021568
-0.00013152700000000002
-0.0410720222
-0.1015021568
-0.1015021568
-0.1015021568
-0.0737131879
-1.09747e-05
-0.0693841225
-0.1015021568
-0.1015021568
-0.1015021568
-0.0031115634
-0.0004469982
-0.09469721360000001
-0.1015021568
-0.1015021568
-0.1015021568
-0.011090787400000001
-0.1015021568
-0.1015021568
-0.1015021568
-1.04665e-05
-0.1015021568
-0.1015021568
7.623000000000001e-07
-0.0878597577
-0.1015021568
-0.1015021568
-0.1015021568
-0.0168468542
-0.0251362133
-0.1015021568
-0.1015021568
-0.1015021568
-0.0926964665
-1.07932e-05
-0.0957243947
-0.1015021568
-0.1015021568
-0.1015021568
-0.0115090481
-0.034282554900000005
-0.1015021568
-0.1015021568
-0.0015213451000000002
-0.0194086662
-0.1015021568
-0.1015021568
-0.00017646640000000002
-0.1015021568
0.0031719424
-0.1015021568
-0.0186237271
-0.0028289195000000002
-0.1015021568
-0.1015021568
-0.1015021568
-0.0378974299
-0.0005700189
-0.09642740470000001
-0.1015021568
-0.1015021568
-0.1015021568
-0.0115213901
-0.0349889045
-0.1015021568
-0.1015021568
-0.1015021568
-1.05391e-05
-0.1015021568
-0.1015021568
-0.10035044250000001
-0.08985614880000001
-0.1015021568
-0.1015021568
-0.0005492553
-0.027337082300000003
-0.1015021568
-0.1015021568
-0.1015021568
-0.0930591035
-0.0006291395000000001
-0.0970050103
-0.1015021568
-0.1015021568
-0.1015021568
-0.011189765400000001
-0.0056842291
-0.1015021568
-0.1015021568
-0.1015021568
-0.0835671496
-0.0015326707
-0.1015021568
-0.1015021568
-0.0063042694000000005
-0.09059860480000001
-0.1015021568
-0.10150080160000001
-1.33221e-05
-0.10150181800000001
-0.1015021568
-0.1015021568
-0.1015021568
-1.0877900000000001e-05
-0.0975575931
-0.1015021568
-0.1015021568
-0.1015021568
-0.0109343344
-0.0058890216000000006
-0.1015021568
-0.1015021568
-0.1015021568
-0.1015021568
-0.0013038113
-0.0210558513
-0.1015021568
-0.1015021568
-0.005995671
-0.1015021568
-0.1015021568
-0.0172020739
-0.07412329320000001
-0.1015021568
-0.1015021568
-0.0917753661
-1.07811e-05
-0.0552883122
-0.1015021568
7.744e-07
-0.1015021568
-0.0104058064
-0.0371041781
-0.1015021568
-0.1015021568
-0.1015021568
-0.0818608197
-1.05754e-05
-0.0653515071
-0.1015021568
-0.1015021568
-0.0057429867
-0.046314891700000006
-0.101415424
-0.1015021568
-0.0035713271
-0.1015021568
-0.1015021568
-0.0908898276
-1.06117e-05
-0.05618148580000001
-0.1015021568
-0.1015021568
-0.1015021568
-0.057909995000000006
-7.618160000000001e-05
-0.1015021568
-0.1015021568
-0.1015021568
-0.1015021568
-0.08098822820000001
-1.0599600000000001e-05
-0.1015021568
-0.1015021568
-0.1015021568
-0.1015021568
-2.29537e-05
-0.1015021568
-0.1015021568
-0.1015021568
-0.00038838580000000004
-0.1015021568
-0.1015021568
-0.1015021568
-0.0026228444
-0.0162605003
-0.0507510784
-0.1015021568
-0.1015021568
-0.1015021568
-0.0570652819
-8.94432e-05
-0.1015021568
-0.1015021568
-0.1015021568
-0.1015021568
-0.023473128800000003
-1.05391e-05
-0.06701530550000001
-0.1015021568
6.1952e-06
-0.1015021568
-0.1015021568
-1.90212e-05
-0.1015021568
-0.1015021568
-0.1015021568
-0.00034279300000000004
-0.1015021568
-0.1015021568
-0.1015021568
-1.05391e-05
-0.09955018480000001
-0.1015021568
-0.1015021568
-0.1015021568
-0.1015021568
-8.479680000000001e-05
-0.039539545100000004
-0.1015021568
-0.1015021568
-0.1015021568
-0.1015021568
-0.0009008692000000001
-0.023580855100000003
-0.1015021568
-0.1015021568
-0.1015021568
-0.1015021568
-0.043256483600000006
-0.011573069200000001
-0.1015021568
-0.1015021568
-0.1015021568
-2.2385e-05
-0.1015021568
-0.1015021568
-0.0884255295
-0.0009875415000000002
-0.1015021568
-0.1015021568
-0.1015021568
-0.1015021568
-0.054827604700000004
-0.00011181610000000001
-0.08619507600000001
-0.1015021568
-0.1015021568
-0.1015021568
-0.0215563557
-0.0022245366000000003
-0.0682291775
-0.1015021568
-0.1015021568
-0.1015021568
-0.1015021568
-0.0038009367000000002
-0.00037989160000000003
-0.1015021568
-0.1015021568
-0.1015021568
-0.0043638771
-0.1015021568
-0.1015021568
-0.0019490801000000002
-0.0594564839
-0.1015021568
-0.1015021568
-0.1015021568
-0.1015021568
-0.0080016211
-0.007713411200000001
-0.1015021568
-0.1015021568
-0.1015021568
-0.1015021568
-0.0008009111000000001
-0.0023747702
-0.1015021568
-0.1015021568
-0.1015021568
-0.1015021568
-0.0417148831
-0.0004430052
-0.09496695890000001
-0.1015021568
-0.1015021568
-0.013605082700000002
-0.1015021568
-0.1015021568
-0.0020287586
-0.060901187600000004
-0.1015021568
-0.1015021568
-0.1015021568
-0.0079676443
-0.008267337100000001
-0.1015021568
-0.1015021568
-0.1015021568
-0.0764336914
-1.1168300000000001e-05
-0.0708084014
-0.1015021568
-0.1015021568
-0.1015021568
-0.0405465797
-0.0004926152
-0.0517802439
-0.1015021568
-0.1015021568
-0.0002252052
-0.08025984450000001
-0.1015021568
-0.1015021568
-0.019096534600000003
-0.1015021568
-0.1015021568
-0.1012558976
-0.000167101
-0.08882783030000001
-0.1015021568
-0.1015021568
-0.1015021568
-0.019736648800000003
-0.002771505
-0.1015021568
-0.1015021447
-0.10113044480000001
-0.1015021568
-0.0392573489
-0.0005440402
-0.1015021568
-0.1015021568
-0.1015021568
-0.1015021568
-0.0350134312
-0.1015021568
-0.1015021568
-0.0282156149
-0.1015021568
-0.1015021568
-0.1015021568
-0.0001997105
-0.1015021568
-0.1015021568
-0.1015021568
-0.1015021568
-0.018916002600000002
-0.0274742237
-0.1015021568
-0.1015021568
-0.1015021568
-0.09335987320000001
-1.13982e-05
-0.0538976955
-0.1015021568
-0.1015021568
-0.1015021568
-0.1015021568
-0.0001714328
-0.035922685700000005
-0.1015021568
-0.1015021568
-0.0270599197
-0.1015021568
-0.1015021568
-0.09999594880000001
-3.5949100000000004e-05
-0.09058479870000001
-0.1015021568
-0.1015021568
-0.1015021568
-0.07260811910000001
-1.3636700000000001e-05
-0.07370781550000001
-0.1015021568
-0.1015021568
-0.1015021568
-0.0367272389
-0.0006721792
-0.0977087705
-0.1015021568
-0.1015021568
-0.1015021568
-0.1015021568
-0.0001439174
-0.0367128762
-0.1015021568
-0.1015021568
-0.0827922051
-0.0013421078
-0.1015021568
-0.1015021568
-0.0475126223
-0.0002520793
-0.1015021568
-0.1015021568
-0.1015021568
-0.1015021568
-0.00045809390000000006
-0.0289860098
-0.1015021568
-0.1015021568
-0.1015021568
-0.1015021568
-0.0029579660000000002
-0.015255885700000001
-0.1015021568
-0.10147892480000001
-0.1015021568
-0.1015021568
-0.0589375149
-0.0001236741
-0.0374931568
-0.1015021568
-0.1015021568
-0.025070135200000003
-0.0017696976000000002
-0.1015021568
-0.1015021568
-2.3558700000000002e-05
-0.09196631620000001
-0.1015021568
-0.1015021568
-0.1015021568
-0.0702742469
-1.5681600000000002e-05
-0.0753745663
-0.1015021568
-0.1015021568
-0.1015021568
-0.09057056910000001
-1.0623800000000002e-05
-0.0986576162
-0.1015021568
-0.1015021568
-0.1015021568
-0.1015021568
-9.4864e-05
-0.0064765371000000006
-0.1015021568
-0.1015021568
-0.0507510784
-0.0009812858
-0.0223446344
-0.1015021568
-0.1015021568
-1.9614100000000003e-05
-0.09263240910000001
-0.1015021568
-0.1015021568
-0.1015021568
-0.000349085
-0.0038744442000000004
-0.1015021568
-0.1015021568
-0.1015021568
-0.1015021568
-0.0024568566
-0.016295263600000002
-0.1015021568
-0.1015021568
-0.1015021568
-0.1015021568
-0.056145403600000005
-8.62609e-05
-0.08521075310000001
-0.1015021568
-0.1015021568
-0.1015021568
-0.0019891916
-0.1015021568
-0.1015021568
-0.04359509
-0.0930926326
-0.1015021568
-0.1015021568
-0.0668497775
-1.98682e-05
-0.07673651810000001
-0.1015021568
-0.1015021568
-0.1015021568
-0.0319811107
-0.0009346766
-0.1015021568
-0.1015021568
-0.1015021568
-0.1015021568
-0.0087680593
-0.007243858600000001
-0.1015021568
-0.1015021568
-0.1015021568
-0.1015021568
-0.0021564257000000002
-0.1015021568
-0.1015021568
-0.09687591540000001
-0.0497309395
-0.1015021568
-0.1015021568
-0.1015021568
-2.5397900000000003e-05
-0.1015021568
-0.1015021568
-0.1015021568
-0.08800042020000001
-1.04786e-05
-0.059582202900000006
-0.1015021568
-0.1015021568
-0.1015021568
-0.053843160800000005
-0.0001202982
-0.08722201510000001
-0.1015021568
-0.1015021568
-0.1015021568
-0.0007654581
-0.0695648118
-0.1015021568
-0.1015021568
-0.0041606455
-0.1015021568
-0.1015021568
-0.0652717076
-0.0327716642
-0.1015021568
-0.1015021568
-0.1015021568
-0.08695554890000001
-1.05391e-05
-0.1010287564
-0.1015021568
-0.1015021568
-0.1015021568
-0.007702061400000001
-0.0418136917
-0.1015021568
-0.1015021568
-0.1015021568
-0.1015021568
-0.0007167919
-0.0254054262
-0.1015021568
-0.1015021568
-0.0404740644
-1.24267e-05
-0.0951830528
-0.1015021568
-0.00020660750000000002
-0.0800551367
-0.1015021568
-0.1015021568
-0.1015021568
-0.029087020600000003
-0.0012306184
-0.1015021568
-0.1015021568
-0.1015021568
-0.1015021568
-0.007290213700000001
-0.042749771900000004
-0.1015021568
-0.1015021568
-0.1015021568
-0.0751929937
-0.0026996431000000003
-0.1015021568
-0.1015021568
-0.1015021568
-0.0005164159000000001
-0.0961811818
-0.1015021568
-0.1015021568
-0.005195014
-0.1015021568
-0.1015021568
-0.1015021568
-0.0279752968
-0.0013183676000000002
-0.1015021568
-0.1015021568
-0.1015021568
-0.1015021568
-0.006725506700000001
-0.008852239000000001
-0.1015021568
-0.1015021568
-0.1015021568
-0.1015021568
-0.07364698880000001
-1.1700700000000001e-05
-0.0723537771
-0.1015021568
-0.1015021568
-0.1015021568
-0.1015021568
-0.013767706700000002
-0.1015021568
-0.1015021568
-0.1015021568
-0.0053595619
-0.1015021568
-0.1015021568
-0.1015021568
-1.05512e-05
-0.0631212835
-0.1015021568
-0.1015021568
-0.1015021568
-0.1001534424
-0.006276391
-0.0443053116
-0.1015021568
-0.1015021568
-0.1015021568
-0.1015021568
-0.00048807770000000003
-0.0030157556000000004
-0.1015021568
-0.1015021568
-0.1015021568
-0.1015021568
-0.0030919856000000004
-0.054046912700000005
-0.1015021568
-0.1015021568
-0.010777022300000001
-0.08250441870000001
-0.1015021568
-0.1015021568
1.2378300000000001e-05
-0.1015021568
-0.1015021568
-0.1015021568
-0.1015021568
-0.0478202406
-0.0002225674
-0.0908454327
-0.1015021568
-0.1015021568
-0.1015021568
-0.0717202453
-1.3564100000000001e-05
-0.07392653510000001
-0.1015021568
-0.1015021568
-0.1015021568
-0.1015021568
-0.0028906416
-0.0006751921000000001
-0.0977658099
-0.1015017938
-0.059181765500000004
-0.00010942030000000001
-0.1015021568
-0.1015021568
-0.06522893410000001
-0.1015021568
-0.1015021568
-0.1015021568
-0.0055305954
-0.0101267562
-0.1015021568
-0.1015021568
-0.1015021568
-0.0702753601
-0.0035035066
-0.1015021568
-0.1015021568
-0.1015021568
-0.1015021568
-0.0345027507
-0.0007687856
-0.098532357
1.5488e-06
-0.1015021568
-0.1015021568
-0.0379738051
-0.1015021568
-0.1015021568
-0.1015021568
-0.0663006069
-0.1015021568
-0.1015021568
-2.2143e-05
-0.1015021568
-0.1015021568
-0.1015021568
-0.1015021568
-0.0691589536
-1.75934e-05
-0.1015021568
-0.1015021568
-0.1015021568
-0.1015021568
-0.0333529361
-0.0008498314
-0.0991680305
-0.1015021568
-0.1015021568
-0.1015021568
-7.79966e-05
-0.0853653548
-0.1015021568
-0.1015021568
-1.05754e-05
-0.1015021568
-0.1015021568
-1.75934e-05
-0.09339107910000001
-0.1015021568
-0.1015021568
-0.1015021568
-0.014650680000000001
-0.031020685300000003
-0.1015021568
-0.1015021568
-0.1015021568
-0.0889479833
-0.0009383671000000001
-0.0998659706
-0.1015021568
-0.1015021568
-0.1015021568
-0.1015021568
-9.577150000000001e-05
-0.08610328540000001
-0.1015021568
0.0126877696
-0.022038359200000003
-1.0599600000000001e-05
-0.1015021568
-0.1015021568
-0.0044288057
-0.0492478833
-0.1015021568
-0.1015021568
-0.1015021568
-0.0138618205
-2.30868e-05
-0.07793721320000001
-0.1015021568
-0.1015021568
-0.1015021568
-0.030913527700000002
-1.05512e-05
-0.10027716490000001
-0.1015021568
-0.1015021568
-0.1015021568
-0.1015021568
-0.0001156397
-0.0407676104
-0.1015021568
1.5488e-06
-0.1015021568
-1.0696400000000001e-05
-0.0693013101
-0.1015021568
-0.1015021568
-1.4060200000000001e-05
-0.1015021568
-0.1015021568
-0.1015021568
-0.1015021568
-0.0002361557
-0.0325583049
-0.1015021568
-0.1015021568
-0.1015021568
-0.08733611810000001
-1.0587500000000002e-05
-0.0600270836
-0.1015021568
-0.1015019753
-0.1015021568
-0.1015021568
-0.0076393592
-0.007895625100000001
-0.08751040650000001
-0.1015021568
-0.1015021568
-0.1015021568
-0.0024252030000000003
-0.1015021568
-0.1015021568
-0.0405825046
-0.051119390300000005
-0.1015021568
-0.1015021568
-0.1015021568
8.470000000000001e-08
-0.004760769200000001
-0.1015021568
-0.1015021568
-0.1015021568
-0.1015021568
-0.0292819879
-0.0011869011
-0.10122454650000001
-0.1015021568
-0.1015021568
-0.1015021568
-0.0516533512
-0.0001530166
-0.0883069858
-0.1015021568
-0.1015021568
-0.1015021568
-0.0753783415
-0.0709848436
-0.1015021568
-0.1015021568
-0.09448536680000001
-0.0521175798
-0.1015021568
-0.1015021568
-0.1015021568
-0.00019222060000000001
-0.0341051568
-0.1015021568
-0.1015021568
-0.1015021568
-0.1015021568
-0.0016038066000000001
-0.0192871096
-0.1015021568
-0.1015021568
-0.1015021568
-0.1015021568
-0.050525933700000004
-0.0001729453
-0.08916019310000001
-0.1015021568
-0.1015021568
-0.1015021568
-0.1015021568
-0.0718334892
-0.1015021568
-0.1015021568
3.0371e-06
-0.1015021568
-0.1015021568
-0.1015021568
-0.0001612204
-0.08156219170000001
-0.1015021568
-0.1015021568
-0.1015021568
-0.084175102
-1.0527000000000001e-05
-0.1015021568
-0.1015021568
-0.1015021568
-0.1015021568
-0.0063682542
-0.009192128
-0.1015021568
-0.1015021568
-0.1015021568
-0.1015021568
-0.0178550746
-0.0275530068
-0.1015021568
-0.1015021568
-0.0352878592
-0.0972784824
-0.1015021568
-0.1015021568
-0.0057515656
-0.1015021568
-0.1015021568
-0.1015021568
-0.08302573510000001
-1.0527000000000001e-05
-0.1015021568
-0.1015021568
-0.1015021568
-0.1015021568
-0.005884980200000001
-0.009654989300000002
-0.1015021568
-0.1015021568
-0.1015021568
-0.1015021568
-0.016995079200000002
-0.0032742842
-0.1015021568
-0.1015021568
-0.035681811
-0.0006783623000000001
-0.1015021568
-0.1015021568
-0.0102526325
-0.1015021568
-0.1015021568
-0.1015021568
-0.0249698383
-1.06117e-05
-0.06531031870000001
-0.1015021568
-0.1015021568
-0.1015021568
-0.0055243518000000005
-0.010195230100000001
-0.1015021568
-0.1015021568
-0.1015021568
-0.1015021568
-0.0162237163
-0.029395546400000003
-0.1015021568
-0.1015021568
-0.1015021568
-0.09092898320000001
-0.0563352889
-0.1015021568
-0.1015021568
-0.1015021568
0.0148224153
-0.1015021568
-0.1015021568
-0.024166604
-0.0221236279
-0.1015021568
-0.1015021568
-0.1015021568
-0.1015021568
-0.09820546340000001
-2.0630500000000002e-05
-0.09236251860000001
-0.1015021568
-0.1015021568
-0.1015021568
-0.1015021568
-0.00033572660000000005
-0.030005096000000002
-0.1015021568
-0.1015021568
-0.1015021568
-0.0334159892
-0.057196917800000004
-0.1015021568
-0.1015021568
-0.1015021568
-0.0067050577
-0.1015021568
-0.1015021568
-0.079662891
-0.0019456195000000002
-0.1015021568
-0.1015021568
-0.1015021568
-0.1015021568
-0.09740605270000001
-0.00032438890000000003
-0.0932774964
-0.1015021568
-0.1015021568
-0.1015021568
-0.06786015170000001
-0.0001982464
-0.030867874400000002
-0.1015021568
-0.1015021568
-0.1015021568
-0.1015021568
-0.0322097402
-0.058140463700000006
-0.1015021568
-0.1015021568
-0.1015021568
-0.0396888954
-0.1015021568
-0.1015021568
-0.0008287774000000001
-0.06822099790000001
-0.1015021568
-0.1015021568
-0.1015021568
-0.1015021568
-0.0043850037
-0.0115743639
-0.1015021568
-0.1015021568
-0.1015021568
-0.1015021568
-0.013860913
-0.0042599381
-0.1015021568
-0.1015021568
-0.1015021568
-0.1015021568
-0.0308897391
-0.0010196307000000001
-0.1015021568
-0.1015021568
-0.1015021568
-0.0079901261
-0.1015021568
-0.1015021568
-0.1015021568
-0.0210211727
-0.0022990968000000003
-0.1015021568
-0.1015021568
-0.1015021568
-0.09579242090000001
-0.0004098028
-0.0948880306
-0.1015021568
-0.1015021568
-0.1015021568
-0.0652924228
-2.6390100000000003e-05
-0.0791023222
-0.1015021568
-0.1015021568
-0.1015021568
-0.1015021568
-0.0018247526000000002
-0.0180556321
-0.1015021568
-0.1015021568
-0.1015021568
-0.0078786125
-0.1015021568
-0.0764381442
-0.0251505518
-0.1015021568
-0.1015021568
-0.1015021568
-0.0406463805
-0.0004384556
-0.09513232960000001
-0.1015021568
-0.1015021568
-0.1015021568
-0.0129038151
-0.0332787752
-0.1015021568
-0.1015021568
-0.1015021568
-0.1015021568
-0.0017857664000000002
-0.06081046180000001
-0.1015021568
-0.1015021568
-0.0073863603
-0.042017250000000006
-0.1015021568
-0.1015021568
-0.020228804200000002
-0.1015021568
-0.1015021568
-0.1015021568
-0.0949312397
-0.00046462790000000004
-0.1015021568
-0.1015021568
-0.1015021568
-0.063975604
-3.20408e-05
-0.0800169975
-0.1015021568
-0.1015021568
-0.1015021568
-0.029099435200000003
-0.0011982509000000002
-0.1014692206
-0.1015021568
-0.10149944640000001
-0.1015021568
-0.051643320300000004
-0.1015021568
-0.1015021568
-0.1015021568
-1.11804e-05
-0.1015021568
-0.1015021568
-0.0392651776
-0.0130981532
-0.1015021568
-0.1015021568
-0.1015021568
-0.1015021568
-0.00017843870000000002
-0.034212822600000005
-0.1015021568
-0.1015021568
-0.1015021568
-0.028170832800000004
-0.0012751222000000001
-0.1015021568
-0.1015021568
-0.1015021568
-0.1015021568
-0.0505254376
-0.0001639792
-0.089136223
-0.1015021568
-0.1015021568
-0.018916498700000003
-0.07185805220000001
-0.1015021568
-0.1015021568
-0.038243235800000004
-0.0005315651
-0.1015021568
-0.1015021568
-0.1015021568
-0.062042858900000004
-3.98574e-05
-0.08131481930000001
-0.1015021568
-0.1015021568
-0.1015021568
-0.027309167600000003
-1.05391e-05
-0.06269548450000001
-0.1015021568
-0.1015021568
-0.1015021568
-0.1015021568
-0.006496453700000001
-0.0089617077
-0.08964903310000001
-0.1015021568
-0.0732113404
-0.0005030575000000001
-0.1015021568
-0.1015021568
-0.09322818890000001
-1.09747e-05
-0.0138874362
-0.1015021568
-0.1015021568
-0.1015021568
-0.011044686400000002
-0.0055146597000000006
-0.1015021568
-0.1015021568
-0.1015021568
-0.1015021568
-0.0265625976
-0.0202527259
-0.1015021568
-0.1015021568
-0.1015021568
-0.1015021568
-0.0486551527
-0.0001979076
-0.09038084110000001
-0.1015021568
0.0003964928
-0.017780683800000002
-1.2559800000000001e-05
-0.1015021568
-0.1015021568
-0.036734474700000005
-0.0006284135
-0.0974817745
-0.1015021568
-0.1015021568
-0.0604187969
-5.0674800000000005e-05
-0.0827052545
-0.1015021568
-0.1015021568
-0.1015021568
-0.0831028
-1.0563300000000001e-05
-0.0642891876
-0.1015021568
-0.1015021568
-0.1015021568
-0.1015021568
-0.0060138936
-0.009641897100000001
-0.09097385000000001
-0.1015021568
-0.1015021568
-1.3418900000000001e-05
-0.0740831817
-0.1015021568
-0.1015021568
-0.0006693236000000001
-0.1015021568
-0.1015021568
-0.1015021568
-0.1015021568
-0.00012656600000000002
-0.036783104600000005
-0.1015021568
-0.1015021568
-0.1015021568
-0.0824002377
-1.05149e-05
-0.1015021568
-0.1015021568
-0.1015021568
-0.1015021568
-0.0058146671
-0.009888640300000001
-0.0913317559
-0.1015021568
-0.1015021568
-0.00042012410000000005
-0.07457977780000001
-0.1015021568
-0.1015021568
-1.06843e-05
-0.1015021568
-0.1015021568
-0.0595085865
-0.006102417200000001
-0.1015021568
-0.1015021568
-0.1015021568
-0.1015021568
-0.025413775200000002
-0.0215382057
-0.1015021568
-0.1015021568
-0.1015021568
-0.1015021568
-0.005849648200000001
-0.0100882782
-0.1015021568
-0.1015021568
-0.1015021568
-0.1015021568
4.54476e-05
-0.0748619256
-0.1015021568
-0.1015021568
-0.0353851674
-0.0984062145
-0.1015021568
-0.1015021568
-0.1015021568
-6.798990000000001e-05
-0.1015021568
-0.1015021568
-0.1015021568
-0.1015021568
-0.024869299400000003
-0.0017514387000000001
-0.1015021568
-0.1015021568
-0.1015021568
-0.0987201974
-0.0056804781000000006
-0.0103389902
-0.1015021568
-0.1015021568
-0.1015021568
-0.1015021568
-0.016527027
-0.07540608680000001
-0.1015021568
-0.1015021568
-0.0909768024
-0.0565289252
9.91232e-05
-0.1015021568
-0.1015021568
-7.40036e-05
-0.0845735187
-0.1015021568
-0.1015021568
-0.1015021568
-0.0245321208
-0.0018554261000000001
-0.1015021568
-0.1015021568
-0.1015021568
-0.1015021568
-0.0456884384
-0.0002955788
-0.09258472300000001
-0.1015021568
-0.1015021568
6.1952e-06
-0.06966967040000001
-1.7472400000000002e-05
-0.1015021568
-0.1015021568
-0.1015021568
-0.0008575633000000001
-0.1015021568
-0.1015021568
-0.1015021568
-8.419180000000001e-05
-0.1015021568
-0.1015021568
-0.1015021568
-0.1015021568
-0.08035254260000001
-1.0527000000000001e-05
-0.0672115554
-0.1015021568
-0.1015021568
-0.1015021568
-0.044985972900000004
0.0003958515
-0.048243680100000005
-0.1015021568
-0.1015021568
-0.1015021568
-0.1015021568
-0.015579258200000001
-0.0039885714
-0.1015021568
-0.1015021568
-0.1015021568
-0.0009004457000000001
-0.1015021568
-0.1015021568
-0.009234502200000001
-0.039474447100000004
-0.1015021568
-0.1015021568
-0.1015021568
-0.1015021568
-0.0010078937
-0.023441947100000003
-0.1015021568
-0.1015021568
-0.1015021568
-0.09742888540000001
-0.0050018617000000005
-0.011404734000000001
-0.1015021568
-0.1015021568
-0.1015021568
-0.1015021568
-0.0680336052
-2.17437e-05
-0.1015021568
-0.1015021568
-0.1015021568
-0.0023400311000000003
-0.0999213765
-0.1015021568
-0.1015021568
-0.0001052216
-0.1015021568
-0.1015021568
-0.1015021568
-0.1015021568
-0.0788164234
-1.0648e-05
-0.1015021568
-0.1015021568
-0.1015021568
-0.1015021568
-0.0048069186000000005
-0.0117371452
-0.1015021568
-0.1015021447
-0.1015021568
-0.1015021568
-0.0670728289
-0.0003122647
-0.0318516649
-0.1015021568
-0.1015021568
-0.08839950240000001
-1.05149e-05
-0.1015021568
-0.1015021568
-0.008493316700000001
-0.0406400764
-0.1015021568
-0.1015021568
-0.1015021568
-0.0779752677
-0.0008365698000000001
-0.0244578147
-0.1015021568
-0.1015021568
-0.1015021568
-0.09638029940000001
-1.68432e-05
-0.05011471520000001
-0.1015021568
-0.1015021568
-0.1015021568
-0.1015021568
-0.013994182400000001
-0.0045250854
-0.1015021568
-0.1015021568
-0.1015021568
-1.05149e-05
-0.059982144200000004
-0.1015021568
-0.1015021568
-0.000127171
-0.1015021568
-0.1015021568
-0.1015021568
-0.1015021568
-0.0211498562
-0.0024392269000000004
-0.1015021568
-0.1015021568
-0.1015021568
-0.1015021568
-0.0042566227000000005
-0.0123931104
-0.1015021568
-0.1015021568
-0.1015021568
-0.1015021568
-0.06526408460000001
-2.9209400000000002e-05
-0.07934268870000001
-0.1015021568
-0.1015021568
-0.1015021568
-1.05512e-05
-0.0184264971
-0.1015021568
-0.1015021568
-0.008137201600000001
-0.1015021568
-0.1015021568
-0.1015021568
-0.0204588978
-1.09626e-05
-0.0706290794
-0.1015021568
-0.1015021568
-0.1015021568
-0.0951337574
-1.2910700000000002e-05
-0.0516610226
-0.1015021568
-0.1015021568
-0.1015021568
-0.1015021568
-0.012795387
-0.0049127452000000005
-0.1015021568
-0.1015021568
-0.1015021568
-0.001749176
-0.06155063090000001
-0.1015021568
-0.1015021568
-0.051575390900000004
-0.0888313877
-0.1015021568
-0.1015021568
-0.1015021568
-0.0006551787000000001
-0.0026872769
-0.1015021568
-0.1015021568
-0.1015021568
-0.1015021568
-0.0037314222000000004
-0.013318482100000001
-0.1015021568
-0.1015021568
-0.1015021568
-0.1015021568
-0.0632870656
-3.77399e-05
-0.08082986340000001
-0.1015021568
-0.1015021568
-0.1015021568
-0.0015996321000000002
-0.1015021568
-0.1015021568
-0.1015021568
-0.006868782800000001
-0.1015021568
-0.1015021568
-0.1015021568
-0.0188360337
-0.0028686438
-0.0723586534
-0.1015021568
-0.1015021568
-0.1015021568
-0.09362987260000001
-1.1664400000000001e-05
-0.053338494
-0.1015021568
-0.1015021568
-0.1015021568
-0.1015021568
-0.0116859622
-0.0054450363
9.91232e-05
-0.1015021568
-0.1015021568
-0.1015021568
-0.020116806600000002
-0.1015021568
-0.1015021568
-0.1015021568
-0.0092108951
-0.1015021568
-0.1015021568
-0.1015021568
-0.000500456
-0.027590190100000002
-0.1015021568
-0.1015021568
-0.1015021568
-0.1015021568
-0.0031796985
-0.0143209792
-0.1015021568
-0.1015021568
-0.1015021568
-0.1015021568
-0.060822755400000005
-5.0541700000000004e-05
-0.0825300223
-0.1015021568
-0.1015021568
-0.1015021568
-0.1015021568
-0.0207223874
-0.1015021568
-0.1015021568
-0.1015021568
-0.0452687015
-0.1015021568
-0.1015021568
-0.0173629192
-0.0032338339
-0.1015021568
-0.1015021568
-0.1015021568
-0.1015021568
-0.0921093261
-1.08295e-05
-0.0550663861
-0.1015021568
-0.1015021568
-0.1015021568
-0.1015021568
-0.0001290707
-0.0367498054
-0.1015021568
-0.1015021568
-0.1015021568
-0.0823739081
-0.0012532333000000002
-0.1015021568
-0.1015021568
-0.1015021568
-0.0507510784
-0.1015021568
-0.1015021568
-0.1015021568
-0.0004311593
-0.0746699712
-0.1015021568
-0.1015021568
-0.1015021568
-0.1015021568
-1.0623800000000002e-05
-0.055887068600000006
-0.1015021568
-0.1015021568
-0.1015021568
-0.1015021568
-0.00010801670000000001
-0.006251210900000001
-0.1015021568
-0.1015021568
-0.1015021568
-0.1015021568
-0.024660550200000003
-1.05028e-05
-0.1015021568
-0.1015021568
-0.1015021568
-0.00027015670000000004
-0.1015021568
-0.1015021568
-0.0003974245
-0.0756190226
-0.1015021568
-0.1015021568
-0.1015021568
-0.1015021568
4.892030000000001e-05
-1.05754e-05
-0.0157935734
-0.09879709290000001
-0.1015021568
-0.1015021568
-0.1015021568
-0.0573941841
-7.76215e-05
-0.08473534410000001
-0.1015021568
-0.1015021568
-0.1015021568
-0.0010342717
-0.0226001017
-0.1015021568
-0.1015021568
-0.1015021568
-0.1015021568
-0.0448312744
-0.000307219
-0.1015021568
-0.1015021568
-0.0686365361
-0.07652988640000001
-0.1015021568
-0.1015021568
-0.0024328381
-0.0577783107
-0.1015021568
-0.1015021568
-0.0561307989
1.1954800000000001e-05
-0.1015021568
-0.1015021568
-0.1015021568
-0.1015021568
-0.0009681331000000001
-0.023312392400000003
-0.1015021568
-0.1015021568
-0.1015021568
-0.1015021568
-0.004920283500000001
0.009648757800000001
-0.1015021568
-0.1015021568
-0.0003100746
-0.0312191011
-0.1015021568
-0.1015021568
-1.05512e-05
-0.1015021568
-0.1015021568
-0.1015021568
-0.008682379200000001
-0.00010422940000000001
-0.08635066990000001
-0.1015021568
-0.1015021568
-0.1015021568
-0.0008920362000000001
-0.0241392217
-0.1015021568
-0.1015021568
-0.1015021568
-0.0965926302
-1.68069e-05
-0.0497362151
-0.1015021568
-0.1015021568
-0.1015021568
-0.00027944950000000004
-0.1015017938
-0.1015021568
-0.1015021568
-0.017750409600000003
-0.1015021568
-0.1015021568
-0.0081675605
-0.041112992800000005
-0.1015021568
-0.1015021568
-0.1015021568
-0.07722770550000001
-1.07932e-05
-0.06963827090000001
-0.1015021568
-0.0126877696
-0.1015021568
-0.0413726104
-0.00041850270000000003
-0.09348887130000001
-0.1015021568
-0.1015021568
-0.1015021568
-0.0001227787
-0.08037468560000001
-0.1015021568
-0.1015021568
-0.028961108000000003
-0.1008069392
-0.1015021568
-0.051328926000000004
0.0100266408
-0.1015021568
-0.1015021568
-0.1015021568
-0.0747302655
-0.0026421439000000003
-0.1015021568
-0.1015021568
-0.1015021568
-0.1015021568
-0.0038511759000000004
-0.013217035700000001
-0.1015021568
-0.1015021568
-0.1015021568
-0.1015021568
3.63e-08
-0.0003964928
-0.1015021568
-0.1015021568
3.63e-08
-0.0013158871
-0.1015021568
-0.1015021568
-0.0001748571
-0.1015021568
-0.1015021568
-0.1015021568
-0.019740182000000002
-0.0028581894000000003
-0.1015021568
-0.1015021568
-0.1015021568
-0.1015021568
-0.0037261829
-0.053270008
-0.1015021568
-0.1015021568
-0.1015021568
-0.0630406975
-0.00020216680000000002
-0.0818390034
-0.1015021568
-0.1015021568
-0.1015021568
-0.0017030992
-0.1015021568
-0.1015021568
-0.1015021568
-0.0001951004
-0.1015021568
-0.1015021568
-0.0744482992
-0.0029891961
-0.1015021568
-0.1015021568
-0.1015021568
0.0002126091
-1.19064e-05
-0.0540412257
-0.1015021568
-0.1015021568
-0.1015021568
-0.0622870732
-4.8811400000000005e-05
-0.0358841472
-0.1015021568
-0.1015021568
-0.1015021568
-0.0846759331
-1.0648e-05
-0.1015021568
-0.1015021568
-0.049617090600000004
-0.0452334905
-0.1015021568
-0.10149925280000001
-0.0032248315000000002
-0.1015021568
-0.1015021568
-0.1015021568
-0.1015021568
-0.0033540474000000003
-0.0549433412
-0.1015021568
-0.1015021568
-0.1015021568
-0.011365215400000002
-0.0059168758000000005
-0.1015021568
-0.1015021568
-0.1015021568
-0.1015021568
-0.0268707483
-0.001605791
4.95616e-05
-0.1015021568
-0.100278871
-3.3359700000000005e-05
-0.1015021568
-0.1015021568
-0.017875354200000002
-0.0744713739
-0.10149925280000001
-0.1015021568
-0.036745751900000005
-1.1095700000000001e-05
-0.0556222238
-0.1015021568
-0.1015021568
-0.1015021568
-0.0109362825
-0.0062039483000000005
-0.1015021568
-0.1015021568
-0.1015021568
-0.1015021568
-0.0261160229
-0.0017142191000000002
-0.1015021568
-0.1015021568
-0.1015021568
-0.0478822652
-0.1015021568
-0.1015021568
2.47808e-05
-0.0171936281
-0.1015021568
-0.1015021568
-0.1015021568
-0.09218051040000001
-0.0007634011000000001
-0.1015021568
-0.1015021568
-0.1015021568
-0.059448013900000006
-6.99622e-05
-0.1015021568
-0.1015021568
-0.1015021568
-0.1015021568
-0.0252140889
-0.0018346262
-0.1015021568
-0.1015021568
-0.1015021568
-0.1015021568
-0.046533562900000006
-0.010624368700000001
-0.1015021568
1.5488e-06
-0.0165653477
-0.1015021568
-0.1015021568
-0.0026876641000000002
-0.0571918116
-0.1015021568
-0.1015021568
-0.1015021568
-0.058087405200000004
-8.15903e-05
-0.0854978014
-0.1015021568
-0.1015021568
-0.1015021568
-0.0243550857
-0.022878438
-0.1015021568
-0.1015021568
-0.1015021568
-0.1015021568
-2.19252e-05
-0.048192351900000006
-0.1015021568
-0.1015021568
-0.0157126123
-1.92874e-05
-0.1015021568
-0.1015021568
-0.0337360463
-0.016679995200000002
-0.1015021568
-0.1015021568
-0.1015021568
-0.1015021568
-9.40412e-05
-0.0397298055
-0.1015021568
-0.1015021568
-0.1015021568
-0.0801513196
-1.0623800000000002e-05
-0.0682839179
-0.1015021568
-0.1015021568
-0.1015021568
-0.09807859490000001
-1.8621900000000002e-05
-0.049157665700000006
-0.1015021568
-0.1015021568
-0.1015021568
-0.00031721360000000004
-0.0315220851
-0.1015021568
-0.0896622947
-0.017151629
-0.1015021568
-0.1015021568
-0.1015021568
-0.0557309786
-8.09611e-05
-0.040387065400000005
-0.1015021568
-0.1015021568
-0.1015021568
-0.1015021568
-0.0009179665
-0.024101530200000002
-0.1015021568
-0.1015021568
-0.1015021568
-0.1015021568
-0.0046554992000000005
-0.011798867300000002
-0.09453560600000001
-0.1015021568
-0.1015021568
-0.1015021568
-0.0043306747
-0.1015021568
-0.1015021568
-0.1015021568
-0.0010121408
-0.1008946884
-0.1015021568
-0.1015021568
-0.1015021568
-0.00011076340000000001
-0.0872980636
-0.1015021568