-0.0001020272
-0.08039028250000001
-0.1015021568
-0.1015021568
-0.1015021568
-0.1015021568
-0.027141873
-1.6540700000000002e-05
-0.0227578373
-0.1015021568
3.0976e-06
-0.1015021568
-0.1015021568
-1.63471e-05
-0.1015021568
-0.1015021568
3.0976e-06
-0.0719445672
-1.61414e-05
-0.1015021568
-0.1007587328
-0.1015021568
-0.1015021568
-0.1015021568
-0.05577012210000001
-1.8755000000000003e-05
-0.1015021568
-0.1015021568
-0.1015021568
-0.1015021568
-0.1015021568
-0.0016945687
-7.14021e-05
-0.07457366730000001
-0.1015021568
-0.1015021568
-0.1015021568
-0.1015021568
-0.0996979137
-1.5693700000000002e-05
-0.1015021568
-0.1015021568
3.0976e-06
-0.016806549100000002
-1.55122e-05
-0.029609498600000003
-0.1015021568
-0.1015021568
-0.1015021568
-0.1015021568
-0.1015021568
-1.54396e-05
-0.1015021568
-0.1015017938
-0.1015021568
-0.1015021568
-0.1015021568
-0.004720439900000001
-1.6262400000000002e-05
-0.0552752321
-0.1015021568
-0.1015021568
-0.1015021568
-0.1015021568
-0.042088906200000005
-0.0020507806
-4.68996e-05
-0.069287867
-0.1015021568
-0.1015021568
-0.1015021568
-0.028894703200000003
-0.00022634260000000002
-0.1015021568
-0.1015021568
-0.1015021568
-0.1015021568
-0.0177409837
-0.0008051824
-0.1015021568
-0.1015021568
-0.1015021568
-0.0103189526
-0.1015021568
-0.1015021568
-0.1015021568
-1.4846700000000001e-05
-0.1015021568
-0.1015021568
-0.0020918117
-0.0646963284
-0.1015021568
-0.1015021568
-0.1015021568
-0.10035952960000001
-1.4350600000000001e-05
-0.07884084120000001
-0.1015021568
-0.1015021568
-0.1015021568
-0.0198299156
-0.0006332051
-0.09195270370000001
-0.1015021568
-0.1015021568
-0.1015021568
-3.6372600000000005e-05
-0.1015021568
-0.1015021568
-0.1015021568
-1.41449e-05
-0.1015021568
-0.1015021568
-0.0030051197000000003
-0.060815289700000004
-0.1015021568
-0.0063438848
-0.1015021568
-0.0327823727
-0.00011473220000000001
-0.1015021568
-0.1015021568
-0.1015021568
-0.1015021568
-0.0003311044
-0.0208802924
-0.1015021568
-0.1015021568
-0.1015021568
-0.0782121857
-1.3697200000000002e-05
-0.1015021568
4.84e-08
-0.1015021568
-1.3636700000000001e-05
-0.1015021568
-0.1015021568
-0.1015021568
-0.0063383793
-0.1015021568
-0.1015021568
-0.1015021568
-1.35036e-05
-0.011300444100000001
-0.1015021568
-0.0126877696
-0.1015021568
-0.023019027900000003
-0.0003409175
-0.1015021568
-0.1015021568
-0.1015021568
-0.1015021568
-0.014003438900000002
-0.0010503405
-0.1015021568
-0.1015021568
-0.10080829440000001
-0.0638129316
-0.1015021568
-0.1015021568
-0.1015021568
-1.32495e-05
-0.1015021568
-0.1015021568
-0.035813217
-0.009780599400000001
-0.1015021568
-0.1015021568
-0.1015021568
-0.1015021568
-0.0005240147000000001
-0.0162199411
-0.1015021568
-0.1015021568
-0.1015021568
-0.0788231026
-1.30801e-05
-0.09169878520000001
-0.1015021568
-0.1015021568
-0.1015021568
-0.008257088400000001
-0.0020713627
-0.1015021568
-0.1015021568
-0.0493577876
-0.047682833
-0.1015021568
-0.1015021568
-3.3529100000000004e-05
-0.1015021568
-0.1015021568
-0.1015021568
-0.09243113770000001
-1.27292e-05
-0.07460499420000001
-0.1015021568
-0.1015021568
-0.1015021568
-0.0162147381
-0.022145637800000003
-0.1015021568
-0.1015021568
-0.1015021568
-0.1015021568
-1.25719e-05
-0.0992410298
-0.1015021568
-0.1015021568
-1.25477e-05
-0.0440986799
-0.1015021568
-0.1015021568
-0.057001454400000005
-0.1015021568
-0.1015021568
-0.0007750897000000001
-0.0125080241
-0.1015021568
-0.1015021568
-0.1015021568
-0.08064879900000001
-1.23662e-05
-0.0836586014
-0.1015021568
-0.1015021568
-0.1015021568
-0.010235051200000001
-0.0013791217
-0.1015021568
-0.1015021568
-0.1015021568
-0.1015021568
-0.0054917423000000005
-0.1015021568
-0.1015021568
-0.1015021568
-1.2281500000000001e-05
-0.1015021568
-0.1015021568
-0.029294947000000002
-0.06707937500000001
-0.1015021568
-0.1015021568
-0.1015021568
-0.0830599781
-0.00037957700000000003
-0.1015021568
-0.1015021568
-0.1015021568
-0.1015021568
-5.3651400000000006e-05
-0.0266397714
-0.1015021568
-0.1015021568
-0.1015021568
-0.1015021568
-0.0055519882
-0.0026165766
-0.1015021568
-0.1015021568
-0.0027873802000000004
-0.0053345754
-0.1015021568
-0.0970215752
-1.20032e-05
-0.06334820690000001
-0.1015021568
-0.1015021568
-0.1015021568
-0.0004518745
-0.016214532400000002
-0.1015021568
-0.1015021568
-0.1015021568
-0.07504002550000001
-0.0009043177000000001
-0.1015021568
-0.1015021568
-0.1015021568
-0.1015021568
-0.007949627400000001
-0.0021918303
-0.1015021568
-0.1015021205
-0.1015021568
-0.0045847626
-0.1015021568
-0.1015021568
-0.035064662600000004
-0.059146179400000005
-0.1015021568
-0.1015021568
-0.0006031366000000001
-0.014188544700000002
-0.1015021568
-0.1015021568
-0.1015021568
-0.1015021568
-0.00014257430000000001
-0.0219400104
-0.1015021568
-0.1015021568
-0.1015021568
-0.0091269816
-1.16886e-05
-0.095728424
-0.1015021568
-0.1015021568
-0.1015021568
-0.0046142503
-0.0038428027000000004
-0.1015021568
-0.1015021568
-0.0020529102000000003
-0.1015021568
-0.1015021568
-0.026011176400000002
-0.0123413587
-0.1015021568
-0.1015021568
-0.1015021568
-0.0169536851
-0.0005105837
-0.1015021568
-0.1015021568
-0.1015021568
-0.1015021568
-1.1519200000000001e-05
-0.09183164320000001
-0.1015021568
-0.1015021568
-0.1015021568
-0.1015021568
-1.15434e-05
-0.0031067113000000004
-0.1015021568
-0.1015021568
-0.1015021568
-0.0025168121000000002
-0.0513573005
-0.1015021568
-0.1015021568
-0.028220914700000002
-0.06433371560000001
-0.1015021568
-0.1015021568
-0.0186602812
-0.00038922070000000004
-0.07687219540000001
-0.1015021568
-0.1015021568
-0.1015021568
-0.0674304686
-4.49999e-05
-0.0259724806
-0.1015021568
-0.1015021568
-0.1015021568
-0.1015021568
-1.16886e-05
-0.0026404378
-0.1015021568
-0.1015021568
-0.1015021568
-0.1015021568
-0.0053384837000000004
-0.1015021568
-0.1015021568
-0.1015021568
-6.39848e-05
-0.1015021568
-0.1015021568
-0.0820506082
-1.1301400000000002e-05
-0.07351816010000001
-0.1015021568
-0.1015021568
-0.1015021568
-0.06987706440000001
-1.12651e-05
-0.0853318499
-0.1015021568
-0.1015021568
-0.1015021568
-0.057032853900000006
-1.12651e-05
-0.09533159240000001
-0.1015021568
-0.1015021568
-0.1015021568
-0.1015021568
-1.12167e-05
-0.045511548500000006
-0.1015021568
-0.1015021568
-0.0325914952
-1.12167e-05
-0.1015021568
-0.1015021568
-0.0005086114
-0.0705059135
-0.1015021568
-0.1015021568
-0.1015021568
-0.014198261
-1.11199e-05
-0.082306378
-0.1015021568
-0.1015021568
-0.1015021568
-0.0594291137
-1.1095700000000001e-05
-0.09263003750000001
-0.1015021568
-0.1015021568
-0.1015021568
-0.1015021568
-1.1482900000000001e-05
-0.101047221
-0.1015021568
-0.1015021568
-0.09530095520000001
-0.007366189600000001
-0.1015021568
-0.1015021568
-0.1015021568
-0.00015363370000000002
-0.1015021568
-0.1015021568
-0.1015021568
-0.015744072300000002
-1.1011e-05
-0.0788159999
-0.1015021568
-0.1015021568
-0.1015021568
-0.0091996179
-1.10352e-05
-0.0896136285
-0.1015021568
-0.1015021568
-0.1015021568
-0.048872855900000005
-1.10836e-05
-0.09863069370000001
-0.1015021568
-0.1015021568
-0.1015021568
-0.0962289647
-0.0022108878
-0.1015021568
-0.1015021568
-0.1015021568
-1.09384e-05
-0.1015021568
-0.1015021568
-1.09384e-05
-0.0758319826
-0.1015021568
-0.1015021568
-0.1015021568
-0.0102602434
-0.0012311145000000001
-0.1015021568
-0.1015021568
-0.1015021568
-0.050919921800000004
-1.09384e-05
-0.09621691310000001
-0.1015021568
-0.1015021568
-0.1015021568
-0.0391136614
-1.62382e-05
-0.0485980649
-0.1015021568
-0.1015021568
-1.0877900000000001e-05
-0.0100762387
-0.1015021568
-0.0782602832
-0.0163166564
-0.1015021568
-0.1015021568
-0.0681900098
-1.08537e-05
-0.0842306168
-0.1015021568
-0.1015021568
-0.1015021568
-0.0067013914
-1.08174e-05
-0.0936759857
-0.1015021568
-0.1015021568
-0.1015021568
-0.0032259326
-0.0048728273
-0.1015021568
-0.1015021568
-0.1015021568
-0.1015021568
-0.0088600919
-0.1015021568
-0.1015021568
-0.020676383200000002
-0.1015021568
-0.1015021568
-0.1015021568
-1.07569e-05
-0.1015021568
-0.1015021568
-0.1015021568
-0.1015021568
-0.055736193700000006
-1.07569e-05
-0.1015021568
-0.1015021568
-0.1015021568
-0.0432242129
-1.0708500000000001e-05
-0.0425618347
-0.1015021568
-0.1015021568
-0.1007587328
-0.0908170219
-1.0660100000000001e-05
-0.054639510200000005
-0.1015021568
-0.1015021568
-0.08076973850000001
-0.0667343314
-0.1015021568
-0.1015021568
-0.0001093235
-0.0203598593
-0.1015021568
-0.1015021568
-0.1015021568
-0.057365991100000006
-1.67101e-05
-0.0294241992
-0.1015021568
-0.1015021568
-0.1015021568
-0.044828031600000005
-1.0986800000000001e-05
-0.040184596100000004
-0.1015021568
-0.1015021568
-0.1015021568
-0.0916358652
-0.0017471795000000001
-0.0069642881
-0.1015021568
-0.1015021568
-0.08187063280000001
-1.0599600000000001e-05
-0.1015021568
-0.1015021568
-0.0146281619
-0.018624961300000003
-0.1015021568
0.0015859712
-0.1015021568
-0.1015021568
-2.20099e-05
-0.027215731400000002
-0.1015021568
-0.1015021568
-0.1015021568
-0.1000230891
-1.05391e-05
-0.0375608684
-0.1015021568
-0.1015021568
-0.1015021568
-0.0927863574
-0.0020705520000000002
-0.0061013161
-0.1015021568
-0.1015021568
-0.083670532
-0.0007770257
-0.0106165884
-0.1015021568
-0.1015021568
-1.0587500000000002e-05
-0.07310963990000001
-0.1015021568
-0.1015021568
-0.0614029504
-3.3238700000000004e-05
-0.0011543884
-0.1015021568
-0.1015021568
-0.1015021568
-0.1008705126
-1.06117e-05
-0.0350206912
-0.1015021568
-0.1015021568
-0.1015021568
-0.1015021568
-0.0022050072
-1.54517e-05
-0.0998894567
-0.1015021568
-0.1015021568
-0.0008730997
-0.0095051913
-0.1015021568
-0.1015021568
-1.04302e-05
-0.1015021568
-0.1015021568
-0.1015021568
-0.061890181100000004
-4.18539e-05
-0.0009456029
-0.1015021568
-0.1015021568
-0.1015021568
-0.10131630080000001
-0.0056187802
-0.0022680361000000002
-0.1015021568
-0.1015021568
-0.1015021568
-0.1015021568
-0.0026994374
-0.0046661714
-0.0983079262
-0.1015021568
-0.1015021568
-0.0275694749
-0.008498205100000001
-0.1015021568
-0.1015021568
-0.0003250544
-0.1015021568
-0.1015021568
-0.1015021568
-1.04423e-05
-0.07902979480000001
-0.1015021568
-0.1015021568
-0.1015021568
-0.054146229500000004
-1.0418100000000001e-05
-0.08905925490000001
-0.1015021568
-0.1015021568
-0.1015021568
-0.0032260536
-1.1253e-05
-0.09689486400000001
-0.1015021568
-0.1015021568
-0.1015021568
-0.0013440196
-0.101496736
-0.1015021568
-0.1015021568
-0.012992024100000001
-0.1015021568
-0.1015021568
-9.104040000000001e-05
-0.07705221920000001
-0.1015021568
-0.1015021568
-0.1015021568
-0.054745445700000006
-0.0016750272
-0.08707122490000001
-0.1015021568
-0.1015021568
-0.0966455798
-1.03697e-05
-0.039451941100000006
-0.1015021568
-0.1015021568
-0.1015021568
-0.0873585515
-1.04665e-05
-0.0507444113
-0.1015021568
-0.0794032734
-0.0005495820000000001
-0.0629811534
-0.1015021568
-0.0140397147
-0.0185584718
-0.1015021568
-0.1015021568
-0.057136442
-1.96746e-05
-0.027190285100000003
-0.1015021568
-0.1015021568
-0.1015021568
-0.0450188486
-1.0454400000000001e-05
-0.0936556577
-0.1015021568
-0.1015021568
-0.09031015290000001
-0.0018979213000000002
-0.0061675636
-0.10007400590000001
-0.1015021568
-0.1015021568
-0.1015021568
-0.0108293669
-0.1015021568
-0.1015021568
-0.1015021568
-0.00042043870000000005
-0.1015021568
-0.1015021568
-0.1015021568
-2.6402200000000003e-05
-0.0011952501000000002
-0.0828566981
-0.1015021568
-0.1015021568
-0.1015021568
-0.046889387600000006
-1.02971e-05
3.872e-07
-0.1015021568
-0.1015021568
-0.1015021568
3.63e-08
-1.58147e-05
-0.0986684941
-0.1015021568
-0.1015021568
-0.1015021568
-0.0008355171000000001
-0.1015021568
-0.1015021568
-0.1015021568
-0.00023690590000000002
-0.1015021568
-0.1015021568
-0.1015021568
-0.010080437400000001
-0.001005389
-0.1015021568
-0.1015021568
-0.1015021568
-0.1015021568
-0.049306483600000006
-1.0345500000000001e-05
-0.0899594707
-0.1015021568
-0.1015021568
-0.1015021568
-0.0377624302
-1.0272900000000001e-05
-0.044265502600000006
-0.1015021568
-0.1015021568
-0.1015021568
-0.0843983833
-0.0087325579
-0.1015021568
-0.1015021568
-0.0740986092
-0.06742090960000001
-0.1015021568
-0.1015021568
-0.1015021568
-0.0110379588
-0.021872734400000003
-0.1015021568
-0.1015021568
-0.1015021568
-0.051112868400000004
-1.02487e-05
-0.08801216930000001
-0.1015021568
-0.1015021568
-0.1015021568
-0.0394849499
-1.1519200000000001e-05
-0.0956801934
-0.1015021568
-0.1015021568
-0.1015021568
-0.0858440792
-0.0012504624
-0.1015021568
-0.1015021568
-0.1015021568
-0.0004275777
-0.1015021568
-0.1015021568
-0.1015021568
-9.598930000000001e-05
-0.07645456390000001
-0.1015021568
-0.1015021568
-0.1015021568
-0.054698558200000004
-1.47257e-05
-0.029132444
-0.1015021568
-0.1015021568
-0.1015021568
-0.0434087742
-1.0127700000000001e-05
-0.0398788049
-0.1015021568
-0.1015021568
-0.1015021568
-0.1015021568
-0.0326200875
-2.97176e-05
-0.1015021568
-0.1015021568
-0.0802671771
-0.06340079350000001
-0.1015021568
-0.0707192486
-7.744e-07
-0.1015021568
-0.1015021568
-0.1015021568
-0.100114432
-3.91556e-05
-0.0299022944
-0.1015021568
-0.1015021568
-0.1015021568
-0.0068686618
-0.0032593649
-0.1015021568
-0.1015021568
-0.1015021568
-0.0860342912
-0.0003964928
-0.0059935656
-0.1015021568
-0.1015021568
-0.0004832982
-0.0001065768
-0.1015021568
-0.1015021568
-0.0001744941
-0.0723479328
-0.1015021568
-0.1015021568
-3.6820300000000004e-05
-0.0012730652000000002
-0.1015021568
-0.1015021568
-0.1015021568
-0.09843455270000001
-0.005226038400000001
-0.0028194331
-0.1015021568
-0.1015021568
-0.1015021568
-0.0915913856
-1.01882e-05
-0.0466271201
-0.1015021568
-0.1015021568
-0.1015021568
-0.0009825926
-0.1015021568
-0.1015021568
-0.1015021568
-0.0162084824
-0.1015021568
-0.1015021568
-0.0117025513
-0.024209438000000003
-0.1015021568
-0.1015021568
-0.1015021568
-0.09982783140000001
-1.09626e-05
-0.0338805687
-0.1015021568
-0.1015021568
-0.1015021568
-0.0031044849
-0.0049799244
-0.09690910570000001
-0.1015021568
-0.1015021568
-0.1015021568
-0.08591521510000001
-1.01519e-05
-0.0089859077
-0.1015021568
-0.1015021568
-0.0759443432
-0.014681184100000001
-0.1015021568
-0.1015021568
-6.95387e-05
-0.07859345670000001
-0.1015021568
-0.1015021568
-0.1015021568
-0.0999562729
-1.18701e-05
-0.0315570904
-0.1015021568
-0.1015021568
-0.1015021568
-0.0409635578
-1.01398e-05
-0.0421802854
-0.1015021568
-0.1015021568
-0.1015021568
-0.1015021568
-0.001379037
-4.27735e-05
-0.1009220586
-0.1015021568
-0.07751232170000001
-1.01398e-05
-0.1015021568
-0.1015021568
-0.0665872317
-0.0007033609000000001
-0.1015021568
-0.1015021568
-0.1015021568
-0.10066478840000001
-0.0074484696
-0.0017457517
-0.1015021568
-0.1015021568
-0.1015021568
-0.1015021568
-0.0037256384000000004
-0.0037245252000000003
-0.1015021568
-0.1015021568
-0.1015021568
-0.1015021568
-0.0015809134000000001
-3.03105e-05
-0.09944117590000001
-0.1015021568
-0.1015021568
-0.0214892733
-0.00015722740000000002
-0.1015021568
-0.1015021568
-0.00011835010000000001
-0.018615608000000002
-0.1015021568
-0.1015021568
-0.1009634769
-0.0079474494
-1.01156e-05
-0.0837221627
-0.1015021568
-0.1015021568
-0.1015021568
-0.0443523564
-1.02608e-05
-0.09204547440000001
-0.1015021568
-0.1015021568
-0.1015021568
-0.0888398214
-1.01519e-05
-0.0062875109
-0.1015021568
-0.1015021568
-0.0798193682
-0.0001168013
-0.059984431100000006
-0.1015021568
-0.06955406700000001
-0.0171166721
-0.1015021568
-0.1015021568
-0.10141750520000001
-0.0087035663
-0.0012405162000000002
-0.0815271864
-0.1015021568
-0.1015021568
-0.1015021568
8.470000000000001e-08
-1.01761e-05
-0.0900517574
-0.1015021568
-0.1015021568
-0.1015021568
-0.033791718400000004
-1.6540700000000002e-05
-0.0968760122
-0.1015021568
-0.1015021568
-0.1015021568
-8.073120000000001e-05
-0.1015021568
-0.1015021568
-0.015659953100000002
-0.0686841133
-0.1015021568
-0.1015021568
-3.29725e-05
-0.023332950300000002
4.84e-08
-0.1015021568
-0.1015021568
-0.047386564500000006
-1.00672e-05
-0.0884876509
-0.1015021568
-0.1015021568
-0.1015021568
-0.0024070288
-0.0048524388
-0.1015021568
-0.1015021568
-0.1015021568
-0.1015021568
-1.01156e-05
-0.1015021568
-0.1015021568
9.922e-07
-0.0142710062
-0.1015021568
-0.1015021568
-4.17329e-05
-0.0766993106
-0.1015021568
-0.1015021568
-0.1015021568
-0.045941183200000006
-1.0055100000000001e-05
-0.0854594565
-0.1015021568
-0.1015021568
-0.1015021568
-0.0020328847000000002
-0.040111572600000006
-0.1015021568
-0.1015021568
-0.1015021568
-0.0790211917
-1.0043e-05
-0.050885630400000006
-0.1015021568
-0.1015021568
-0.014487995500000002
-0.0002029291
-0.1015021568
-0.101079044
-1.00067e-05
0.0003964928
-0.1015021568
-0.1015021568
-0.0052650246
-1.01035e-05
-0.0841879522
-0.1015021568
-0.1015021568
-0.1015021568
-0.0027328697
-0.0037134053000000005
-0.1015021568
-0.1015021568
-0.1015021568
-0.1015021568
-0.027720628100000002
-3.18593e-05
-0.09873122050000001
-0.1015021568
-0.1015021568
-0.1015021568
-0.012008330400000001
-0.1015021568
-0.1015021568
-0.06501714780000001
-0.018533812
-0.1015021568
-0.1015021568
-0.1015021568
-0.0993840034
-1.01156e-05
-0.08275056900000001
-0.1015021568
-0.1015021568
-0.0507510784
-0.0406636109
-1.02971e-05
-0.09106821790000001
-0.1015021568
-0.1015021568
-0.1015021568
-0.030628149200000003
-1.0055100000000001e-05
-0.0479360255
-0.1015021568
-0.1015021568
-0.1015021568
-0.0777925456
-0.059547596900000006
-0.1015021568
-0.1015021568
-0.1015021568
-0.00044037950000000003
-0.1015021568
-0.1015021568
-0.1015021568
-0.0572404294
-0.0012271336
-0.1015021568
-0.1015021568
-0.1015021568
-0.09611674930000001
-1.00067e-05
-0.0028043807000000002
-0.1015021568
-0.1015021568
-0.1015021568
2.7636400000000002e-05
-0.0022281908
-0.0055869814000000005
-0.0967071446
-0.1015021568
-0.1015021568
-0.1015021568
-0.08134869930000001
-0.057484994600000006
-0.1015021568
-0.1015021568
-0.0162500822
-0.0687440688
-0.1015021568
-0.1015021447
-0.1015021568
-0.0094586305
-0.023160658400000003
-0.1015021568
-0.1015021568
-0.1015021568
-0.048886444200000004
7.623000000000001e-07
-0.032851112800000005
-0.1015021568
-0.1015021568
-0.1015021568
-0.0349776394
-1.3842400000000002e-05
-0.0435697405
-0.1015021568
-0.1015021568
-0.1015021568
-0.0818891821
-1.0018800000000001e-05
-0.1015021568
-0.1015021568
-0.1015021568
-0.0002625942
-0.1015021568
-0.1015021568
-0.1015021568
-0.1015021568
-1.00067e-05
-0.1015021568
-0.1015021568
-0.1015021568
-0.0481597182
-9.982500000000001e-06
-0.0305850611
-0.1015021568
-0.1015021568
-0.1015021568
-0.0368447541
-9.9946e-06
-0.0410461887
-0.1015021568
-0.1015021568
-0.1015021568
-0.1015021568
-0.026799890700000002
-9.9946e-06
-0.1015021568
-0.1015021568
-0.07312568450000001
-0.06369464200000001
-0.1015021568
-0.0619554485
-0.0006888772
-0.1015021568
-0.1015021568
-0.1015021568
-0.0986762139
-1.1954800000000001e-05
-0.0289017212
-0.1015021568
-0.1014905408
-0.1015021568
-0.041921442200000006
-0.0038814501000000003
-0.1015021568
-0.1015021568
-0.1015021568
-0.1015021568
-0.0316376764
-3.5102100000000004e-05
-0.0988701527
-0.1015021568
-0.07870256240000001
-9.946200000000001e-06
-0.0123157309
-0.1015021568
-0.1015021568
-1.0018800000000001e-05
-0.019966645600000003
-0.1015021568
-0.1015021568
-0.1015021568
-3.4811700000000004e-05
-0.028626978600000002
-0.1015021568
-0.1015021568
-0.1015021568
-0.0977484101
-1.01156e-05
-0.0035247542000000002
-0.1015021568
-0.1015021568
-0.1015021568
-0.1015021568
-0.0019785799
-2.5603600000000003e-05
-0.09772487560000001
-0.1015021568
-0.1015021568
-0.0801379007
-0.011150621900000001
-0.1015021568
-0.1015021568
-0.06999894770000001
-0.017484790400000002
-0.1015021568
-0.1015021568
-0.1015021568
-0.1009003754
-1.0055100000000001e-05
-0.0812048061
-0.1015021568
-0.1015021568
-0.1015021568
-0.046895304500000005
-1.00309e-05
-0.08975054
-0.1015021568
-0.1015021568
-0.1015021568
-0.035717046200000005
-9.9341e-06
-0.0462535447
-0.1015021568
-0.1015021568
-0.1015021568
3.751e-07
-0.057495763600000006
-0.1015021568
-0.1015021568
-0.0166669877
-0.06899980230000001
-0.1015021568
-0.1015021568
-0.060464196100000006
-9.922000000000001e-06
-0.023888775900000003
-0.1015021568
-0.1015021568
-0.1015021568
-0.0971207226
-1.01882e-05
-0.0025355066
-0.1015021568
-0.1015021568
-0.1015021568
-0.1015021568
-0.0025624896
-1.4459500000000001e-05
-0.0950260311
-0.1015021568
-0.1015021568
-0.1015021568
-6.986540000000001e-05
-0.1015021568
-0.1015021568
-0.1015021568
-0.014970120000000002
-0.1015021568
-0.1015021568
-0.1015021568
-0.0658890012
-9.958300000000001e-06
-0.1015021568
-0.1015021568
-0.1015021568
0.0004125616
-0.0057837879
-0.0021229934000000002
-0.1015021568
-0.1015021568
-0.1015021568
-0.1015021568
-0.0027709
0.0031025126
-0.09329570690000001
-0.1015021568
-0.1015021568
-0.1015021568
-0.0828879161
-0.0521876267
-0.1015021568
-0.1015021568
-0.0189692305
-0.0640529472
2.42e-08
-0.1015021568
-0.1015021568
-0.012317945200000001
-0.0204928262
-0.1015021568
-0.1015021568
-0.1015021568
-0.053168259100000004
-9.9946e-06
-0.0842969853
-0.1015021568
-0.1015021568
-0.1015021568
-0.0393537859
-9.8978e-06
-0.0389386107
-0.1015021568
-0.1015021568
-0.09852846080000001
-0.0854744726
-9.8978e-06
-0.1015021568
-0.1015021568
-0.1015021568
-0.000180774
-0.1015021568
0.0003964928
-0.1015021568
-0.0666706249
-0.0006159142
-0.1015021568
-0.1015021568
-0.1015021568
-0.09986805180000001
-1.7678100000000003e-05
-0.027366158600000003
-0.1015021568
-0.1015021568
-0.1015021568
-0.0431935757
-1.00067e-05
-0.0371534977
-0.1015021568
-0.1015021568
-0.1015021568
-0.1015021568
-0.0017669146
-0.006519225900000001
-0.1015021568
-0.1015021568
-0.1015021568
-0.0001403479
-0.1015021568
-0.1015021568
-0.1015021568
-0.014407518400000001
-0.0005067843
-0.1015021568
-0.1015021568
-0.1015021568
-0.0088778789
-0.0013840827
-0.1015021568
-0.1015021568
-0.1015021568
-0.1015021568
-0.004948295
-0.0031161856000000003
-0.08987350020000001
-0.1015021568
-0.1015021568
-0.1015021568
-0.0899494519
-0.0022931557
-0.0059498967
-0.1015021568
-0.1015021568
-0.0244640341
-0.057555840100000005
-0.1015021568
-0.1015021568
-9.946200000000001e-06
-0.06787712800000001
-0.1015021568
-0.1015019753
-0.1015021568
-0.0552554607
-0.1015021568
-0.1015021568
-0.0035286746
-0.0024317370000000002
-0.1015021568
-0.1015021568
-0.1015021568
-0.07771258880000001
-0.030463105200000003
-9.922000000000001e-06
-0.042176994200000005
-0.1015021568
-0.1015021568
-0.017544213500000003
-9.9341e-06
-0.1015021568
-0.1015021568
-0.0682643522
-9.982500000000001e-06
-0.014369609100000002
-0.1015021568
-0.1015021568
-0.1015021568
-4.57017e-05
-0.0216401966
-0.1015021568
-0.1015021568
-0.1015021568
-0.0485488784
-1.03939e-05
-0.0305793136
-0.1015021568
-0.1015021568
-0.1015021568
-0.0909031255
-0.0026587814000000004
-0.0043819666
-0.0932085022
-0.1015021568
-0.1015021568
-0.0011049115
-0.008029269600000001
-0.1015021568
-0.1015021568
-9.9946e-06
-0.1015021568
-0.1015021568
-0.1015021568
-0.1015021568
-0.0116789321
-0.0007321710000000001
-0.07441553240000001
-0.1015021568
-0.1015021568
-0.1015021568
-0.0060051453000000005
-0.0017766551
-0.1015021568
-0.1015021568
-0.1015021568
-0.1015021568
-0.0352789052
-1.05028e-05
-0.0374201454
-0.1015021568
-0.1015021568
-0.08090080570000001
-3.04557e-05
-0.0481725926
-0.1015021568
-0.1015021568
-0.00016114780000000002
-0.0594407902
-0.1015021568
-0.1015021568
-0.1015021568
-6.2315e-05
-0.0703282976
-0.1015021568
-0.1015021568
-0.1015021568
-0.0492013104
-9.9946e-06
-0.025760416
-0.1015021568
-0.1015021568
-0.1015021568
-0.09081106870000001
-0.0024285184000000003
-0.0031303547000000004
-0.1015021568
-0.1015021568
-0.1015021568
-0.1015021568
-0.005986329800000001
-0.1015021568
-0.1015021568
-0.0727094082
-0.0102597836
-0.1015021568
-0.1015021568
-0.1015021568
-7.629050000000001e-05
-0.0004385645
-0.1015021568
-0.1015021568
-0.1015021568
-0.1015021568
-0.006372694900000001
-0.0011908578
-0.0782593152
-0.1015021568
-0.1015021568
-0.1015021568
-0.0032284494
-9.9704e-06
-0.0870526514
-0.1015021568
-0.1015021568
-0.1015021568
-0.028656635700000002
-0.043160058700000004
-0.1015021568
-0.1015021568
-0.0741355868
-0.0090706319
-0.1015021568
-0.1015021568
-0.1015021568
-0.0609739207
-0.00031498720000000004
-0.1015021568
-0.1015021568
-0.1015021568
-0.1015021568
-0.07979401870000001
-0.0008779155
-9.9704e-06
-0.020564071
-0.1015021568
-0.1015021568
-0.1015021568
-0.0015437906000000002
-0.0017787363
-0.1015021568
-0.1015021568
-0.1015021568
-0.0959040555
-0.005082665500000001
-1.15071e-05
-0.0881039841
-0.1015021568
-0.1015021568
-0.0215450664
-0.0986876242
-0.1015021568
-0.1015021568
-0.000282656
-0.1015021568
-0.1015021568
-0.1015021568
-9.946200000000001e-06
-0.0755008177
-0.1015021568
-0.1015021568
-0.1015021568
-0.0070739746000000004
-0.0020581737
-0.1015021568
-0.1015021568
-0.1015021568
-0.0943851546
-9.946200000000001e-06
-0.0406273714
-0.1015021568
-0.1015021568
-0.1015021568
-0.1015021568
0.0015858865
-0.09871080780000001
-0.1015021568
-0.1015021568
-0.0006867476
-0.1015021568
-0.1015021568
-0.00018064090000000001
-0.07468854470000001
-0.1015021568
-0.1015021568
-0.1015021568
-0.062361754400000004
-9.946200000000001e-06
-0.08499659520000001
-0.1015021568
-0.1015021568
-0.1008529071
-0.008180689000000001
-0.0051037679
-0.1015021568
-0.1015021568
-0.1015021568
-0.1015021568
-0.0038471708000000003
-0.0524304737
-0.1015021568
-0.1015021568
-9.909900000000001e-06
-0.012530893100000001
-0.1015021568
-0.1015021568
-9.9946e-06
-0.1015021568
-0.1015021568
-0.1015021568
-0.0130524999
-0.0015396040000000002
-0.0828880371
-0.1015021568
-0.1015021568
-0.099549967
-1.11804e-05
-0.0033251647
-0.1015021568
-0.1015021568
-0.1015021568
-0.0952644737
-9.946200000000001e-06
-0.006470099900000001
-0.1015021568
-0.1015021568
-0.1015021568
-0.0881415667
-0.059519670100000005
-0.1015021568
-0.1015021568
-0.00042368150000000003
-0.1015021568
-0.1015021568
-0.06553539080000001
-0.0012620542000000002
-0.1015021568
-0.1015021568
-0.1015021568
-0.1015021568
-0.0068264691
-0.0027613289000000003
-0.1015021568
-0.1015021568
-0.1015021568
-0.0393381406
-9.958300000000001e-06
-0.043898013500000006
-0.1015021568
-0.1015021568
-0.1015021568
-0.024388881
-0.008945106500000001
-0.1015021568
-0.1015021568
-0.013955414000000001
-0.0636626859
-0.1015021568
-0.09840374610000001
-1.00067e-05
-0.1015021568
-0.1015021568
-0.1015021568
-0.09357781840000001
-9.8978e-06
-0.030112568200000002
-0.1015021568
-0.1015021568
-0.1015021568
-0.034410609200000004
-1.3201100000000001e-05
-0.0923845043
-0.1015021568
-0.1015021568
-0.1015021568
-0.0250905963
-5.9265800000000004e-05
-0.09816601740000001
-0.1015021568
-0.1015021568
-9.982500000000001e-06
-0.013462024400000001
-0.1015021568
-0.010873689200000002
-0.0728422662
-0.1015021568
-0.1015021568
-0.0016626852000000002
-9.909900000000001e-06
-0.017295062400000002
-0.0594877382
-0.055432858800000005
-1.0164000000000001e-05
-9.958300000000001e-06
-0.0026142292
-0.0773240699
-0.1015021568
-0.1015021568
-0.09837715030000001
1.815e-07
-2.96571e-05
-0.0895775342
-0.1015021568
-0.1015021568
-0.006662320500000001
-0.0977673587
-0.1015021568
1.23904e-05
-9.9946e-06
-0.1015021568
-0.1015021568
-0.1015021568
-0.028397925600000002
-0.021596951200000002
-0.1015021568
-0.1015021568
-0.1015021568
-0.0009902519
-0.0028895889
-0.1015021568
-0.1015021568
-0.1015021568
-0.0737760474
-9.8615e-06
-0.041270208100000004
-0.1015021568
-0.1015021568
-0.1015021568
-0.06278158810000001
-9.9704e-06
-0.09744749520000001
-0.1015021568
-0.1015021568
-2.53616e-05
-0.1015021568
-0.1015021568
-0.042865871400000005
-0.0012059586
-0.1015021568
-0.1015021568
-0.1015021568
-0.1015021568
-0.0020549067000000002
-0.0026771855
-0.1015021568
-0.1015021568
-0.1015021568
-0.0787619492
-9.946200000000001e-06
0.040519887100000006
-0.1015021568
-0.1015021568
-0.1015021568
-0.0691304823
-9.922000000000001e-06
-0.0975116857
-0.1015021568
-0.0587156251
-9.922000000000001e-06
-0.1015021568
-0.1015021568
-0.0057922942
-0.021719887200000003
-0.1015021568
-0.1015021568
-0.09039652270000001
-0.0030158766
-0.0024404732000000004
-0.1015021568
-0.1015021568
-0.1015021568
-0.0786101547
-9.909900000000001e-06
-0.0403936962
-0.1015021568
-0.1015021568
-0.1015021568
-0.07340563010000001
-7.800870000000001e-05
-0.0980331836
-0.1015021568
-0.1015021568
-0.06389252540000001
-0.0142469272
-0.1015021568
-0.1015021568
-9.946200000000001e-06
-0.1015021568
-0.1015021568
-0.09388991370000001
-9.9341e-06
-0.08425380040000001
-0.1015021568
-0.1015021568
-0.1015021568
-0.0335479276
-1.3515700000000002e-05
-0.0920978553
-0.1015021568
-0.1015021568
-0.1015021568
-0.0246662009
-6.25449e-05
-0.0516744899
-0.1015021568
-0.1015021568
-0.1015021568
-0.0169285534
-0.1015021568
-0.1015021568
-0.1015021568
-9.946200000000001e-06
-0.1015021568
-0.1015021568
-0.1015021568
-0.0495102476
-9.909900000000001e-06
-0.1015021568
-0.1015021568
-0.1015021568
-0.0910831856
-9.9704e-06
-0.039323318100000004
-0.1015021568
-0.1015021568
-0.1015021568
-0.08373934470000001
-0.0012682373
-0.007650491200000001
-0.09754974020000001
-0.1015021568
-0.1015021568
-0.0507510784
-0.020011113100000002
-0.012630972200000002
-0.1015021568
-0.1015021568
-0.1015021568
-0.0195636793
-0.1015021568
-0.1015021568
-0.0075880431000000005
-0.027894940700000002
-0.1015021568
-0.1015021568
-0.1015021568
-0.1015021568
-0.0040074595
-0.0036371269000000004
-0.1015021568
-0.1015021568
-0.1015021568
-0.1015021568
-0.0018929845
-3.36138e-05
-0.0970147145
-0.1015021568
-0.1015021568
-0.1015021568
-0.0236356923
-0.00016733090000000002
-0.1015021568
-0.1015021568
-0.1015021568
-9.909900000000001e-06
-0.1015021568
-0.1015021568
-0.10041526220000001
-0.0092788971
-0.0014905385000000002
-0.1015021568
-0.1015021568
-0.1015021568
-0.0471589756
-1.0164000000000001e-05
-0.0893717616
-0.1015021568
-0.1015021568
-0.1015021568
-0.0023035012
3.751e-07
-0.09603214610000001
-0.1015021568
-0.1015021568
-0.1015021568
-0.0812117999
-9.922000000000001e-06
-0.010761498000000001
-0.1015021568
-0.1015021568
-0.07133991810000001
-0.00046676960000000006
-0.1015021568
-0.1015021568
-0.0101967184
-9.8978e-06
-0.1015021568
-0.1015021568
-0.1015021568
-0.0489123019
-9.9946e-06
-0.0878635329
-0.1015021568
-0.1015021568
-0.1015021568
-0.037603762900000004
-1.85856e-05
-0.044423456
-0.1015021568
-0.1015021568
-0.1015021568
-0.08254196500000001
-0.0010233817
-0.0095484972
-0.1015021568
-0.1015021568
-0.0158398317
-9.958300000000001e-06
-0.1015021568
-0.09969958350000001
-9.9704e-06
-0.1015021568
-0.1015021568
-0.1015021568
-0.0340235302
-9.909900000000001e-06
-0.028841366400000002
-0.1015021568
-0.1015021568
-0.1015021568
-0.0012142592000000002
-0.004414636600000001
-0.1015021568
-0.1015021568
-0.1015021568
-0.077200904
-9.873600000000001e-06
-0.0080227235
-0.1015021568
-0.1015021568
-0.1015021568
-9.885700000000001e-06
-0.1015021568
-0.1015021568
-0.1015021568
-0.0008202711000000001
-0.1015021568
-0.1015021568
-0.0055043747
-0.028711981100000002
-0.1015021447
-0.1015021568
-0.1015021568
-0.1015021568
-0.0027520845000000003
-0.0388414356
-0.1015021568
-0.1015021568
-0.1015021568
-0.027692132600000002
-4.91865e-05
-0.0971792503
-0.1015021568
-0.1015021568
-0.1015021568
-9.9341e-06
-0.10132366970000001
-0.1015021568
-0.1015021568
-9.8978e-06
-0.1015021568
-0.1015021568
-0.0067069574000000005
-0.027068292900000002
-0.1015021568
-0.1015021568
-0.1015021568
-0.0924933317
-1.0623800000000002e-05
-0.0895292552
-0.1015021568
-0.1015021568
-0.08562358090000001
3.0855000000000004e-06
-0.047528921
-0.1015021568
-0.1015021568
-0.1015021568
-0.1015021568
-0.0005735884
-0.0001613656
-0.10070597680000001
-0.1015021568
-0.1015021568
-0.0001466399
-0.017682044600000002
-0.1015021568
-0.0997670652
-9.922000000000001e-06
-0.1015021568
-0.1015021568
-0.1015021568
-0.0950834093
-0.0046416568
-0.0031372154
-0.1015021568
-0.1015021568
-0.1015021568
-0.1015021568
-0.0021119219
-0.0060533517
-0.1015021568
-0.1015021568
-0.1015021568
-0.1015021568
-0.0250141122
-0.00012199220000000001
-0.10027222810000001
-0.1015021568
-0.0507510784
-0.00023320330000000002
-0.016315591600000002
-0.1015021568
-0.1015021568
-0.010456287600000001
-0.0240705542
-0.1015021568
-0.1015021568
-0.09691150150000001
-0.0056624007
-9.9946e-06
-0.08680412950000001
-0.1015021568
-0.0896073728
-0.1015021568
-0.0027317202
-1.75692e-05
-0.09404293030000001
-0.1015021568
-0.1015021568
-0.1015021568
-0.0832682191
-9.9704e-06
-0.0542860208
-0.1015021568
-0.1015021568
-0.1015021568
-9.909900000000001e-06
-0.0655542063
-0.1015021568
-0.1015021568
-9.946200000000001e-06
-0.1015021568
-0.1015021568
-0.1015021568
-0.0067750199
-0.0023172226
-0.08537098130000001
-0.1015021568
-0.1015021568
-0.1015021568
-0.0415761808
-9.958300000000001e-06
-0.041302757100000004
-0.1015021568
-0.1015021568
-0.1015021568
-0.0861431549
-0.0015068614
-0.008366351400000001
-0.053923020800000006
-0.1015021568
-0.1015021568
-0.0772094708
-0.06354676790000001
-0.1015021568
-0.1015021568
-0.06714968810000001
-0.020624558900000003
-0.1015021568
-0.1015021568
-0.09964176970000001
-1.55122e-05
-0.029233975100000004
-0.1015021568
-0.1015021568
-0.1015021568
-0.1015021568
-9.9704e-06
-0.0390288767
-0.1015021568
-0.1015021568
-0.1015021568
-0.0343755192
-9.909900000000001e-06
-0.0499723829
-0.1015021568
-0.1015021568
-0.1015021568
-0.1015021568
-0.0002009326
-0.10147892480000001
-0.1015021568
-0.1015021568
-0.018954129700000003
-0.1015021568
-0.1015021568
-2.6341700000000002e-05
-0.0817331042
-0.1015021568
-0.1015021568
-0.1015021568
-0.048098988300000006
-1.05512e-05
-0.08981381090000001
-0.1015021568
-0.1015021568
-0.1015021568
-0.0023612061000000003
-0.006542373200000001
-0.0963367152
-0.1015021568
-0.1015021568
-0.1015021568
-0.0009503703000000001
-0.011141111300000001
-0.1015021568
-0.1015021568
-0.000282656
-0.1015021568
-0.1015021568
-0.011593373
-0.0013729144000000002
-0.1015021568
-0.1015021568
-0.1015021568
-0.006531265400000001
-1.01156e-05
-0.08831072470000001
-0.1015021568
-0.1015021568
-0.09293264640000001
-9.9341e-06
1.452e-07
-0.1015021568
-0.1015021568
-0.1015021568
-0.0856610304
-9.922000000000001e-06
-0.056200083500000005
-0.1015021568
-0.1015021568
-0.0209601766
-0.00039979610000000004
-0.0673208426
-0.1015021568
-8.96005e-05
-0.1015021568
-0.1015021568
-0.09928376700000001
-9.9341e-06
-0.0323891106
-0.1015021568
-0.1015021568
-0.1015021568
-9.9704e-06
-0.093509163
-0.1015021568
-0.1015021568
-0.1015021568
-0.032066125300000005
-6.75301e-05
-0.053181423900000004
-0.1015021568
-0.1015021568
-0.1015021568
-0.0220883927
-0.0641803844
-0.1015021568
-0.1015021568
-0.014045038700000002
-0.0743828624
-0.1015021568
-0.1015021568
-0.1015021568
-0.0080011371
-0.0293856002
-0.1015021568
-0.1015021568
-0.1015021568
-0.044054877900000004
-1.17612e-05
-0.09127772940000001
-0.1015021568
-0.1015021568
-0.1015021568
-0.0326463566
-4.41771e-05
-0.049508904500000006
-0.1015021568
-0.1015021568
-0.0507510784
-0.0783278738
-0.0005952958000000001
-0.1015021568
-0.1015021568
-0.1015021568
-0.000138061
-0.1015021568
-0.1015021568
-0.056801562400000005
-9.9341e-06
-0.1015021568
-0.1015019753
-0.1015021568
-0.1015021568
-0.0452594934
-9.873600000000001e-06
-0.0363939807
-0.1015021568
-0.1015021568
-0.1015021568
-0.0348062066
-9.9704e-06
-0.046907404500000006
-0.1015021568
-0.1015021568
-0.1015021568
-0.1015021568
-0.0007536122
-0.010893230700000001
-0.1015021568
-0.1015021568
-0.06997236400000001
-0.0170321899
-0.1015021568
-0.1015021568
-0.0095121851
-0.0246448202
-0.1015021568
-0.1015021568
-0.1015021568
-0.047504200700000006
-9.9946e-06
-0.0871664761
-0.1015021568
-0.1015021568
-0.1015021568
-0.0024343869
-0.0056092696
-0.0942191426
-0.1015021568
-0.1015021568
-0.1015021568
-0.0821053486
-9.9946e-06
-0.054887124600000003
-0.1015021568
-0.1015021568
-0.0180784527
-0.00038964420000000004
-0.1015021568
-0.1015021568
-5.435320000000001e-05
-0.0761492446
-0.1015021568
-0.1015021568
-0.1015021568
-0.05138469490000001
-9.9704e-06
-0.08518656520000001
-0.1015021568
-0.1015021568
-0.1015021568
-0.0031906611
-0.0047729902000000005
-0.1015021568
-0.1015021568
-0.1015021568
-0.1015021568
-0.0299450316
-9.9341e-06
-0.052305529100000005
-0.1015021568
-0.1015021568
-0.00045639990000000005
-0.0138821727
-0.1015021568
-0.07771258880000001
-0.020777406100000003
-0.1015021568
-0.1015021568
-0.0992298857
-0.0077687324000000006
-9.909900000000001e-06
-0.0833758002
-0.1015021568
-0.1015021568
-0.0437551246
-1.2196800000000002e-05
-0.039252980800000004
-0.1015021568
-0.1015021568
-0.1015021568
-0.032923712800000005
-9.9341e-06
-0.050045309600000004
-0.1015021568
-0.1015021568
-0.1007587328
-0.00022121220000000002
-0.1015021568
-0.1015021568
-0.1015021568
-0.0718751616
-0.1015021568
-0.1015021568
-9.922000000000001e-06
-0.1015021568
-0.1015021568
-0.1015021568
-0.1015021568
-0.048171757700000005
-0.0036780733
-0.0899460034
-0.1015021568
-0.1015021568
-0.1015021568
-0.0023906454
-0.006859054400000001
-0.1015021568
-0.1015021568
-0.1015021568
-0.0837392237
-0.0001752322
-0.1015021568
-0.1015021568
-0.1015021568
-9.909900000000001e-06
-0.1015021568
-0.1015021568
-5.9362600000000007e-05
-0.0805320461
-0.1015021568
-0.1015021568
-0.1015021568
-0.051732957100000004
-1.0164000000000001e-05
-0.1015021568
-0.1015021568
-0.1015021568
-0.039804801300000005
-9.873600000000001e-06
-0.046175427100000006
-0.1015021568
-0.1015021568
-0.1015021568
-0.08518905780000001
-0.0012383019000000001
-0.010526866900000001
-0.10023723490000001
-0.1015021568
-0.1015021568
-0.00036268540000000004
-0.016428448300000002
-0.1015021568
-0.1015021568
-0.0012292511
-0.1015021568
-0.1015021568
-0.1015021568
-0.0548247975
-1.2027400000000001e-05
-0.034153121200000004
-0.10080829440000001
-0.1015021568
-0.1015021568
-0.0960037232
-9.922000000000001e-06
-0.0449489106
-0.1015021568
-0.1015021568
-0.1015021568
-0.1015021568
-0.0017047448
-0.009668795400000001
-0.1015021568
-0.1015021568
-0.1015021568
-9.8615e-06
-0.06662906140000001
-0.1015021568
-0.1015021568
-9.8978e-06
-0.07669679380000001
-0.1015021568
-0.1015021568
-0.1015021568
-0.008699537
-0.0024012087
-0.1015021568
-0.1015021568
-0.1015021568
-0.09548503250000001
-9.9704e-06
-0.0418821777
-0.1015021568
-0.1015021568
-0.1015021568
-0.0347780015
-9.8615e-06
-0.0528842479
-0.1015021568
-0.1015021568
-0.1015021568
-0.0002808773
-0.0640524995
-0.1015021568
-0.1015021568
-9.873600000000001e-06
-0.1015021568
-0.1015021568
-0.1015021568
-2.2106700000000003e-05
-0.0020264112
-0.0839038079
-0.1015021568
-0.1015021568
-0.1015021568
-0.0481432259
-1.1700700000000001e-05
-0.09161765470000001
-0.1015021568
-0.1015021568
-0.1015021568
-0.090548898
-9.922000000000001e-06
-0.007511873600000001
-0.1015021568
-0.1015021568
-0.1015021568
-0.026589157100000003
-0.1014014606
-0.1015021568
-0.1015021568
-0.017609614000000003
-0.0717858999
-0.1015021568
-0.1015021568
-0.1015021568
-0.010651109700000001
-0.0015657642000000002
-0.1015021568
-0.1015021568
-0.1015021568
-0.09724387640000001
-1.0043e-05
-0.036443385
-0.1015021568
-0.1015021568
-0.1015021568
-0.09095730930000001
-9.909900000000001e-06
-0.006424458700000001
-0.1015021568
-0.1015021568
-0.1015021568
-0.1015021568
-0.000987844
-0.1015021568
-0.1015021568
-0.1015021568
-9.909900000000001e-06
-0.1015021568
-0.1015021568
0.0253707355
-0.0239662401
-0.1015021568
-0.1015021568
-0.1015021568
-0.09397140720000001
-9.9704e-06
-0.0839324365
-0.1015021568
-0.10149944640000001
-0.1015021568
-0.0016434946
-1.80169e-05
-0.0928005749
-0.1015021568
-0.1015021568
-0.1015021568
-0.026741375100000003
-0.0094355437
-0.1015021568
-0.1015021568
-0.0188778271
-0.0149863461
-0.1015021568
-0.1015021568
-6.65137e-05
-0.0010289840000000001
-0.1015021568
-0.1015021568
-0.1015021568
-1.1519200000000001e-05
-0.031021157200000003
-0.1015021568
-0.1015021568
-0.1015021568
-0.0417222641
-1.3745600000000001e-05
-0.0922837234
-0.1015021568
-0.1015021568
-0.1015021568
-0.0312584382
-6.43236e-05
-0.09805760140000001
-0.1015021568
-0.1015021568
-0.0005338399
-0.0135381939
-0.1015021568
-0.1015021568
-0.0204035524
-0.1015021568
-0.1015021568
-0.0587042995
-2.03764e-05
-0.028136674500000004
-0.1015021568
-0.1015021568
-0.1015021568
-0.0394984898
-1.09989e-05
-0.0886837677
-0.1015021568
-0.1015021568
-0.1015021568
-0.0276177781
-9.885700000000001e-06
-0.0465052247
-0.1015021568
-0.1015021568
-0.1015021568
-0.0005301252000000001
-0.1015021568
-0.1015021568
-0.1015021568
-0.00019518510000000002
-0.1015021568
-0.1015021568
-0.1015021568
-0.1015021568
-0.0098277047
-0.0262357645
-0.1015021568
-0.1015021568
-0.1015021568
-0.047798436400000005
-1.0381800000000001e-05
-0.0884616238
-0.1015021568
-0.1015021568
-0.1015021568
-0.036821957700000005
-9.946200000000001e-06
-0.046057234300000006
-0.1015021568
-0.1015021568
-0.1015021568
-0.1015021568
-0.0106787461
-0.1015021568
-0.1015021568
-0.1015021568
-0.0004901831000000001
-0.1015021568
-0.1015021568
-0.0619248234
-0.0012842577
-0.1015021568
-0.1015021568
-0.1015021568
-0.1015021568
-0.050424559900000006
-9.946200000000001e-06
-0.08665119760000001
-0.1015021568
-0.1015021568
-0.1015021568
-0.0394025489
-1.91422e-05
-0.043589874900000006
-0.1015021568
-0.1015021568
-0.1015021568
-0.0844727136
-9.873600000000001e-06
-0.1015021568
-0.1015021568
-0.1015021568
-9.873600000000001e-06
-0.1015021568
-0.1015021568
-0.1015021568
-0.0654653439
-9.8252e-06
-0.1015021568
-0.1015021568
-0.1015021568
-0.09855341100000001
-1.20153e-05
-0.0310759702
-0.1015021568
-0.1015021568
-0.1015021568
-0.042340997600000006
-9.8978e-06
-0.0410676904
-0.1015021568
-0.1015021568
-0.1015021568
-0.1015021568
-0.0313789784
-6.584820000000001e-05
-0.1015021568
1.23904e-05
-0.1015021568
-0.0002760131
-0.1015021568
-0.1015021568
-0.1015021568
-0.0001134254
-0.020367373400000003
-0.1015021568
-0.1015021568
-0.1015021568
-0.008087022900000001
-0.0019712957000000003
-0.1015021568
-0.1015021568
-0.1015021568
-0.1015021568
-0.0042027414
-1.16523e-05
-0.0905277351
-0.1015021568
-0.1015021568
-0.1015021568
-0.0126877696
-9.8252e-06
-0.1015021568
-0.1015021568
-0.0797859964
-0.000200618
-0.1015021568
-0.1015021568
-0.0001810402
-0.0707910258
-0.1015021568
-0.1015021568
-0.1015021568
-0.058341335800000005
-9.8978e-06
-0.1015021568
-0.1015021568
-0.1015021568
-0.04684925190000001
-9.9946e-06
-0.0888192998
-0.1015021568
-0.1015021568
-0.1015021568
-0.089268476
-9.8978e-06
-0.0463971112
-0.1015021568
-0.1015021568
-9.946200000000001e-06
-0.010850626600000001
-0.1015021568
-0.1015021568
-0.0005003592
-0.1015021568
-0.1015021568
-0.061485303000000005
-9.9704e-06
-0.024554130700000003
-0.1015021568
-0.1015021568
-0.1015021568
-0.050011695800000006
-9.982500000000001e-06
-0.08690757240000001
-0.1015021568
-0.1015021568
-0.1015021568
-0.036688373700000006
-2.01465e-05
-0.0930897891
-0.1015021568
-0.1015021568
-0.1015021568
-8.834210000000001e-05
-0.1015021568
-0.1015021568
-0.012265794200000001
-0.0627114081
-0.1015021568
-0.0996957962
-2.9850700000000002e-05
-0.0744237967
-0.1015021568
-0.1015021568
-0.1015021568
-0.0483351319
-9.958300000000001e-06
-0.0840119819
-0.1015021568
-0.1015021568
-0.09062691880000001
-0.0028013799
-0.0047105784
-0.0917988522
-0.1015021568
-0.1015021568
-0.1015021568
-0.028186695900000003
-9.9341e-06
-0.0977503219
-0.1015021568
-0.1015021568
-0.00038785340000000004
-0.1015021568
-0.1015021568
-0.1015021568
-9.909900000000001e-06
-0.1015021568
-0.1015021568
-0.0126877696
-0.1015021568
-0.054003026
-9.8978e-06
-0.08298173950000001
-0.1015021568
-0.1015021568
-0.1015021568
-0.0428827509
-1.1809600000000001e-05
-0.0387356332
-0.1015021568
-0.1015021568
-0.1015021568
-0.1015021568
-0.0017154533000000001
-0.007515019600000001
-0.1015021568
-0.1015021568
-0.0227873734
-9.958300000000001e-06
-0.1015021568
-0.1015021568
-0.014935925400000001
-0.0006751316
-0.1015021568
-0.1015021568
-0.1015021568
-0.1001128832
-0.0089976084
-0.0017039099
-0.1015021568
-0.1015021568
-0.1015021568
-0.09563709320000001
-9.946200000000001e-06
-0.0035424444
-0.1015021568
-0.1015021568
-0.1015021568
-0.1015021568
-0.0357662448
-3.25611e-05
-0.0473976481
-0.1015021568
-0.1015021568
-0.025528023400000002
-9.9341e-06
-0.1015021568
-0.1015021568
-0.0169256373
-0.0005608108000000001
-0.0691727476
-0.1015021568
-0.1015021568
-0.06073489730000001
-9.946200000000001e-06
-0.0253234487
-0.1015021568
-0.1015021568
-0.1015021568
-0.049412540100000006
-1.01035e-05
-0.0345108577
-0.1015021568
-0.1015021568
-0.1015021568
-0.09103482190000001
-0.0027081252
-0.005847530700000001
-0.1015021568
-0.1015021568
-0.028043093100000003
-9.922000000000001e-06
-0.09971657190000001
-0.1015021568
-0.07469814000000001
-9.9341e-06
-0.015848955100000003
-0.1015021568
-0.1015021568
-0.1015021568
-6.256910000000001e-05
-0.0011516538000000002
-0.1015021568
-0.1015021568
-0.1015021568
-0.0986386434
-1.1519200000000001e-05
-0.032414532700000005
-0.0507510784
-0.1015021568
-0.1015021568
-0.09361621170000001
-9.8978e-06
-0.0051997935
-0.1015021568
-0.1015021568
-0.08662632
-8.229210000000001e-05
-0.0536960006
-0.1015021568
-0.0005122051
-0.1015021447
-0.1015021568
-0.1015021568
-9.9341e-06
-0.0217231179
-0.1015021568
-0.1015021568
-0.1015021568
-0.0996631746
-1.5197600000000002e-05
-0.030129229900000002
-0.1015021568
-0.1015021568
-0.1015021568
-0.044011644600000004
-9.9341e-06
-0.0399380707
-0.1015021568
-0.1015021568
-0.10147892480000001
-0.035607335500000004
-0.09772463360000001
-0.1015021568
-0.1015021568
-0.024246718100000002
-0.062028496200000005
-0.1015021568
-0.1015021568
-0.00019306760000000001
-0.019981141400000003
-0.1015021568
-0.1015021568
-0.1015021568
-0.1015021568
-0.0101125629
-0.0018507555
-0.1015021568
-0.1015021568
-0.1015021568
-0.09697864440000001
-0.0054609962
-0.0038553988
-0.0906675264
-0.1015021568
-0.1015021568
-0.1015021568
-0.09131256530000001
-9.9341e-06
-0.1015021568
-0.1015021568
-0.1015021568
-1.0018800000000001e-05
-0.1015021568
-0.1015021568
-0.1015021568
-0.0192595942
-0.0006165192
-0.1015021568
-0.1015021568
-0.1015021568
-0.0646996922
-9.9704e-06
-0.08084652510000001
-0.0570949632
-0.1015021568
-0.1015021568
-0.0066954624
-1.0309200000000001e-05
-0.08923011900000001
-0.1015021568
-0.1015021568
-0.1015021568
-0.041406974400000005
-2.50833e-05
-0.1015021568
-0.1015021568
-0.0857037555
-0.00012554960000000002
-0.1015021568
-0.1015021568
-0.1015021568
-0.020663436200000003
-0.016658275700000003
-0.1015021568
-0.1015021568
-0.1015021568
-0.0661650022
-9.9341e-06
-0.0784072256
-0.1015021568
-0.1015021568
-0.1015021568
-0.0072785009
-9.946200000000001e-06
-0.08707500010000001
-0.1015021568
-0.1015021568
-0.1015021568
-0.09379223040000001
-9.9704e-06
-0.0438998769
-0.1015021568
-0.1015021568
-0.0870049169
-0.054829661700000004
-0.1015021568
-0.1015021568
-9.909900000000001e-06
-0.06587160140000001
-0.1015021568
-0.1015021568
0.0063438848
-0.0684264317
-9.885700000000001e-06
-0.0763689927
-0.1015021568
-0.1015021568
-0.1015021568
-0.05722477200000001
-9.982500000000001e-06
-0.031615739100000005
-0.1015021568
-0.1015021568
-0.1015021568
0.013484711900000002
-0.0044037829
-0.0048254074000000004
-0.1015021568
-0.1015021568
-0.0346795801
-9.909900000000001e-06
-0.1015021568
-0.1015021568
-0.0243935516
-9.9341e-06
-0.013761680900000002
-0.1015021568
-0.1015021568
-0.1015021568
-0.0001605307
-0.0207138569
-0.1015021568
-0.1015021568
-0.1015021568
-0.10037273070000001
-2.2191400000000002e-05
-0.029183941600000003
-0.1015021568
-0.1015021568
-0.1015021568
-0.1015021568
-0.0049219896
-1.17612e-05
-0.09119052470000001
-0.1015021568
-0.1015021568
-0.0022509509
-4.6209900000000006e-05
-0.1015021568
-0.1015021568
-0.0007763965
-0.0002102254
-0.1011720809
-0.1015021568
-0.1015021568
-0.0160836709
-0.0006693478000000001
-0.1015021568
-0.1015021568
-0.1015021568
-0.1015021568
-0.009961446
-0.0016830737
-0.1015021568
-0.1015021568
-0.1015021568
-0.1015021568
-0.0483150217
-9.9704e-06
-0.036544359500000005
-0.1015021568
-0.1015021568
-0.08986552630000001
-2.9753900000000003e-05
-0.0955919602
-0.1015021568
-0.0820688066
-0.00014829760000000002
-0.0579831758
-0.1015021568
-0.1015021568
-0.1015021568
-0.000258335
-0.0171488339
-0.1015021568
-0.1015021568
-0.1015021568
-0.061483149200000003
-3.9567e-05
-0.024764029400000002
-0.1015021568
-0.1015021568
-0.1015021568
-0.0968496826
-1.0127700000000001e-05
-0.033699685800000004
-0.1015021568
-0.1015021568
-0.1015021568
-9.8373e-06
-0.0055144177
-0.1015021568
-0.1015021568
-0.0010494814
-0.054345105100000006
-0.1015021568
-0.1015021568
-0.07319448510000001
-9.873600000000001e-06
-0.015086243700000002
-0.1015021568
-0.1015021568
-0.1015021568
-0.10138345580000001
-5.64344e-05
-0.0222031975
-0.1015021568
-0.1015021568
-0.1015021568
-0.1015021568
-0.0064629851000000006
-0.0023637592
-0.08455590110000001
-0.1015021568
-0.1015021568
-0.1015021568
-1.46894e-05
-0.0923343256
-0.1015021568
-0.1015021568
-0.0085094218
-0.1015021568
-0.1015021568
-0.1015021568
-0.1015021568
-9.8252e-06
-0.0628014684
-0.1015021568
-0.1015021568
-0.1015021568
-0.0665526136
-9.873600000000001e-06
-0.0735707951
-0.1015021568
-0.1015021568
-0.1015021568
-0.0556366712
-9.885700000000001e-06
-0.029286549600000003
-0.1015021568
-0.1015021568
-0.1015021568
-0.044272653700000004
-0.039083713900000004
-0.1015021568
-0.1015021568
-0.08752461190000001
-0.007650914700000001
-0.1015021568
-0.1015021568
-0.1015021568
-9.922000000000001e-06
-0.012563684100000002
-0.1015021568
-0.1015021568
-0.1015021568
-0.1015021568
-0.0001540209
-0.0007103184000000001
-0.1015021568
-0.1015021568
-0.1015021568
-0.1015021568
-0.0091443088
-9.9946e-06
-0.0811091919
-0.1015021568
-0.1015021568
-0.1015021568
-0.09559860310000001
-0.0367423881
-0.1015021568
-0.1015021568
-0.0355224056
-0.0470614133
-0.1015021568
-0.1015021568
-0.0808444197
-0.0001638582
-0.05797266090000001
-0.1015021568
-0.1015021568
-0.1015021568
-0.0708598022
-0.0002118226
-0.0174398389
-0.1015021568
-0.1015021568
-0.1015021568
-0.059035742700000005
-9.9341e-06
-0.07840544690000001
-0.1015021568
-0.1015021568
-0.1015021568
-0.0950489364
-0.0030350188000000003
-0.1015021568
-0.1015021568
-0.1015021568
-2.1840500000000002e-05
-0.1015021568
-0.1015021568
-0.0819538687
-9.946200000000001e-06
-0.055261958400000005
-0.1015021568
-0.1015021568
-0.1015021568
-0.0738496154
-9.9341e-06
-0.0664646708
-0.1015021568
-0.1015021568
-0.1015021568
-0.0635601021
-5.8564000000000004e-05
-0.023298671
-0.1015021568
-0.1015021568
-0.1015021568
-0.1015021568
-0.0522347562
-0.08552656310000001
-0.1015021568
-0.1015021568
-0.0034924472
-0.09316471230000001
-0.1015021568
-0.1015021568
-9.885700000000001e-06
-0.0537614374
-0.1015021568
-0.1015021568
-0.1015021568
-0.023420505900000003
-9.8978e-06
-0.0645792488
-0.1015021568
-0.1015021568
-0.1015021568
-0.015444500500000001
-9.982500000000001e-06
-0.0751070474
-0.1015021568
-0.1015021568
-0.1015021568
-0.10071875440000001
-2.29295e-05
-0.030611354400000002
-0.1015021568
-0.1015021568
-0.049368883300000006
-0.0407803396
-0.1015021568
-0.1015021568
-0.0024800886000000003
-0.051653484300000004
-0.1015021568
-0.1015021568
-0.1015021568
-0.1015021568
-0.0275814539
-9.885700000000001e-06
-0.013512445100000001
-0.1015021568
-0.1015021568
-0.1015021568
-0.1015021568
-9.9341e-06
-0.0730355879
-0.1015021568
-0.1015021568
-0.1015021568
-4.0522900000000005e-05
-0.0019468658000000002
-0.1015021568
-0.1015021568
-0.1015021568
-0.09792240810000001
-1.02487e-05
-0.1015021568
-0.1015021568
-0.1015021568
-4.2797700000000005e-05
-0.1015021568
-0.1015021568
-0.08598099070000001
-9.946200000000001e-06
-0.10098198990000001
-0.1015021568
-0.1015021568
-0.0208122783
-0.0183955332
-0.1015021568
-0.1015021568
-0.1015021568
-0.0664840671
-9.9704e-06
-0.0801812429
-0.1015021568
-0.1015021568
-0.1015021568
-0.055303993800000006
-1.07206e-05
-0.08860381090000001
-0.1015021568
-0.1015021568
-0.0036291046000000004
-0.0064176101
-0.1015021568
-0.0015461501
-0.0571204337
-0.1015021568
-0.1015021568
-0.022488358200000003
-9.9341e-06
-0.016999713500000003
-0.1015014308
-0.1015021568
-0.1015021568
-0.06839124490000001
-9.982500000000001e-06
-0.0778651093
-0.1015021568
-0.1015021568
-0.1015021568
-0.057226937900000004
-1.01035e-05
-0.08650858700000001
-0.1015021568
-0.1015021568
-0.045395449000000004
-0.09363405920000001
-0.1015021568
-0.1015021568
-0.0018344205000000002
-0.0988934815
-0.1015021568
-0.1015021568
-0.0006323339000000001
-0.1015021568
-0.1015021568
-0.1015021568
-0.1015021568
-0.0001384966
-0.022580173000000002
-0.1015021568
-0.1015021568
-0.1015021568
-0.10015889950000001
-1.8694500000000002e-05
-0.031308677400000005
-0.1015021568
-0.1015021568
-0.1015021568
-0.09570870100000001
-9.9704e-06
-0.0921542776
-0.1015021568
-0.1015021568
-9.885700000000001e-06
-0.1015021568
-0.1015021568
-9.9341e-06
-0.1015021568
-0.1015021568
-0.1015021568
-0.1015021568
-0.0172388337
-0.0009203018
-0.1015021568
-0.1015021568
-0.1015021568
-0.061267648200000004
-9.946200000000001e-06
-0.08253666520000001
-0.1015021568
-0.1015021568
-0.1015021568
-0.0497321374
-1.33947e-05
-0.1015021568
-0.1015021568
-0.09098585320000001
-5.4558900000000004e-05
-0.0966603055
-0.1015021568
-0.08333048570000001
-0.012553145000000002
-0.1015021568
-0.1015021568
-0.07419995880000001
-9.9704e-06
-0.0191210492
-0.1015021568
-0.1015021568
-0.1015021568
-0.0638542047
-9.9704e-06
-0.080565914
-0.1015021568
-0.1015021568
-0.1015021568
-0.052561916
-1.1410300000000002e-05
-0.0890122222
-0.1015021568
-0.1015021568
-0.1015021568
-3.84901e-05
-0.1015021568
-0.1015021568
-0.0304739831
-0.1015021568
-0.1015021568
-0.0209600435
-0.0005882052
-0.1015021568
-0.1015021568
-0.1015021568
-0.1015021568
-0.0132081422
-0.0014704525
-0.1015021568
-0.1015021568
-0.1015021568
-0.09881417810000001
-1.2305700000000001e-05
-0.0342339492
-0.1015021568
-0.1015021568
-0.1015021568
-0.0037447322000000003
-0.005870302900000001
-0.1015021568
-0.1015021568
-0.032477489000000005
0.07402172580000001
-0.1015021568
-0.1015021568
-0.022734992500000002
-0.00043690680000000004
-0.1015021568
-0.1015021568
-0.1015021568
-0.0001153977
-0.0227585028
-0.1015021568
-0.1015021568
-0.1015021568
-0.057526255600000006
-9.9704e-06
-0.08482289970000001
-0.1015021568
-0.1015021568
-0.1015021568
-0.0459270383
-1.6625400000000002e-05
-0.09230950850000001
-0.1015021568
-0.1015021568
-0.0019878606
-0.0088183106
-0.1015021568
-0.1015021568
-9.946200000000001e-06
-0.1015021568
-0.1015021568
-0.1015021568
-0.0707168891
-0.00017457880000000002
-0.0009202534
-0.1015021568
-0.1015021568
-0.1015021568
-0.0597340458
-9.9341e-06
-0.0824823967
-0.1015021568
-0.1015021568
-0.1015021568
-0.09620140090000001
-1.3092200000000001e-05
-0.0902896071
-0.1015021568
-0.1015021568
-0.00247808
-0.048915218
-0.1015021568
-0.1015021568
-9.885700000000001e-06
-0.1008550851
-0.1015021568
-0.1015021568
-9.9341e-06
-0.018834823700000003
-0.1015021568
-0.1015019753
-0.1015021568
-0.0625912309
-9.8978e-06
-0.0799701584
-0.1015021568
-0.1015021568
-0.1015021568
-0.0062032949000000006
-1.0986800000000001e-05
-0.0882056241
-0.1015021568
-0.1015021568
-0.1015021568
-0.0029904182000000004
-0.1015021568
-0.1015021568
-0.1015021568
-0.0001664476
-0.1015021568
-0.1015021568
-0.0003469796
-0.06781956830000001
-0.1015021568
-0.1015021568
-0.1015021568
-0.06486859610000001
-0.0014039509
-0.1015021568
-0.1015021568
-0.10150070480000001
-0.0535405882
-1.1168300000000001e-05
-0.0333790963
6.1952e-06
-0.1015021568
-0.1015021568
-0.0928387504
-9.873600000000001e-06
-0.043197931700000004
-0.1015021568
-0.1015021568
-0.030565701100000002
-0.0001153009
-0.1015021568
-0.1015021568
-0.07579679580000001
7.623000000000001e-07
-0.015029119600000002
-0.1015021568
-0.1015021568
-0.1015021568
-8.12394e-05
-0.0220101057
-0.1015021568
-0.1015021568
-0.1015021568
-0.0987391581
-1.2838100000000002e-05
-0.030688298300000003
-0.1015021568
-0.1015021568
-0.1015021568
-0.0933949027
-0.0037622046
7.502e-07
-0.0910898406
-0.1015021568
-0.0863712036
-9.885700000000001e-06
-0.0970312915
-0.1015021568
-0.0227249495
-9.9341e-06
-0.061804864
-0.1015021568
-0.1015021568
-0.1015021568
-0.0001372624
-0.0204124096
-0.1015021568
-0.1015021568
-0.1015021568
-0.0582047752
-9.909900000000001e-06
-0.0819824126
-0.1015021568
-0.1015021568
-0.1015021568
-0.09533354050000001
-9.873600000000001e-06
-0.038253145700000005
-0.1015021568
-0.1015021568
-0.0022301752
-5.31674e-05
-0.1015021568
-0.1015021568
-0.0008481858
-0.00023285240000000003
-0.0595336819
-0.1015021568
-0.1015021568
-0.0720634981
-9.885700000000001e-06
-0.0063438848
-0.1015021568
-0.1015021568
-0.1015021568
-0.0106050571
-9.958300000000001e-06
-0.079957526
-0.1015021568
4.84e-08
-0.1015021568
-0.05047878
-1.0091400000000001e-05
-0.0359894656
-0.1015021568
-0.1015021568
-0.1015021568
-3.7243800000000004e-05
-0.046451089300000005
-0.1015021568
-0.1015021568
-0.0001767689
-0.09990666290000001
-0.1015021568
-0.1015021568
-0.07513986260000001
-9.8615e-06
-0.0681739289
-0.1015021568
-0.1015021568
-0.1015021568
-0.06463033500000001
-9.8252e-06
-0.0781256344
-0.1015021568
-0.1015021568
-0.1015021568
-0.0533636741
-1.08658e-05
-0.0340673201
-0.1015021568
0.0126877696
-0.1015021568
-2.50712e-05
-0.0938877357
-0.1015021568
-0.053923020800000006
-0.0100954293
-0.1015021568
-0.1015021568
-0.07726167020000001
-0.00045014420000000005
-0.06597616960000001
-0.1015021568
-0.1015021568
-0.1015021568
-0.0136613961
-0.023158988600000003
-0.1015021568
-0.1015021568
-0.1015021568
-0.0559106757
-1.0055100000000001e-05
-0.0851366164
-0.1015021568
-0.1015021568
0.0063438848
-0.0945126523
-1.82226e-05
-0.1015021568
-0.1015021568
0.0423446518
-0.0528993971