-0.0016559576000000002
-0.033616788700000004
-0.0367060639
-0.0366298581
-0.019045024900000002
-0.0330882002
-0.0368342392
-0.036804666800000004
-0.0314214978
-0.0019802134000000003
-0.0175125478
-0.0363502029
-0.0362606871
-0.030892631000000004
-0.020002921400000002
-0.036419221300000006
-0.006874288300000001
-0.035329531600000005
-0.0359635837
-0.035891867
-0.035626683400000005
-0.0157222197
-0.0229889957
-0.0360418102
-0.036050957800000005
-0.035568361400000005
-0.024095504400000002
-0.004710941400000001
-0.0249220191
-0.0356133976
-0.035556515500000004
-0.0260689781
-0.026011091700000002
-0.035702550400000005
-0.0345224495
-0.007137560100000001
-0.035241395200000004
-0.015559208500000001
-0.035352860400000005
-0.0354144736
-0.0330147774
-0.0015112416000000002
-0.030359722800000002
-0.034941581400000005
-0.0207444336
-0.0305973426
-0.035111199200000005
-0.011219604000000001
-0.032125814600000004
-0.0346133084
-0.0348398809
-0.0348172902
-0.028450984100000003
-0.0019337736000000002
-0.0331871782
-0.034376523500000006
-0.0163519037
-0.0331376045
-0.034564436500000004
-0.0053993104
-0.033662127400000005
-0.0338069281
-0.034273492
-0.0343048431
-0.0218611426
-0.0050727435
-0.033788814400000006
-0.0338517344
-0.014318982700000002
-0.0337816996
-0.0340548208
-0.0076104765
-0.0336461917
-0.0143158125
-0.0338020881
-0.0313992701
-0.0015228697
-0.0296191181
-0.033408535600000004
-0.0309133704
-0.029457486300000002
-0.0335401352
-0.0293727621
-0.0141333566
-0.0331405569
-0.0174560892
-0.0333176041
-0.026921156900000003
-0.0021628387
-0.0320067385
-0.032945117700000005
-0.027124521600000003
-0.019641397600000002
-0.0331012319
-0.023704384000000002
-0.032378595700000005
-0.0327006493
-0.022263080400000003
-0.0328964031
-0.020340692900000002
-0.005499607300000001
-0.032469333600000004
-0.0325016406
-0.0223598562
-0.024703239000000002
-0.0326907878
-0.0163993841
-0.03236145
-0.030639571600000002
-0.0324583831
-0.0324869391
-0.0014822016
-0.028998509100000004
-0.032113690400000006
-0.032082375600000004
-0.0152833527
-0.0322639724
-0.0322722972
-0.0015882097000000002
-0.031920271900000005
-0.027619169600000004
-0.0320842027
-0.0319981717
-0.0024075612
-0.0310466398
-0.031735262900000005
-0.031520911400000004
-0.0195401327
-0.031903102
-0.0315619909
-0.0038424639000000003
-0.031571513600000004
-0.023293794700000002
-0.0317287047
-0.0308940709
-0.0025591379000000003
-0.024358074400000002
-0.031393692
-0.0304057754
-0.024546991700000003
-0.0315348869
-0.029827613200000002
-0.008474864200000001
-0.0311892141
-0.013954700100000002
-0.0313933169
-0.028515053600000003
-0.011552269300000001
-0.031103025800000003
-0.031037879400000003
-0.0165021978
-0.031227607400000003
-0.0312359806
-0.0083072792
-0.029570790700000002
-0.030794802500000003
-0.031053936100000002
-0.030928180800000003
-0.005791858600000001
-0.0183386874
-0.0307615759
-0.0307142286
-0.013315856400000001
-0.030887633700000004
-0.0309267046
-0.0038005011000000004
-0.0304301569
-0.030019591800000002
-0.030427204500000003
-0.0307721876
-0.017250231900000003
-0.006329836700000001
-0.030441530900000003
-0.0304132532
-0.0129397642
-0.030519575900000002
-0.0306356391
-0.0014767808
-0.030349752400000003
-0.028249821600000002
-0.0304594026
-0.0304807349
-0.0104160672
-0.0122053668
-0.030160375300000004
-0.030118557700000003
-0.0152526792
0.0006744782
-0.030305200200000004
-0.0017975760000000002
-0.0507510784
-0.025104608100000002
-0.030191206100000003
-0.0222678236
-0.0028699506000000002
-0.0294719579
-0.0298888029
-0.0295949544
-0.0200066482
-0.0300744774
-0.0295123719
-0.0045346807
-0.0297481162
-0.020851700100000002
-0.029941498400000002
-0.028767713700000003
-0.0018833650000000001
-0.029663876000000002
-0.0296160689
-0.018499798900000003
-0.024218101600000003
-0.029820135400000003
-0.027626707900000002
-0.0262427704
-0.029491729300000002
-0.0160547277
-0.029694113900000003
-0.009421205200000001
-0.012792833900000002
-0.029383385900000003
-0.029321930000000003
-0.0152474036
-0.0295692177
-0.0295104843
-0.0161244479
-0.0292713157
-0.012698248200000001
-0.0294826301
-0.021173390700000003
-0.0032547064
-0.028880352600000003
-0.029159172900000002
-0.0216883062
-0.0287870858
-0.029331900400000003
-0.0181078557
-0.022048583700000002
-0.0290322439
-0.0118202722
-0.0292307807
-0.014716104700000001
-0.0017164213000000002
-0.024363071700000002
-0.028942449800000002
-0.028924650700000002
-0.017332911200000002
-0.0242216832
-0.029129503700000003
-0.026617338
-0.010244102000000001
-0.0288313839
-0.0261652094
-0.025786455200000002
-0.029021837900000003
-0.024865947700000002
-0.0014689521000000002
-0.027308623100000002
-0.028723052600000003
-0.028647016200000004
-0.0133982574
-0.027056096100000003
-0.0289314872
-0.0225937976
-0.0022244035
-0.028644801900000003
-0.028409614200000002
-0.0177087977
-0.028807292800000002
-0.0197153044
-0.0036348642000000003
-0.028321877100000004
-0.028516771800000004
-0.028038991200000002
-0.0117940031
-0.0283108782
-0.0287111583
-0.0279146637
-0.0022400972
-0.028413220000000003
-0.028414502600000002
-0.011738040600000001
-0.028620940700000003
-0.013376937200000001
-0.0080890799
-0.024435466000000003
-0.028345012300000003
-0.028323389600000002
-0.0162358163
-0.028492559700000003
-0.028537995200000003
-0.0257121249
-0.0012242296
-0.028291312500000002
-0.0126877696
-0.0141544106
-0.0284328099
-0.023704771200000002
-0.0015557696
-0.027018356200000003
-0.0281555505
-0.02805869
-0.012872899600000001
-0.0268474195
-0.028348122000000003
-0.0282147074
-0.0049123096
-0.0275796389
-0.028051236400000002
-0.011918439500000001
-0.028259477400000003
-0.0184188741
-0.0030780827
-0.0199144462
-0.027993156400000004
-0.027968315100000002
-0.019617463800000002
-0.027822812600000003
-0.028170203600000002
-0.015572821
-0.0061005175
-0.027906157400000003
-0.026695310400000002
-0.022110257400000003
-0.0280932113
-0.0124773143
-0.0086136875
-0.027857007200000002
-0.0277907234
-0.015143827600000001
-0.023868702000000002
-0.027989526400000003
-0.028017671
-0.009551268100000001
-0.0258405059
-0.027721233100000003
-0.0132709291
-0.027920048200000002
-0.027896695200000002
-0.006783744
-0.0145294259
-0.027674357700000003
-0.0276433454
-0.0225472731
-0.015535044800000002
-0.027838820900000002
-0.027657587100000002
-0.0044057794
-0.027195403400000002
-0.027564973700000002
-0.0110867702
-0.027746425300000002
-0.027248219900000002
-0.0027545892
-0.0203086521
-0.027517505400000003
-0.0274954229
-0.0184780794
-0.0200275691
-0.0276714295
-0.0277111417
-0.0017712101
-0.0226897869
-0.027411920800000003
-0.0162684137
-0.027526507800000002
-0.02563264
-0.0012931633
-0.009142445400000001
-0.0274024344
-0.0273445964
-0.0249378822
-0.0122877073
-0.0275343486
-0.027552438100000003
-0.008522949600000001
-0.025720861100000002
-0.027276291900000003
-0.0128221401
-0.0274612646
-0.0274140746
-0.0057662066000000005
-0.0150774228
-0.027237547700000003
-0.027211302800000003
-0.0219441244
-0.0163159546
-0.027389124400000003
-0.027435588400000002
-0.0035357652000000002
-0.0179894572
-0.027142720000000002
-0.0203122095
-0.0273142738
-0.026597239900000003
-0.0020533216
-0.020532780400000002
-0.027091791100000002
-0.027073701600000003
-0.0263184196
-0.0209554939
-0.027256605200000002
-0.0273022706
-0.012688907000000001
-0.0227112644
-0.027009946700000002
-0.016253857400000002
-0.0271989366
-0.024590406500000002
-0.0098350494
-0.009582316700000001
-0.026988529700000003
-0.0269456352
-0.024504169800000003
-0.0131704991
-0.0271365369
-0.027157070600000003
-0.007099868600000001
-0.0255891526
-0.0268867445
-0.0230311763
-0.027069454500000003
-0.026977071000000002
-0.005012267700000001
-0.015645929200000002
-0.026847673600000004
-0.026829656700000003
-0.025772032
-0.026113808600000003
-0.0270192637
-0.0266810687
-0.0031910725000000003
-0.0265774927
-0.026764002100000003
-0.0108554666
-0.026967427300000003
-0.026164132500000003
-0.0019840007000000003
-0.020957369400000002
-0.0267207567
-0.0267097336
-0.017230932400000003
-0.0208915333
-0.026917744700000003
-0.025293380200000003
-0.0012528582
-0.0266963147
-0.0266575221
-0.015250912600000001
-0.026835827700000002
-0.0239938765
-0.0011001199
-0.0102127146
-0.026642348700000002
-0.0265960904
-0.023780372
-0.013148065700000001
-0.0267854917
-0.026776477200000003
-0.0066647889
-0.0254766347
-0.0265532201
-0.012137715700000001
-0.026726044400000003
-0.026593997100000002
-0.0044621049000000005
-0.016165128100000002
-0.026506187400000002
-0.0264914496
-0.0203581774
-0.0166105291
-0.026663947200000003
-0.0267055954
-0.0175323676
-0.0189400332
-0.026437120600000003
-0.0182926711
-0.0187687819
-0.0266610795
-0.0019195924
-0.021386278100000003
-0.026398715200000002
-0.026388164000000002
-0.0161345151
-0.0207768374
-0.0265721566
-0.026614966400000002
-0.011890585300000001
-0.0231934978
-0.026343527100000003
-0.0141196957
-0.0265371392
-0.023571997900000002
-0.0012084512
-0.010870156
-0.0263405263
-0.026296881600000002
-0.0231458964
-0.0242290037
-0.026486416000000002
-0.0264547382
-0.0060891314
-0.0253761321
-0.0262379304
-0.011511722200000001
-0.0264245245
-0.026252535100000002
-0.0040290943
-0.0166733402
-0.026208200700000003
-0.0261861182
-0.019755476400000003
-0.0172015052
-0.026360660700000003
-0.025905083600000003
-0.0026109259000000004
-0.0193471861
-0.026152722200000002
-0.017852969200000002
-0.0263276035
-0.025290076900000003
-0.0016292771000000002
-0.0215805799
-0.026133979300000002
-0.026108145800000003
-0.024763388100000002
-0.0211775773
-0.0262943406
-0.0263355532
-0.011037704700000001
-0.0233516206
-0.026082457500000003
-0.013605736100000002
-0.026240144700000002
-0.026279022000000003
-0.0083696668
-0.0116022181
-0.0260504046
-0.026011418400000003
-0.0223215476
-0.0130419608
-0.026204292400000002
-0.0261680045
-0.0060977466000000004
-0.0253183062
-0.025986068900000003
-0.0104142159
-0.0261503506
-0.0260076674
-0.004370169100000001
-0.017401615000000002
-0.025956218200000002
-0.0259363984
-0.025489860000000003
-0.0169072332
-0.026110033400000003
-0.0261542105
-0.0166025552
-0.0198783277
-0.025909125
-0.016521727200000003
-0.019017533700000002
-0.026115200100000003
-0.0017189623000000002
-0.0069056031
-0.0258911081
-0.0258494236
-0.0242268136
-0.0105412538
-0.0260373729
-0.026074072200000003
-0.0104435584
-0.023471797800000003
-0.0258266756
-0.023257664100000002
-0.0260020288
-0.026007752100000003
-0.007465808900000001
-0.0122019425
-0.024546580300000002
-0.025781615200000003
-0.025712391100000002
-0.0119387433
-0.025957718600000002
-0.025983624700000003
-0.020058121600000003
-0.0020176024
-0.025747577900000002
-0.025559011500000003
-0.016129554100000002
-0.025927226600000002
-0.0173775481
-0.0033085514000000004
-0.0254949541
-0.0256961892
-0.0252460571
-0.010602274100000001
-0.025532101100000003
-0.025899687
-0.0250949523
-0.0050083715
-0.0256711059
-0.025661208100000003
-0.0108102731
-0.0258650084
-0.011556238100000001
-0.0011965085000000002
-0.0220722029
-0.025627630600000003
-0.025618991200000003
-0.014919009600000002
-0.022028122600000002
0.005536718
-0.0258365613
-0.0010383857
-0.023516156400000002
-0.0255791943
-0.013288002200000001
-0.025773012100000003
-0.0212171806
-0.0013812634000000001
-0.012649134300000002
3.63e-08
-0.025473779100000003
-0.0119100421
-0.0257188767
-0.025759266500000003
-0.0041012345
-0.025069554400000003
-0.0255055658
-0.019771508900000002
-0.013480755200000001
-0.025301269400000003
-0.0036673648
-0.0253616
-0.0254796355
-0.0254833502
-0.0177662606
-0.025380197700000003
-0.025686811700000003
-0.0247843937
-0.0017056644
-0.025454394900000003
-0.025447655200000002
-0.010427501700000001
-0.025626880400000003
-0.023955930900000002
-0.0011885104000000002
-0.022376384800000003
-0.0254279201
-0.0254170301
-0.023431178100000002
-0.021978911900000002
-0.0256018697
-0.0256324222
-0.0084605136
-0.0236717624
-0.0253829928
-0.022275301400000003
-0.0233457884
-0.025541151900000003
-0.0060395940000000006
-0.0134680986
-0.025370166800000003
-0.0253452771
-0.020737113100000003
-0.0144967075
-0.0255228204
-0.0255616856
-0.018602745700000003
-0.016197761800000002
-0.025328433900000002
-0.025012793300000002
-0.0166917201
-0.025535186600000002
-0.0025348774
-0.0188839376
-0.025314652
-0.025301826000000003
-0.024584574300000002
-0.009906257900000002
-0.025475920800000003
-0.025517907800000003
-0.013480162300000001
-0.0061828701000000005
-0.0252834098
-0.0238963989
-0.020347831900000002
-0.0254787764
-0.0106517994
-0.0086896392
-0.025275641600000003
-0.025236038300000003
-0.0228660476
5.8564e-06
-0.0254099516
-0.0254424764
-0.0223615744
-0.0013070057
-0.025229068700000003
2.7104000000000003e-06
-0.0112761352
-0.0253932657
-0.020544577900000003
-0.0018489768
-0.0245358113
-0.025183778400000002
-0.0250060899
-0.010234313100000001
-0.024226970900000002
-0.025382787100000002
-0.0251928413
-0.0038416169000000003
-0.024924148700000003
-0.0251511931
-0.0182494015
-0.024822545
-0.0248248561
-0.0046259389
-0.0250916974
-0.025129788200000003
-0.025131482200000003
-0.0163350121
-0.018941860300000002
-0.0253326689
-0.024140927800000003
-0.0014451272000000001
-0.021275175900000002
-0.0250974207
-0.0235352986
-0.025232045300000002
-0.0253183062
-0.0011185119
-0.0227999332
-0.0250708128
-0.025055712
-0.022519915
-0.0117512659
-0.025258750000000003
-0.025267195800000003
-0.0070714699
-0.0119432324
4.3439e-05
-0.0249685436
-0.013424744300000001
-0.025236340800000003
-0.019605993000000002
-0.014722529800000002
-0.0250202469
-0.0248183826
-0.0103786298
-0.0243571185
-0.025221324700000002
2.8314e-06
-0.0033406164000000004
-0.0248309303
-0.025004287
-0.017873381900000002
-0.0248058591
-0.025228572600000002
-0.0020741699
-0.024962977600000002
-0.024972306700000002
-0.0240165882
-0.010044306800000001
0.022248088500000002
-0.025183524300000003
-0.0237724586
-0.0013097161
-0.021606667500000003
-0.024950563000000002
-0.0232970496
-0.021365429800000002
-0.0251656768
-0.0011100661
-0.023020358900000003
-0.024937083600000003
-0.0249180019
-0.0126871041
-0.0228108474
-0.025122407200000002
-0.025112485200000003
-0.0062462741
-0.0125584569
-0.0249102216
-0.024839109900000003
-0.014498982300000001
-0.0251063384
-0.0039913302000000005
-0.024469902600000003
-0.024880274100000002
-0.0248788705
-0.0196537154
-0.016574047600000003
-0.025052614400000003
-0.025104208800000003
-0.0024802459
-0.0178186536
-0.024875627700000003
-0.0244172918
-0.0108275156
-0.025075217200000003
-0.013091607100000001
-0.0200450778
-0.024858385200000003
-0.0248530733
-0.0239100356
-0.010951129200000001
-0.024965530700000002
-0.0250519126
-0.010404560100000002
-0.0077861201
-0.024862329800000003
-0.024825557900000003
-0.0116616049
-0.0249993986
-0.0250386631
-0.010359366600000001
-0.0248383234
-0.0248002447
-0.021884047900000002
-0.0127766562
-0.024986959800000003
-0.0250128054
-0.0203581169
-0.0015820024
-0.0239672202
-0.0247740119
-0.0110099836
-0.023842009400000003
-0.0249928646
-0.0025848383
-0.024774774200000002
-0.0247543978
-0.0244588916
-0.0101648712
-0.0243966613
-0.0249667649
-0.0245141281
-0.0040804225
-0.0246671447
-0.024739163900000003
-0.0170679091
-0.0185350099
-0.024963885100000003
-0.0015068977000000001
-0.0247442943
-0.0247206267
-0.0235249894
-0.010566300800000001
-0.020341068
-0.0249421535
-0.022935247500000002
-0.0010542609
-0.0220678348
-0.0247115275
-0.0227932661
-0.022054161800000003
-0.024907813700000003
-0.0072038439000000004
-0.023255461900000003
-0.0246851616
-0.0246529514
-0.012239452500000001
-0.023196619600000003
-0.0248772249
-0.0248194111
-0.0050639952
-0.013736803300000001
-0.024678627600000003
-0.0245443418
-0.0152096637
-0.0248332172
-0.024619555400000003
-0.0163735385
-0.0246554319
-0.0246385645
-0.0185323116
-0.0172222083
-0.0248168217
-0.024864798200000003
-0.0145166241
-0.004404158
-0.024568299800000002
-0.024620220900000003
-0.0168909345
-0.0246894208
-0.0248522989
-0.0064166663
-0.0246143282
-0.0246099722
-0.023439200400000002
-0.011613459000000001
-0.024773164900000002
-0.024821201900000003
-0.022255421100000002
-0.0009004699000000001
-0.024615417200000003
-0.024584368600000003
-0.022643625400000002
-0.022604518200000003
-0.024805205700000003
-0.0059899477000000005
-0.023349224800000002
-0.024569461400000003
-0.0214240906
-0.014252541600000002
-0.024750416900000002
-0.0247898387
-0.0185911902
-0.0018789485
-0.0239866044
-0.024562879000000003
-0.020127188400000003
-0.024103417800000002
-0.0247587296
-0.016014773500000003
-0.024339029
-0.0245394292
-0.018447817300000002
-0.0179708958
-0.024452248700000002
-0.0247407127
-0.023926043900000003
-0.0047223154000000005
-0.0244977447
-0.024523699200000002
-0.023818438600000002
-0.0198037554
-0.024732787200000002
-0.0107255852
6.776000000000001e-07
-0.024505089400000003
-0.0231774411
-0.0116925688
-0.0246773692
-0.0247195256
-0.021946617
-0.0009282152000000001
-0.022398854500000002
-0.0244983497
-0.022362554500000003
-0.013101045100000002
-0.024683322400000002
-0.019972986
-0.0234172994
-0.024467095400000003
-0.0210816727
-0.0146287185
-0.0235622332
-0.0246679191
-0.0245063236
-0.0036191221000000003
-0.0240049601
-0.0244588432
-0.0243049917
-0.0166650759
-0.0246574284
-0.0152748706
-0.017291263
-0.024447795900000003
-0.0240664644
-0.011094719900000001
-0.0244452549
-0.024654161400000003
-0.0236190306
-0.0013065943
-0.0195153882
-0.0244434762
-0.024436216200000003
-0.0114982428
-0.0246069714
-0.022639959100000003
-0.007352782800000001
-0.024416723100000003
-0.0244243219
-0.014745846500000001
-0.021859605900000002
-0.0246094156
-0.0246258837
-0.0069468762
-0.0226344415
-0.0244045505
-0.024391373600000002
-0.013765202
-0.024579456000000003
-0.024617534700000002
-0.0047464791
-0.023513458100000002
-0.0243731994
-0.015401787500000002
-0.0245878292
-0.0243477531
-0.0030861171000000002
-0.0240080577
-0.024380011700000002
-0.0193211953
-0.0241854921
-0.0245798069
-0.014354447800000001
-0.0038099633
0.0446567198
-0.024367960100000002
-0.011304328200000002
-0.024542938200000003
-0.0245905759
-0.005714346
-0.0243599499
-0.024352484200000003
-0.0158570016
-0.024502064400000002
-0.0245636171
-0.022214898200000003
-0.008003859600000001
-0.0243437843
-0.0227090622
-0.024520867800000002
-0.024551710700000003
-0.0206210499
-0.0009698634000000001
-0.0105238177
-0.0243511169
-0.0243221737
-0.0133052931
-0.023271046700000002
-0.024516136700000003
-0.018255584600000003
-0.0015456782
-0.0243209879
-0.0242502029
-0.016584877100000003
-0.0245106917
-0.0241047004
-0.0021839169
-0.0158301638
-0.1015021447
-0.024294004900000003
-0.019591521400000003
-0.018648350600000002
-0.0244777797
-0.0245243768
-0.0010931866
-0.0182059141
-0.024285426000000002
-0.0129573697
-0.0244713304
-0.0245177944
-0.008989997500000001
-0.0060840494
-0.0242829334
-0.0242810216
-0.0235362182
-0.0133209868
-0.0244555036
-0.024490508900000003
-0.020895598900000003
-0.0083706227
-0.024261068700000003
-0.0229000244
-0.0229253497
-0.0244754686
-0.018903200800000002
-0.000968484
-0.0109880584
-0.024260790400000003
-0.0242386232
-0.0140461882
-0.023657060900000002
-0.0244432584
-0.0242100067
-0.0017573919000000002
-0.023598049200000002
-0.0242293183
-0.013023096900000001
-0.0244368696
-0.023832535100000003
-0.0016457452000000002
-0.0029314549000000003
-0.023993029500000002
-0.024222360800000002
-0.0240180402
-0.0123767149
-0.024408313600000002
-0.024455902900000003
-0.0114195444
-0.0187314534
-0.024221162900000003
-0.023747205900000002
-0.024366738000000002
-0.024440136600000002
-0.0087949818
-0.0006701585000000001
-0.0206371792
-0.024207054300000003
-0.0242036542
-0.0157176701
-0.0243910469
-0.024422083400000003
-0.020860884
-0.0007305254
-0.024215488
-0.0241899086
-0.0227892126
-0.024410479500000002
-0.0190666718
-0.0033701888000000004
-0.011782943700000001
-0.0241962732
-0.0241786072
-0.0212796771
-0.015467163800000001
-0.024353016600000003
-0.024398452100000002
-0.0028896373
-0.023711595600000003
-0.024167898700000003
-0.019702998700000002
-0.024350741800000002
-0.0238307806
-0.0145373272
-0.0033589842000000003
-0.024007331700000002
-0.0241586422
-0.0238001676
-0.011176975700000001
-0.024170040400000002
-0.024366617
-0.0232340691
-0.0051673776
-0.0241603604
-0.023376522400000002
-0.0200948209
-0.024367343000000003
-0.022352862400000003
-0.0008562807000000001
-0.021098358600000002
-0.024159041500000002
-0.0241567788
-0.014425474800000001
-0.0215871865
-0.0243363186
-0.0243579413
-0.006915392
-0.022386270500000003
-0.024125827000000002
-0.012733798000000001
-0.024319330200000003
-0.0242849057
-0.0050149176
-0.012598193300000001
-0.024136717000000002
-0.024121906600000003
-0.0203410922
-0.0146402861
-0.0243046771
-0.024347523200000002
-0.0172240354
-0.015301381700000002
-0.024134103400000002
-0.0186931327
-0.0238332974
-0.024351625100000003
-0.0147719462
-0.0177611181
-0.024130957400000003
-0.023572360900000002
-0.0102365879
-0.0241177805
-0.0243311277
-0.0232516141
-0.0057115509
-0.0241191236
-0.0241179741
-0.0106652788
-0.0243239766
-0.022197462100000002
-0.0009165145000000001
-0.0214728899
-0.0241112102
-0.024105716800000003
-0.0134864543
-0.0216012709
-0.0242924319
-0.0243068793
-0.0010272053
-0.022606417900000002
-0.024089769
-0.013498723700000001
-0.0243099043
-0.0185853822
-0.0016093121000000001
-0.023381519700000002
-0.0240903256
-0.0239753514
-0.010935229800000001
-0.0234426247
-0.0242832964
-0.0240125952
-0.002693823
-0.023808189900000002
-0.024082859900000003
-0.0102495107
-0.0242877129
-0.023637785600000003
-0.0018400228
-0.018316048300000002
-0.0240873006
-0.0240777416
-0.016197665
-0.0186120385
-0.0242616979
-0.0243044593
-0.0113708782
-0.020313250100000003
-0.024065254400000003
-0.014377232100000002
-0.020294483000000002
-0.024288838200000003
-0.0087682166
-0.0087116854
-0.0240877362
-0.024055477600000003
-0.024049185600000002
-0.0117689561
-0.0242427614
-0.024276290500000002
-0.020432689200000003
-0.0012037564
-0.0240633547
-0.024001051800000003
-0.0133712381
-0.0242484242
-0.0184697062
-0.0019430301000000001
-0.0235171849
0.0055923659
-0.0240464752
-0.019044940200000002
-0.0234599519
-0.0242389257
-0.0239302789
-0.002843258
-0.023851870900000002
-0.0240342179
-0.0096681904
-0.023860982200000002
-0.0235006079
-0.0017281341000000001
-0.018912977600000002
-0.0240353311
-0.0507510784
-0.023108313800000002
-0.0099075042
-0.0242046827
-0.024248956600000003
-0.0108345699
0.0056952522000000005
-0.024021404000000003
-0.0224101922
-0.0204914226
-0.0242243089
-0.008356477800000001
-0.009529705900000001
-0.024039602400000002
-0.024007295400000003
-0.0239870642
1.815e-07
-0.024195172100000002
-0.0242195415
-0.0202619219
-0.0014285865
-0.0240198431
-0.023993634500000003
-0.0133043614
-0.0241948212
-0.0181670731
-0.0022924902
-0.0236133557
-0.0239979542
-0.023995473700000002
-0.018372894100000002
-0.015327457200000002
-0.0241904047
-0.0237904029
-0.0024735909
-0.0172988981
-0.023988056400000003
-0.016945953200000002
-0.023926709400000003
-0.0242013189
-0.0013249984000000001
-0.019413155300000002
-0.0239859268
-0.023975750700000003
-0.023098065100000002
-0.0110957363
-0.024160517700000002
-0.0242003993
-0.008432332700000001
-0.0073288248000000005
-0.0239651874
-0.0239691804
-0.022489471400000002
-0.024175485400000002
-0.0040570332
-0.0096143938
-0.023954478900000003
-0.0239391119
-0.0239481385
-0.016488960400000002
-0.0236278031
-0.0241799624
-0.013988822100000001
-0.0011727925000000001
-0.0227928547
-0.023934925300000003
-0.023602659300000002
-0.0241156993
-0.018094352100000002
-0.0013659932
-0.011547852800000001
-0.0238381374
-0.023880330100000003
-0.0239432985
-0.0240386949
-0.024094754200000002
-0.0027820683
-1.90091e-05
-0.013117864100000001
-0.023706356300000002
-0.023843727600000003
-0.023999999100000002
-0.0170519976
-7.28662e-05
-0.017015104700000002
-0.023742620000000002
-0.023817966700000002
-0.0238570981
-0.023956402800000002
-0.0240670815
-0.0209779031
-0.00011756360000000001
-0.0064827686
-0.0237980622
-0.0238694401
-0.0240260262
-0.0241100607
-0.0004405489
-0.0095087003
-0.0238326682
-0.023842674900000003
-0.023349382100000003
-0.0200971562
-0.024056131
-0.024110411600000003
-0.011593215700000001
-0.0014341041
-0.0230182414
-0.0238747641
-0.014372150100000002
-0.024068122100000002
-0.0233312079
-0.0026885958
-0.0235954235
-0.0238766517
-0.023609955600000003
-0.0107443039
-0.0237892292
-0.024101058300000002
-0.0233019622
-0.0015013317
-0.0184348824
-0.023883197800000002
-0.014945375500000002
-0.023848422400000003
-0.0241202368
-0.0017100567000000002
-0.0206671267
-0.0239130969
-0.023887444900000002
-0.0110456302
-0.0179434409
-0.0240845176
-0.024130691200000002
-0.0126035294
-0.0104082506
-0.0239389667
-0.023761532300000002
-0.0056972003
-0.024081311100000002
-0.0228834353
-0.014993654500000002
-0.0239245314
-0.0238924906
-0.014413653100000002
-0.0028249507000000004
-0.023949312200000003
-0.024099328000000003
-0.022929245900000002
-0.0089976447
-0.023910410700000002
-0.023881116600000002
-0.009004118200000001
-0.0239414472
-0.024102861200000002
-0.0135899456
-0.0239403098
-0.0238873481
-0.017975711600000003
-0.0001976414
-0.004704165400000001
-0.0240779352
-0.0240960368
-0.0161241817
-0.023497098900000003
-0.0238885339
-0.0143379192
-0.006374667200000001
-0.024073397700000002
-0.022347623100000002
-0.023811735200000003
-0.0238840932
-0.022527792100000003
-0.011397401400000002
-0.0005161981000000001
-0.021665400900000003
-0.0240736639
-0.0240488589
-0.0146764288
-0.0239084747
-0.023865919000000003
-0.0006223272000000001
-0.011341680900000001
-0.0240744141
-0.014248972100000002
-0.0238906756
-0.023873542
-0.020539665300000003
-0.0003494359
-0.014273680300000001
-0.024054122400000003
-0.0240792662
-0.0177695276
-0.022005144700000003
-0.023857981400000002
-0.019461301200000003
-0.0036092485000000004
-0.0240507223
-0.0153451716
-0.023902521500000003
-0.0238570981
-0.0180589233
-0.0046648162000000005
-0.0003076062
-0.0058758689
-0.019726956700000003
-0.024013490600000003
-0.024066476500000003
-0.0240625803
-0.0133814142
-0.0150582322
-0.0238856299
-0.023515878100000002
-0.0035370115000000002
-0.008593613600000001
-0.0240435591
-0.024051351500000002
-0.0240640202
-0.0239946751
-0.020354886200000002
-0.0114437081
-0.016126154
-0.0235020357
-0.023881249700000003
-0.023861200000000003
-0.023273745000000002
-0.0149363489
-0.0026999214000000002
-0.0013334926000000001
-0.012001276100000001
-0.0240353311
-0.0240521622
-0.023759947200000003
-0.0177894926
-0.009393822900000001
-0.023680002500000002
-0.0238388513
-0.013860779900000002
-0.0160002656
-0.023702097100000003
-0.0240299829
-0.024051847600000002
-0.0240621568
-0.0230789955
-0.014218540600000001
-0.0176029106
-0.023753280100000003
-0.023866862800000003
-0.023846534800000003
-0.023840012900000002
-0.022786332800000003
-0.0132865744
-0.0025182157
-0.006152293400000001
-0.0196264178
-0.0240292569
-0.024051617700000003
-0.024050565000000003
-0.009557487500000001
-0.018100716700000002
-0.0238571828
-0.023829268100000002
-0.0038184454000000003
-0.0221393458
-0.0240148337
-0.024023775600000002
-0.024043208200000003
-0.023928826900000002
-0.018792171200000003
-0.0057172742000000006
-0.005608253200000001
-0.019316924000000003
-0.023834035500000003
-0.0238380285
-0.023816877700000003
-0.0221079221
-0.0119686424
-0.0048477319
-0.023218641600000003
-0.024024380600000003
-0.0236186434
-0.0034160236000000004
-0.0207609622
-0.023821161100000002
-0.010448979200000002
-0.023705763400000003
-0.0240426879
-0.0025024373000000003
-0.0220364837
-0.023830429700000003
-0.023752759800000002
-0.0085655295
-0.0186475762
-0.0240031451
-0.0240408366
-0.0107873194
-0.0121873015
-0.023840678400000002
-0.0236125571
-0.0083371299
-0.0240004589
-0.0211400189
-0.014841545400000001
-0.023833708800000002
-0.023814264100000003
-0.0161106539
-0.0057918465
-0.021700285200000002
-0.024025518000000003
-0.0197892112
-0.0040313691
-0.0237225219
-0.0238088917
-0.013579733200000001
-0.023985805800000003
5.457100000000001e-06
-0.0059776662000000005
-0.0238316034
-0.0238034225
-0.0216000125
-0.0107235161
-0.013572799900000002
-0.023982163700000003
-0.0236677936
-0.0045993189000000005
-0.0215360398
-0.023819334
-0.0199082268
-0.0152240506
-0.0240054804
-0.0152545426
-0.022848538900000003
-0.0238092789
-0.0237984252
-0.0173433051
-0.0037596152
-0.023706428900000003
-0.024008602200000003
-0.0142357347
2.2832700000000002e-05
-0.023828009700000003
-0.023796223000000002
-0.0023973367
-0.023816708300000003
-0.024011627200000003
-0.0194097189
-0.023818269200000002
-0.0237824895
-0.0214315563
-0.0008341982
-0.018168912300000003
-0.023988939700000003
-0.024012268500000003
-0.014258882
-0.0218194944
-0.023789773700000003
-0.0058445904
-0.005544873400000001
-0.0239820427
-0.013997328400000002
-0.0238270901
-0.0238044994
-0.023406264200000002
-0.0030090159
-0.0066668217000000005
-0.023957818500000002
-0.023997857400000003
-0.0219738178
-0.0180520989
-0.023792302600000002
-0.022649518100000002
-0.0004947206
-0.0239759685
-0.023973851
-0.020345424
-0.0237904876
-0.0237697966
-0.0084375357
-0.0009505155
-0.0225577154
-0.0239837972
-0.023909842
-0.0217763821
-0.023803458800000003
-0.023706489400000003
-0.00012830840000000002
-0.012798170000000001
-0.0239802882
-0.019940957300000003
-0.023795497000000002
-0.0237746487
-0.0134872771
-3.0371e-05
-0.015585731700000001
-0.0239611944
-0.0239890486
-0.0209396066
-0.0507510784
-0.0237659004
-0.012649509400000002
-0.0044131725000000005
-0.023952397700000003
-0.0229423623
-0.023511848800000002
-0.023754974100000003
-0.014106857600000001
-0.0020737343000000004
-0.0068212903
-0.023940176700000003
-0.0239803487
-0.0123601742
-0.009588064200000001
-0.023969398200000002
-0.020489873800000002
-0.02369664
-0.0237604675
-0.022023560900000003
-0.0009276344
-0.012636671300000001
-0.023945730600000003
-0.023981002100000003
-0.018330169
-0.020493370700000003
-0.0237899552
-0.021474704900000002
-0.0031285881000000003
-0.023678635200000003
-0.0239810747
-0.0210042569
-0.023780722900000002
-0.0237477141
-0.0091103199
-0.006534726
-0.0239196672
-0.0239732702
-0.021326492000000002
-0.0098801461
-0.0237998167
0.0056022637
-0.009102551700000001
-0.0224370784
-0.0239684302
-0.006272192300000001
-0.0237994295
-0.023748561100000003
-0.0208079707
-0.0047416754
-0.0235094409
-0.023945089300000003
-0.0232316249
-0.0031497026
-0.021998768000000002
-0.0237509085
-0.0202836898
-0.018934297800000003
-0.0239186387
-0.022190674
-0.0227308059
-0.023731972
-0.023599791600000003
-0.0083861349
-0.020862783700000002
-0.023925100100000003
-0.0239424152
-0.008074717200000001
-0.0145091221
-0.0237518039
-0.023343634600000003
-0.0067013067
-0.023913931800000003
-0.0238993392
-0.0037966049
-0.0237489362
-0.0507510784
-0.014745011600000002
-0.012895199900000001
-0.023888521800000003
-0.0239357844
-0.017466095900000003
-0.0053131221000000005
-0.0237366668
-0.023726817400000003
-0.0132660407
-0.0234563461
-0.023918070000000003
-0.014364781200000001
-0.0237564019
-0.023721287700000003
-0.021727328700000003
-0.008085994400000001
-0.0237802631
-0.0239285002
-0.022448900100000002
-0.0015925899
-0.021774192
-0.0237232479
-0.023691545900000003
-0.0100230834
-0.0238932408
-0.0209059686
-0.011490256800000001
-0.0237130234
-0.023620760900000003
-0.010059722200000001
-0.022046865500000002
-0.023898722100000002
-0.023859167200000003
-0.0053588359
-0.014173855300000001
-0.023723453600000003
-0.023700076400000002
-0.0093260266
-0.023877365600000002
-0.023917549700000002
-0.0033675631
-0.0237112568
-0.0236966521
-0.0167556807
-0.0163801693
-0.0238739655
-0.023919570400000003
-0.0140960644
-0.0048849999
-0.023705412500000002
-0.023692126700000003
-0.0093779719
-0.0238846256
-0.0239197882
-0.0013548975
-0.023720404400000002
-0.023697208700000003
-0.012882204500000001
-0.019880529900000003
-0.0238746068
-0.0239009848
-0.009101886200000001
-0.009542979600000001
-0.0237220621
-0.0236855443
-0.0208792881
-0.021332106400000002
-0.023900295100000003
-0.0066185306
-0.0228148404
-0.023689658300000003
-0.0195720646
-0.012754706800000001
-0.02387088
-0.0239080391
-0.0184466678
-0.0022743765
-0.023308399400000002
-0.023694933900000003
-0.0180108258
-0.014728144200000001
-0.0238849281
-0.016067263300000002
-0.0171417191
-0.0236902028
-0.016231024700000003
-0.0167885564
-0.023562559900000002
-0.023902303700000002
-0.0231630663
-0.0017993184000000002
-0.0236959503
-0.0236834752
-0.0226123953
-0.018907447900000002
-0.023869694200000003
-0.0223519428
-0.0208728146
-0.023685822600000003
-0.0219059126
-0.0107255126
-0.023860232000000002
-0.0238801244
-0.023909842
-0.0076864766000000005
-0.009937100800000001
-0.0236948613
-0.0236638248
-0.0115829912
-0.0238697063
8.470000000000001e-08
-0.0015575846
-0.023695998700000002
-0.023570049800000003
-0.010299253800000002
-0.022729414400000002
-0.023878478800000002
-0.023897137000000002
-0.0175248777
-0.015373461400000002
-0.023696519000000003
-0.023681999000000002
-0.0176828069
-0.0233109041
-0.023889332500000002
-0.002406932
-0.0236195872
-0.023060797100000002
-0.009503461000000001
-0.0238957939
-0.0229287861
-0.0014666652
-0.0236969546
-0.0236798452
-0.0224545266
-0.0099159984
-0.0238678792
-0.023906405600000003
-0.0010679460000000002
-0.023694825000000003
-0.021627636800000002
-0.0109222102
-0.0209466004
-0.023872670800000002
-0.023890832900000002
-0.0071900983
-0.0107111741
-0.023705013200000003
-0.023676614500000002
-0.011235442900000002
-0.022172548200000003
-0.023893507
-0.0048749811
-0.0230731149
0.0007010498000000001
-0.019057984
-0.0142412644
-0.023854484500000002
-0.023895697100000002
-0.016830567600000002
-0.0028505906000000003
-0.0234462426
-0.0236704919
-0.0232873091
-0.0160608261
-0.0238823992
-0.023322701600000002
-0.0044504647
-0.023676638700000002
-0.0228597798
-0.009310829000000001
-0.0236831001
-0.023885533100000002
-0.023490819000000003
-0.0037150751000000004
-0.0209874621
-0.023704517100000003
-0.023674835800000002
-0.0063438848
-0.023737392800000003
-0.023906998500000002
-0.0016260948
-0.0237172463
-0.023654253700000002
-0.0110460416
-0.020709634
-0.023866753900000003
-0.023886271200000003
-0.007659179
-0.011735523800000001
-0.0237050253
-0.0236781512
-0.019623320200000002
-0.022087352100000002
-0.0238658222
-0.0189330394
-0.014300022
-0.023677134800000003
-0.018100934500000002
-0.014130307400000002
-0.0238519677
-0.023892768900000003
-0.0167600125
-0.0033326304
-0.0235317412
-0.023675670700000002
-0.023130614100000002
-0.008812236400000001
-0.023846559000000003
-0.023281597900000003
-0.0050894173
-0.0236894284
-0.0226039011
-0.0090153712
-0.0237030046
-0.023879858200000003
-0.022638906400000002
-0.0115141301
-0.0206988287
-0.023683438900000003
-0.0236675153
-0.012675391300000002
-0.020007471000000002
-0.0238753207
-0.008829854
-0.022029139000000003
-0.0236601827
-0.0111251514
-0.021396030700000002
-0.023858755800000003
-0.023857957200000002
-0.020106812
-0.0123388782
-0.023679687900000003
-0.0236603521
-0.0193349046
-0.012944047600000001
-0.0238584896
-0.0237570674
-0.014979630600000002
-0.0236678541
-0.0178476452
-0.014978190700000001
-0.023838343100000003
-0.0238797856
-0.0157223044
-0.0027342854
2.7346e-06
-0.0236596503
-0.0230497014
-0.009155815900000001
-0.0235628987
-0.023878696600000002
-0.0016463502
-0.0236716777
-0.023665022700000003
-0.009621181900000001
-0.0237598504
-0.0238710494
-0.0222666015
-0.0011623744
-0.021022261700000003
-0.023666716700000003
-0.0236558993
-0.012534123800000001
-0.020545606400000003
-0.023868556800000003
-0.0077313192000000005
-0.0222115223
-0.023657060900000002
-0.011272323700000001
-0.021891646700000003
-0.0238537706
-0.0238265819
-0.0055288893
-0.012991685300000002
-0.0236761184
-0.023656637400000003
-0.0191885067
-0.0137933224
-0.023848870100000003
-0.0172206716
-0.0026390947
-0.0236637643
-0.017582752
-0.015734041400000003
-0.023822516300000002
-0.0238675162
-0.014826517200000002
-0.0041125117
-0.0235810608
-0.0236432427
1.4278000000000001e-06
-0.0176912164
-0.0238192251
-0.023871061500000002
-0.0014131711
-0.0236676847
-0.022339346700000002
-0.0194653668
-0.0238342775
-0.023877172000000002
-0.0219233729
-0.001083676
-0.021335712200000002
-0.0236588517
-0.0236429886
-0.0110370755
-0.0238306112
-0.0238653866
-0.0069421693
-0.010975413900000001
-0.0236569883
-0.010968904100000001
-0.0238378349
-0.0238767364
-0.0238023335
-0.0048650107
-0.013628217900000001
-0.023672609400000003
-0.0236468848
-0.0099354552
-0.0229538331
-0.023841646400000003
-0.0236046437
-0.0029916524
-0.023651676400000002
-0.0170956302
-0.023405707600000002
-0.023836564400000003
-0.0232378201
-0.0019771642
-0.00461252
-0.023649329
-0.0236395522
-0.015116433200000001
-0.018136060800000003
-0.0238142278
-0.0225709044
-0.0012717584000000001
-0.0236493774
-0.021940554900000003
-0.019642535000000003
-0.023825686500000002
-0.023867528300000003
-0.0090224981
-0.009209455200000001
-0.0236867301
-0.0236482642
-0.0209175846
-0.0108696841
-0.023828070200000002
-0.0238438849
-0.006645332100000001
-0.0226799375
-0.0236464371
-0.0099776116
-0.023826206800000003
-0.0238570497
-0.018448458600000002
-0.0022061325
-0.0232322057
-0.023646316100000002
-0.023375469700000002
-0.0091195522
-0.0230248964
-0.023840617900000003
-0.0160361542
-0.0169703226
-0.023637592000000002
-0.016169072700000002
-0.0234678411
-0.0238382463
-0.0231103587
-0.0017944179
-0.0190775618
-0.0224018432
-0.0236408227
-0.0143250206
-0.0185468921
-0.023816296900000002
-0.022376421100000002
-0.0011932294
-0.0236675637
-0.0236294729
-0.0202138002
-0.0238192009
-0.023851955600000002
-0.0082282299
-0.0100051754
-0.0236648412
-0.0236280572
-0.0205342687
-0.0114559654
-0.023809896
-0.0238482772
-0.005822302200000001
-0.0228656362
-0.0236257219
-0.009702409200000001
-0.023809218400000002
-0.023841368100000003
-0.0177735811
-0.0025286338
-0.023326452600000002
-0.023627173900000003
-0.0232932502
-0.0090363405
-0.023174984800000003
-0.0238209675
-0.015327033700000001
-0.0176174306
-0.0236294124
-0.0229194328
-0.023546866200000002
-0.0238199995
-0.022882866600000003
-0.0015132502000000001
-0.019641615400000003
-0.023617264000000002
-0.023609713600000002
-0.0138844112
-0.019159164200000002
-0.023796356100000002
-0.023840254900000003
-0.0010978209
-0.023647284100000002
-0.0236043291
-0.0105122622
-0.023798885000000002
-0.023824791100000003
-0.0074272462
-0.0108125237
-0.0236358012
-0.023608673
-0.0201118456
-0.0119435349
-0.023801934200000003
-0.023829207600000003
-0.0051572983
-0.0230333664
0.0007014370000000001
-0.0094907802
-0.0238177852
-0.023624536100000003
-0.0034613744000000003
-0.016016189200000003
-0.023632171200000003
-0.023616102400000002
-0.0168502059
-0.0156723798
-0.0237904755
-0.023830453900000003
-0.014576277100000002
-0.018278139000000002
-0.0236093022
-0.015069291600000001
-0.023600711200000003
-0.0238236053
-0.011996399800000002
-0.0065156564
-0.0236319897
-0.023611819000000003
-0.021998816400000003
-0.0094664471
-0.023730290100000002
-0.023815462000000003
-0.0218256291
-0.0088690338
-0.023622648500000003
-0.0209955086
-0.020973135700000003
-0.023829631100000002
-0.0205077092
-0.001367179
-0.0225745102
-0.023621789400000003
-0.0235284379
-0.0123705076
-0.0237960657
-0.023831567100000003
-0.018659482600000003
-0.0142573574
-0.0236263269
-0.0180284192
-0.0141735044
-0.0238145061
-0.0164091851
-0.0033540474000000003
-0.023469886000000002
-0.0236056964
-0.023058849000000003
-0.0088669889
-0.0234021986
-0.0238070646
-0.0231551529
-0.005051471700000001
-0.023616538000000003
-0.023604183900000002
-0.0094175147
-0.0238079479
-0.0107715894
-0.0071966928000000005
-0.0205982777
-0.023608382600000002
-0.0235996101
-0.0131060545
-0.020287174600000003
-0.023808431900000003
-0.021219963600000002
-0.0010107735000000001
-0.0236353535
-0.0236013404
-0.011888431500000001
-0.0237944322
-0.0195221037
-0.0013995586000000002
-0.022709606700000003
-0.0236053092
-0.023594818500000003
-0.0196132167
-0.013497477400000001
-0.0238007363
-0.0236680114
-0.0037307446000000005
-0.014802764900000001
-0.0236036636
-0.0179081936
-0.0231658977
-0.0238156072
-0.0023721445000000002
-0.0172996241
-0.023606616
-0.023596851300000003
-0.022979763400000002
-0.0092483083
-0.0237771776
-0.023818353900000002
-0.012658814300000001
-0.0055911196000000005
-0.023603215900000002
-0.0235951452
-0.0098148303
-0.023803991200000003
-0.0098836309
-0.0078919346
-0.023618849100000002
-0.023587219700000002
-0.023586300100000002
-0.012506681
-0.023759076
-0.0238041485
-0.0208415966
-0.0010970586000000001
-0.0221376518
-0.0235881514
-0.0111927541
-0.023775338400000002
-0.023749928400000002
-0.0016297611
-0.0228948214
-0.0235944797
-0.023464186900000003
-0.010099446500000001
-0.0227784073
-0.0237800453
-0.0236050551
-0.0033607871
-0.023309403700000002
-0.0235880667
-0.017354679100000003
-0.023287018700000002
-0.023302676100000003
-0.0021167982
-0.0178656258
-0.023597129600000002
-0.023590692400000002
-0.0155085337
-0.017681209700000002
-0.0237654043
-0.023810259
-0.011937000900000001
-0.006142831200000001
-0.0235984969
-0.022221432200000002
-0.019518389
-0.023793294800000003
-0.0092167394
-0.0084877265
-0.0236267504
-0.023591515200000003
-0.021246063300000003
-0.010880271600000001
-0.023765138100000003
-0.023812630600000002
-0.020468723
-0.0012185789
-0.023614517300000002
-0.0235680896
-0.010774578100000001
-0.023768828600000003
-0.018549650900000002
-0.0136672162
-0.0230340682
-0.0235892041
-0.0234138025
-0.009839357
-0.0229261241
-0.023781303700000003
-0.023529647900000002
-0.0028945983
-0.0162577899
-0.0235809519
-0.016922297700000002
-0.0233890822
-0.023800833100000002
-0.0017468891000000002
-0.0184813706
-0.023590402
-0.023586046000000003
-0.015080701900000002
-0.0184010387
-0.023755760600000002
-0.023801970500000002
-0.0109137886
-0.006805415100000001
-0.023584606100000002
-0.022065886700000002
-0.010396731400000001
-0.023765331700000003
-0.008194991200000001
-0.009188945700000001
-0.0236157757
-0.023579911300000003
-0.020962778100000003
-0.0113519538
-0.0237578297
-0.0237975056
-0.0199500565
-0.0013473592
-0.0236063861
-0.0235858161
-0.010421209700000001
-0.023765113900000003
-0.023682047400000003
-0.0021721557
-0.023158020600000002
-0.0235810366
-0.023316579
-0.009317121000000001
-0.023007387700000003
-0.023773220900000003
-0.023475742400000003
-0.0027761635
-0.0169396007
-0.0235741275
-0.022968897600000003
-0.0164174857
-0.0237751569
-0.0134084335
-0.0191005276
-0.023580516300000003
-0.0235745026
-0.013886540800000001
8.470000000000001e-08
-0.023748536900000002
-0.0237924841
-0.010776635100000001
-0.007537574000000001
-0.0236080559
-0.023569106000000003
-0.0094739491
-0.023756196200000003
-0.021293059700000002
-0.0099959673
-0.023600771700000002
-0.0235734257
-0.020184143100000003
-0.010817303200000001
-0.0507510784
-0.023789834200000002
-0.0198082808
-0.0016111150000000002
-0.0228284771
-0.0235855862
-0.018794917900000003
-0.022376723600000002
-0.0237876562
-0.0040082218000000005
-0.0232780526
-0.0235691544
-0.023190533300000003
-0.008518158000000001
-0.0146539591
-0.023769361000000003
-0.0233872793
-0.0024855457000000003
-0.0176075691
-0.0235829242
-0.022803526900000003
-0.016812405500000002
-0.023772107700000003
-0.022900145400000002
-0.019605654200000003
-0.023573776600000002
-0.0235693964
-0.0133207932
-0.0186837189
-0.023753122800000002
-0.0237900883
-0.0100927068
-0.008152822700000001
-0.023573135300000003
-0.023557780400000002
-0.0100915815
-0.023756038900000002
-0.0208590085
-0.022261640500000002
-0.0235749019
-0.023569299600000003
-0.020046965400000002
-0.0117384036
-0.023750944800000003
-0.0237782424
-0.0190552252
-0.001747482
-0.0229346546
-0.0235606481
-0.0095452907
-0.0227056258
-0.023774939100000003
-0.0028035821000000002
-0.023328727400000002
-0.023563661000000003
-0.0231511115
-0.008999520200000001
-0.023254239800000003
-0.023763698200000002
-0.0232365375
-0.0020720766
-0.0180791424
-0.0235671216
-0.022749101100000002
-0.0176909139
-0.023762415600000003
-0.011594183700000002
-0.020022220900000002
-0.023573946000000002
-0.023563443200000003
-0.013270239400000002
-0.0194813509
-0.0237469034
-0.023783530100000002
-0.008918208200000001
-0.008797934200000001
-0.02359137
-0.0235445672
-0.0108377522
-0.023735202700000003
-0.023754925700000002
-0.0113233736
-0.023559196100000002
-0.0234864146
-0.0197898767
-0.012425006
-0.0237404904
-0.0237693731
-0.0183942022
-0.014038069100000002
-0.023075268700000002
-0.023558022400000003
-0.018170473200000002
-0.022886484500000002
-0.0237846191
-0.0029261430000000004
-0.023576269200000003
-0.023557502100000002
-0.023002777600000003
-0.008921112200000001
-0.0233502896
-0.023762088900000002
-0.023068843600000003
-0.0017285697000000001
-0.0186322818
-0.023549758100000002
-0.0226063211
-0.018339147200000003
-0.0237381672
-0.022359892500000002
-0.0204027417
-0.0235589904
-0.0235537632
-0.0129533404
-0.0199530815
-0.0237393046
-0.0237707041
-0.0083139584
-0.0094606149
-0.023584545600000003
-0.0235557113
-0.0113412453
-0.0237364369
-0.023744253500000003
-0.0014239643
-0.0235529525
-0.023430367400000002
0.0966260141
-0.012559061900000001
-0.0237248572
-0.0237617743
-0.0181266591
-0.0023134111
-0.0231885489
-0.0235515489
-0.0174697138
-0.0229162021
-0.023743672700000003
-0.016119559500000002
-0.023449364400000002
-0.023554670700000002
-0.022835543500000003
-0.008162139700000001
-0.0233484625
-0.0237599956
-0.023096976100000003
-0.0019769827
-0.0235731837
-0.0235565946
-0.0222453539
0.0028875924
-0.023736340100000003
-0.022358113800000003
-0.0076777525
-0.0235461886
-0.0119847354
-0.0200207084
-0.023743104
-0.0237660093
-0.0081507052
-0.010183565700000001
-0.023581823100000003
-0.023559861600000002
-0.010840644100000001
-0.0215764175
-0.0237711881
-0.0056011142
-0.0228530885
-0.023551306900000003
-0.0190172312
-0.013311718200000001
-0.0237309919
-0.023749638
-0.017217453
-0.0025238301000000004
-0.023258741000000003
-0.023556328400000003
-0.0232266276
-0.015425491400000001
-0.0237529413
-0.014765884100000001
-0.0177188044
-0.023557441600000003
-0.0228322281
-0.009028209300000001
-0.0235101064
-0.0237589671
-0.023776693600000003
-0.0014182773
-0.0197499104
-0.0235660931
-0.0235549611
-0.0136229181
-0.0236731539
-0.023775556200000002
-0.001093356
-0.0235889742
-0.023537972700000003
-0.011907924600000001
-0.020688519500000002
-0.0237428499
-0.0237689859
-0.0205477602
-0.010817593600000001
-0.023580516300000003
-0.0235511496
-0.0200085116
-0.021871742200000002
-0.0237661787
-0.0049552525
-0.0229895281
-0.023549758100000002
-0.018399986
-0.013649671200000001
-0.0237341137
-0.0237685745
-0.023539037500000002
-0.0029294463
-0.023353726
-0.023553085600000002
-0.023109753700000003
-0.008842631600000001
-0.023732819000000002
-0.023185536000000003
-0.0045650638000000006
-0.023578193100000002
-0.022648646900000003
-0.0089003849
-0.0235664319
0.0003500651
-0.023786167900000002
-0.011592937400000001
-0.0066452474
-0.0235682106
-0.0235644838
-0.0129498556
-0.0236981162
-0.023770050700000003
-0.0089518704
-0.023589022600000002
-0.0235439138
-0.0114359157
-0.0210151348
-0.023739256200000003
-0.0237604312
-0.020179762900000002
-0.0013385867000000001
-0.0235673999
-0.023539509400000002
-0.0195422502
-0.012374899900000002
-0.0237437937
-0.018287722200000002
-0.014319914400000001
-0.0235495645
-0.0179048661
-0.014194292200000002
-0.023726514900000002
-0.0237472664
-0.023463884400000003
-0.0029577119000000003
-0.0234244989
-0.0235565946
-0.022979182600000002
-0.008678616100000001
-0.0237331699
-0.023777746300000003
-0.0018532602
-0.023571332400000002
-0.022435348100000002
-0.0088853204
-0.023599319700000003
-0.023763359400000003
-0.0223594932
-0.0012109801
-0.020663605600000003
-0.023556836600000002
-0.0235511012
-0.0126917142
-0.0237044808
-0.023763480400000002
-0.0010979782000000002
-0.023577297700000003
-0.0235218071
-0.0109786446
-0.0213821278
-0.0237359892
-0.0237311371
-0.019686409600000003
-0.012428260900000002
-0.023557248000000003
-0.0235379606
-0.0191231909
-0.012992871100000001
-0.023732673800000003
-0.0175758671
-0.014999583500000002
-0.023542026200000003
-0.0175783839
-0.015011018000000001
-0.0237151651
-0.023757394100000002
-0.023330445600000003
-0.0024037134
-0.0173966782
-0.023548342400000002
-0.0235427643
-0.0171696822
-0.023720041400000003
-0.022856319200000003
-0.0015374986000000002
-0.0194827303
-0.023550580900000003
-0.022311879700000002
-0.0189582074
-0.0237517071
-0.0099907764
-0.0210532498
-0.02354902
-0.023536532800000003
-0.0119912573
-0.010116580100000001
-0.0237051705
-0.0237569948
-0.0076527902000000005
-0.010564038100000001
-0.023566105200000003
-0.023481247900000002
-0.0113560194
-0.023732238200000002
-0.0192858875
-0.013272006000000001
-0.023552746800000003
-0.0235327092
-0.0183870995
-0.0090842444
-0.022507101100000003
-0.023735565700000003
-0.017284474900000003
-0.0028085915
-0.023312561800000003
-0.023542728000000002
-0.016748057700000003
-0.023154245400000002
-0.023765694700000003
-0.002362162
-0.0235153094
-0.0235465758
-0.0226757146
-0.014895753400000001
-0.017331628600000003
-0.023726926300000003
-0.022711022400000003
-0.0014176481000000001
-0.0199901075
-0.023553388100000003
-0.0220471196
-0.009565388800000001
-0.0237567891
-0.00917543
-0.0214597009
-0.023553618000000002
-0.023533701400000002
-0.011731204100000002
-0.0209415789
-0.0237301691
-0.023746032200000003
-0.0066038412
-0.0112508341
-0.0235596317
-0.0234726811
-0.0124508032
-0.023729866600000003
-0.023658416100000003
-0.0138774416
-0.0235539084
-0.023540804100000003
-0.018422008
-0.014426467
-0.023718456300000003
-0.0237600803
-0.015928573100000003
-0.0031061789
-0.023360332600000002
-0.0235366538
-0.0166662617
-0.023353774400000003
-0.0237631537
-0.0017899046000000001
-0.023525570200000002
-0.023548257700000002
-0.0225974639
-0.0092062366
-0.0235954719
-0.023751211
-0.022393712000000003
-0.0011752609000000001
-0.020386370400000003
-0.0235542109
-0.0219042791
-0.010008539200000001
-0.0237429709
-0.0084466712
-0.0217704773
-0.023541808400000003
-0.0235056052
-0.0111127368
-0.021162924200000002
-0.023711510900000003
-0.0237307257
-0.006352221700000001
-0.0120671001
-0.0235583249
-0.023534149100000002
-0.009869812700000001
-0.023719509000000003
-0.023642480400000002
-0.0022811888000000002
-0.023550060600000002
-0.023533677200000002
-0.0175355136
-0.0088955812
-0.0229447218
-0.023733121500000003
-0.015837266500000002
-0.0036350094000000004
-0.0234318315
-0.0235394852
-0.015857703400000003
-0.016613263700000002
-0.0237585436
-0.0017610461
-0.0235440227
-0.023543454000000002
-0.0223275492
-0.00910767
-0.0236161871
-0.0237445439
-0.0221654818
-0.0075857804000000004
-0.0235673999
-0.0235277482
-0.012515199400000001
-0.020340269400000003
-0.0237431887
-0.0010935254
-0.023552589500000002
-0.0235219886
-0.020382316900000003
-0.0108978045
-0.021580483100000002
-0.0237183958
-0.023696047100000003
-0.0055037213
-0.0228282593
-0.0235223274
-0.0233846173
-0.013168756700000001
-0.023701467900000002
-0.0235779511
-0.015379366200000001
-0.0235260784
-0.023154015500000003
-0.0088086306
-0.015038073600000002
-0.023697245000000002
-0.0237431887
-0.015158904200000002
-0.017754741400000003
-0.0235346936
-0.023523489
2.9524000000000003e-06
-0.023447416300000003
-0.023740732400000002
-0.0015472149000000002
-0.0235313298
-0.023523876200000002
-0.013356512400000001
-0.0189508869
-0.023620760900000003
-0.023726539100000003
-0.021952788
-0.0082920332
-0.023549528200000003
-0.023516313700000003
-0.0211909841
-0.020628055800000003
-0.0237190492
-0.007384170200000001
-0.0235408767
-0.023511679400000002
-0.0199607166
-0.011849578400000001
-0.0236895857
-0.0237237198
-0.0190368211
-0.0018351344000000001
-0.022954075100000002
-0.0235169187
-0.0186003741
-0.022734714200000002
-0.023707433200000003
-0.0165982476
-0.0233067417
-0.023046144
-0.016863056100000003
-0.0159869677
-0.0236916185
-0.0237393288
-0.014036629200000001
-0.004566951400000001
-0.0235273005
-0.0235207665
-0.0150613298
-0.023544869700000002
-0.023721432900000002
-0.0112253999
-0.0235472171
-0.023521177900000002
-0.0131727739
-0.0098422126
-0.023663110900000003
-0.0237259946
-0.021464177900000003
-0.0010218208000000002
-0.023550169500000002
-0.0235153578
-0.020931838400000003
-0.0211326137
-0.0237055577
-0.0062102403
-0.022534156700000002
-0.023512344900000003
-0.019595683800000003
-0.012614564600000001
-0.0236946677
-0.0236213296
-0.0043473122
-0.014319430400000001
-0.023529647900000002
-0.0235129136
-0.0093947425
-0.023692054100000002
-0.0237265754
-0.0027421504
-0.023524820000000002
-0.023510457300000003
-0.0162814212
-0.0165618629
-0.0236890896
-0.023731258100000003
-0.0229894676
-0.013265472
-0.0051656836
-0.0189778094
-0.0235246385
-0.023515321500000002
-0.0092000172
-0.023580576800000003
-0.023719738900000002
-0.0223098106
-0.0107923167
-0.0012294810000000002
-0.0074196716
-0.0207223874
-0.023550774500000003
-0.023526647100000003
-0.023509937
-0.023504407300000002
-0.0216085793
-0.012510565100000001
-0.0201246716
-0.023669221400000003
-0.0236923929
-0.0237205254
-0.023733666
-0.021137369000000003
-0.0011258082000000001
-0.0098978
-0.023545027000000003
-0.0235122239
-0.020490503
-0.011405956100000001
-0.023704323500000003
-0.023697934700000003
-0.0195909285
-0.0058716944
-0.0015661635000000001
-0.0125820519
-0.022761455200000003
-0.0235297205
-0.023514256700000003
-0.023507456500000003
-0.023384702
-0.0190984101
-0.0132169026
-0.0224878137
-0.0236929737
-0.023707578400000002
-0.0237244095
-0.0235599826
-0.0038035624
-0.0024822061000000003
-0.023222453100000002
-0.023517596300000002
-0.023198071600000002
-0.0151699394
-0.0236878675
-0.0237304353
-0.023295065200000003
-0.0150682268
-0.0024141073
-0.0039290757
-0.0175779483
-0.0234498968
-0.0235267439
-0.0235116673
-0.023510953400000003
-0.0228650312
-0.015771019
-0.017299418400000002
-0.0234725117
-0.0236923203
-0.0237212151
-0.023735977100000003
-0.0123058331
-0.0059003956
-0.023537222500000003
-0.0235210569
-0.009452362700000001
-0.023697958900000003
-0.0220016115
-0.0081669676
-0.023546200700000002
-0.0235118367
-0.0211902097
-0.010101406700000001
-0.0204099291
-0.023726514900000002
-0.020889246400000002
-0.001262635
-0.022253896500000002
-0.023521540900000002
-0.019956009700000003
1.3794e-06
-0.023731451700000003
-0.005498615100000001
-0.0229639729
-0.0235161685
-0.023322483800000002
-0.0091591434
-0.022600077500000003
-0.0237093571
-0.023546563700000002
-0.0037876267000000003
-0.016118724600000002
-0.0235291881
-0.023052024600000002
-0.0153610589
-0.023711244700000002
-0.014890405200000002
-0.0184062901
-0.023528873500000002
-0.023514099400000002
-0.0145830047
-0.0173555624
-0.023689694600000002
-0.0237397765
-0.012312028300000001
-0.0066570812000000005
-0.0235472413
-0.0235203309
-0.0126871767
-0.0031719424
-0.021818732100000002
-0.0090745523
-0.023524565900000002
-0.0234945821
-0.0109971213
-0.020822369700000003
-0.0236990116
-0.0237176456
-0.007206118700000001
-0.0118255236
-0.023538178400000002
-0.0234068813
-0.0096401305
-0.0236934456
-0.0236520999
-0.0022056364
-0.023530507000000003
-0.0235104089
-0.0175960741
-0.013792717400000001
-0.023691933100000003
-0.0237296367
-0.0167269069
-0.0035132592000000004
-0.0234027431
-0.023512478
-0.0158161157
-0.0232700666
-0.0237366063
-0.0021753743
-0.1015021447
-0.023514789100000003
-0.022324729900000003
-0.008546096900000001
-0.023533411
-0.0237215539
-0.022548846100000002
-0.0014841497000000002
-0.0253755392
-0.023510663
-0.021460426900000003
-0.019690499400000002
-0.0237001974
-0.021541775200000002
-0.021996953000000003
-0.023511461600000002
-0.0201151489
-0.010198848
-0.021060255700000002
-0.023701274300000002
-0.0237100347
-0.006794537200000001
-0.0228085363
-0.023517100200000002
-0.023347833300000002
-0.0088960652
-0.0236923929
-0.023618897500000003
-0.0026445034
-0.023512320700000002
-0.0230974722
-0.008146881600000001
-0.014222811900000002
-0.023682241000000003
-0.0237217233
-0.016247081400000002
-0.0040669915000000004
-0.023526562400000003
-0.0235128289
-0.015061971100000002
-0.023345522200000003
-0.0237127572
-0.013654753200000001
-0.023535334900000003
-0.0235138332
3.63e-08
-0.0085400469
-0.0235724577
-0.0237198841
-0.022310899600000003
-0.0014118764000000002
-0.0212030962
-0.023512211800000002
-0.0210825439
-0.0097296463
-0.0236983945
-0.0211676311
-0.022283638300000002
-0.023507202400000003
-0.0198020614
-0.0112649306
-0.0215550247
-0.0236999554
-0.0236826161
-0.005825169900000001
-0.0134420957
-0.0235159991
-0.023511933500000002
-0.0093982999
-0.023685495900000002
-0.0237167744
-0.0036968041
-0.0235204398
-0.023100013200000002
-0.0089479863
-0.0156774134
-0.023704747
-0.023205900300000002
-0.0022118558000000003
-0.023470140100000002
-0.023500148100000003
-0.022724489700000003
-0.009231695
-0.023682168400000002
-0.0225865739
-0.0013502269
-0.023513095100000003
-0.022090849000000003
-0.0098691351
-0.01960442
-0.023716459800000003
-0.023728184700000002
-0.0010659616
-0.0214646619
-0.0235114132
-0.0234994947
-0.011096982600000001
-0.023681527100000002
-0.023708873100000003
-0.0012784376
-0.023525703300000003
-0.0234422738
-0.010633141200000001
-0.022207347800000003
-0.0236901423
-0.0237136405
-0.0182195266
-0.014071440900000001
-0.023512562700000003
-0.023492162100000002
-0.0183608546
-0.0229458592
-0.023715516000000002
-0.0027814028000000004
-0.0233543189
-0.023495767900000002
-0.0167359456
-0.016714322900000002
-0.023673383800000003
-0.0253755392
-0.022979400400000002
-0.0016958876
-0.0234853982
-0.023496155100000003
-0.0226323361
-0.009906052200000001
-0.023671472000000002
-0.022157386900000003
-0.0069876653
-0.023502483400000003
-0.022031087100000003
-0.0109797578
-0.0236681808
-0.0237063442
-0.0237134953
-0.0074515672
-0.021739549700000003
-0.0234986114
-0.0234838131
-0.012342968000000001
-0.0236848667
-0.023662518
-0.0013287131
-0.023514764900000002
-0.023447089600000002
-0.0115461225
-0.022810363400000002
-0.023695914000000002
-0.023471350100000003
-0.016321617400000002
-0.014615965100000001
-0.023499349500000002
-0.0234834501
-0.0189356772
-0.016802798100000002
-0.023691606400000002
-0.0132118206
-0.017001685800000003
-0.023481211600000003
-0.0175978891
-0.0187927399
-0.0236647323
-0.0237085585
-0.0221758999
-0.0007984064
-0.023482155400000003
-0.0234807881
-0.0228531732
-0.012355189
-0.0236731781
-0.023703573300000003
-0.007489295000000001
-0.0234831234
-0.022279221800000002
-0.013340334700000001
-0.023675114100000002
-0.023706380500000002
6.897e-07
-0.004944604500000001
-0.0099358424
-0.023493432600000003
-0.0234871769
-0.013619554300000001
-0.0227028428
-0.023722461400000002
-0.0031231310000000003
-0.022743281
-0.023496711700000002
-0.012577986300000002
-0.0232052106
-0.0236925381
2.7346e-06
-0.014365192600000002
-0.0025266131
-0.0234983331
-0.023493263200000003
-0.0187826848
-0.0177803571
-0.023697801600000002
-0.0227335042
-0.0177817849
-0.0234895001
-0.016644832600000003
-0.0189625513
-0.0236810431
-0.023721868500000003
-0.0222169189
-0.0009610183000000001
0.0007011103
-0.0234935536
-0.022337616400000003
-0.0108160569
-0.023654423100000002
-0.023713652600000003
-0.0009539761000000001
-0.0235211416
-0.023486680800000003
-0.011252564400000001
-0.023674448600000002
-0.023709211900000002
-0.020299310900000003
-0.006761322700000001
-0.0113256
-0.0235017574
-0.0234264712
-0.010350509400000001
-0.022075191600000002
-0.0237133622
-0.0187223179
-0.023037081100000002
-0.023502846400000003
-0.0093214891
-0.0228411942
-0.0236894284
-0.0234567696
-0.0165179036
-0.0032250251000000003
-0.023355770900000003
-0.0235019752
-0.0163383275
-0.016182479500000003
-0.0236687374
-0.023091652100000002
-0.0049477989000000005
-0.0235120787
-0.0225276469
-0.018240955700000002
-0.0236806438
0.0001750749
-0.022431016300000002
-0.0013046946000000001
-0.020488083
-0.023513591200000003
-0.0218243828
-0.0101500971
-0.023655754100000002
-0.023717427800000003
-0.008382529100000001
-0.0217883369
-0.0234712896
-0.0113575198
-0.0236740372
-0.023707735700000003
-0.0198580723
-0.0014856501
-0.0226521438
-0.0234930333
-0.019378295200000003
-0.013165937400000001
-0.0236923929
-0.0180006376
-0.0023869186000000002
-0.0234915934
-0.0177968857
-0.0230406506
-0.023686826900000003
-0.023370218300000002
-0.0028748874
-0.0173900837
-0.023509767600000002
-0.0228586061
-0.008903978600000001
-0.0233876181
-0.023717899700000003
-0.0018663403
-0.0235094409
-0.0222634797
-0.0186973556
-0.0236780423
-0.0237175851
-0.011438251
-0.008124315100000001
-0.0235354922
8.765240000000001e-05
-0.012165303700000001
-0.020410667200000003
-0.023703875800000003
-0.0083320358
-0.0221601215
-0.0234960099
-0.012238811200000001
-0.023675356100000003
-0.023708183400000003
-0.019287375800000003
-0.0016864254000000002
-0.022835773400000002
-0.0234965907
-0.0193208081
-0.0143041602
-0.023666523100000003
-0.0234983694
-0.0026614797000000003
-0.023501842100000003
-0.018016428100000002
-0.0233146914
-0.023690577900000002
-0.023128254600000002
-0.0019417959000000002
-0.017862262
-0.0234998335
-0.0234895364
-0.010833868100000001
-0.0235722278
-0.0236944499
-0.010944740400000002
-0.0197720413
-0.023481514100000003
-0.011609115100000001
-0.0236725126
-0.0237049164
-0.0081386294
-0.0008741282
-0.021265036100000002
-0.023481659300000002
-0.021832973800000002
-0.021788784600000003
-0.0236768202
-0.019395235200000003
3.63e-07
-0.0234820586
-0.0209532433
-0.022718826900000003
-0.0237001974
-0.0172442182
-0.0034882727000000004
-0.013569109400000001
-0.0234816472
-0.0233953137
-0.0118659739
-0.0236514344
-0.023698854300000002
-0.0021311851000000003
-0.0161984394
-0.023475960200000003
-0.011377823600000002
-0.0236568552
-0.0237038879
-0.0227748862
-0.0013264504
-0.018439819200000002
-0.0234908674
-0.023488302200000002
-0.0113675265
-0.0236139486
-0.0236887024
-0.021978597300000003
-0.0067932425
-0.0234847327
-0.022317518300000002
-0.0236637038
-0.023693082600000002
-0.0207951931
-0.0073666494
-0.009191474600000001
-0.023509428800000003
-0.0234751132
-0.0214109621
-0.0219644282
-0.0236703225
-0.0190840353
-0.011825003300000001
-0.0235021083
-0.023436332700000003
-0.022736154100000003
-0.023700391
-0.0235298052
-0.0035742795000000003
-0.0145748009
-0.023495187100000002
-0.023479299800000002
-0.0186291237
-0.0160230741
-0.023653636600000003
-0.023247197600000002
-0.0035583075000000003
-0.0233648096
-0.0234777026
-0.0178059123
2.7346e-06
-0.023703766900000003
-0.012401616700000001
-0.005468268300000001
-0.023486208900000003
-0.023483159700000002
-0.0225601596
-0.010497802700000001
-0.0236728393
-0.0237136647
-0.009873721
-0.020871495700000003
-0.023486124200000003
-0.0131719269
-0.0236744849
-0.023700100600000003
-0.0075711031000000005
-0.0011638385000000001
-0.022101037200000003
-0.0234883143
-0.023461307100000002
-0.0126375062
-0.0236639095
-0.0236995682
-0.0190480136
-0.0129870026
-0.0234900809
-0.0192767036
-0.0236707702
-0.023710797000000002
-0.0170472181
-0.0027046404
-0.015593645100000001
-0.0235058956
-0.0232083203
-0.0099666006
-0.0232628187
-0.0236918121
-0.0232034924
-0.0042391866
-0.0235026649
-0.0228523867
-0.018049170700000002
-0.023693796500000003
-0.022684838000000002
-0.0014795396000000002
-0.0198965624
-0.0235147165
-0.0234888104
-0.014086686900000001
-0.0197126182
-0.0236686285
-0.0237069492
-0.0011688721
-0.013480755200000001
-0.023487043800000003
-0.011227469
-0.023679022400000003
-0.023699907000000003
-0.007191852800000001
-0.0113144317
-0.0235113527
-0.0234935657
-0.0200789699
-0.012599233900000001
-0.023669136700000003
-0.0237035612
-0.018828834200000002
-0.013995598100000001
-0.02348973
-0.0184922969
-0.0228590296
-0.0236962286
-0.016736393300000003
-0.0032596311000000003
-0.023339944100000003
-0.0234820586
-0.023046216600000002
-0.0093735554
-0.023328836300000003
-0.023688520900000003
-0.0231331793
-0.004923998200000001
-0.0235024713
-0.022619413300000002
-0.0183738742
-0.023691328100000002
-0.022548700900000003
-0.0014438567000000001
-0.0204674525
-0.023494824100000002
-0.023480521900000002
-0.0130668263
-0.0199872156
-0.0236623002
-0.023691969400000002
-0.0011566632000000001
-0.021739779600000002
-0.023473382900000003
-0.0115569399
-0.0236683986
-0.019989006400000002
-0.0014876345
-0.0226339212
-0.0234887862
-0.023483183900000003
-0.010230719400000001
-0.0223606064
-0.0236714599
-0.023581133400000003
-0.0044372394
-0.023129561400000002
-0.023473830600000002
-0.009370203700000001
-0.023650502700000003
-0.023371246800000002
-0.0029079567000000004
-0.0172364742
-0.0234914966
-0.0234796749
9.12098e-05
-0.017038857
-0.0236543989
-0.0237009234
-0.0131588347
-0.019294793100000002
0.0056102739000000006
-0.014459826700000001
-0.0235717317
-0.0237012017
-0.0103706317
-0.007755652300000001
-0.0235113527
-0.0234732377
-0.0216429191
-0.0108777427
-0.0236483852
-0.023688327300000003
-0.020868579600000003
-0.0102717142
-0.0234874552
-0.0205836367
-0.0218818094
-0.0236968336
0.0030892026000000003
-0.0016432526000000002
-0.0228141749
-0.0234800016
-0.023362994600000003
-0.010397941400000001
-0.0227427849
-0.0236703709
-0.023488653100000003
-0.0026601971
-0.0232205171
-0.023475089
-0.009634746000000001
-0.023672391600000002
-0.0146677652
-0.0022580052
-0.0179319338
-0.0234851441
-0.023474738100000003
-0.0157993451
-0.017964640100000002
-0.0236496557
-0.0236944741
-0.0014112956000000001
-0.019855870100000002
-0.0234700917
-0.013890388600000001
-0.023655028100000003
-0.0217319872
-0.0093722123
-0.0085527156
-0.023512901500000002
-0.0234772791
-0.021258260100000002
-0.011243791900000001
-0.023655814600000002
-0.0236860646
-0.020339023100000003
-0.011246829000000002
-0.023496348700000003
-0.0234149641
-0.0125831893
-0.023664829100000003
-0.0186454466
-0.0019992225000000003
-0.0229985789
-0.023476541
-0.0224018432
-0.0096757892
-0.0228610624
-0.023671943900000002
-0.023453054900000003
-0.0032656932
-0.0233264042
-0.0234785617
-0.0092417138
-0.023648530400000003
-0.023107563600000002
-0.0020557174
-0.018710363100000002
-0.0234890524
-0.0234751253
-0.014766840000000002
-0.018195133000000002
-0.0236462435
-0.023691352300000003
-0.011546352400000001
-0.0070603137
-0.023482542600000003
-0.021855879100000003
-0.0199865138
-0.0236870326
-0.008974376400000001
-0.009573943500000001
-0.023507045100000002
-0.023472850500000003
-0.020775107100000002
-0.011253677600000001
-0.0236534672
-0.023686524400000002
-0.0201074654
-0.0015301781000000001
-0.023492936500000002
-0.023378071200000003
-0.0127437321
-0.0236694634
-0.0184389964
-0.0024348709000000003
-0.0231517044
-0.0234727295
-0.023156181400000003
-0.0087978737
-0.022896116100000002
-0.023689658300000003
-0.0164498169
-0.0038108103
-0.023393159900000002
-0.023471906700000003
-0.0157648359
-0.023646170900000003
-0.0230122035
-0.0056039577
-0.023487043800000003
-0.023483292800000003
-0.023475488300000003
-0.014078785600000001
-0.018698117900000002
-0.023645807900000003
-0.022266891900000002
-0.0013108051
-0.0209291401
-0.0234827241
-0.021541605800000002
-0.020404121100000002
-0.023689767200000003
-0.0012419803
-0.022082487900000003
-0.023482228
-0.0234718704
-0.0203399064
-0.011704644600000001
-0.0236464976
-0.0126877696
-0.0059644288
-0.0017494422000000002
-0.023488374800000003
-0.0233269124
-0.013365672100000002
-0.0236623002
-0.017631152
-0.015691497800000002
-0.0234836679
-0.023469668200000002
-0.0231132748
-0.0091147364
-0.0231187682
-0.0236624938
-0.023276165
-0.0025932478
-0.017988102000000002
-0.0234763353
-0.0227717402
-0.0093162256
-0.023450889000000003
-0.0236633771
-0.0227046457
-0.006177848600000001
-0.0234681436
-0.022225788200000002
-0.0196337504
-0.023671363100000002
-0.0216359737
-0.0010109792
-0.0212176646
-0.0234982484
-0.0234624566
-0.012670285100000001
-0.0212389727
-0.023653697100000003
-0.023662530100000002
-0.0011440187000000001
-0.0234893912
-0.023429000100000003
-0.0132584056
-0.0236589122
-0.023576111900000002
-0.004275498700000001
-0.013614085100000001
-0.0229267291
-0.0234647919
-0.0189678027
-0.014895644500000001
-0.0236338773
-0.0236822894
-0.0159323604
-0.0161498337
-0.0234582942
-0.0172970468
-0.023342303600000003
-0.0236806196
-0.013297428100000001
-0.0046954292
-0.023431565300000002
-0.0234619242
-0.0227077554
-0.0100130888
-0.023544192100000003
-0.023664804900000003
-0.022268827900000003
-0.0068097227000000005
-0.0234694867
-0.022005786000000003
-0.0201439469
-0.023673250700000002
-0.0213129763
-0.0010671353
-0.0216571487
-0.0234728747
-0.023463581900000002
-0.0119754668
-0.021470227900000003
-0.023649946100000003
-0.0236531042
-0.0060871349
-0.022571219
-0.023455487
-0.0107056202
-0.0236338289
-0.023535952000000002
-0.0039984571
-0.0146097336
-0.0234700312
-0.0234560073
-0.0182840196
-0.015462965100000002
-0.023629956900000002
-0.0236731297
-0.015244693200000001
-0.0170478231
-0.0507510784
-0.0165369853
-0.023403868400000003
-0.0236693182
-0.0126530184
-0.0053763688000000006
-0.0234550756
-0.023448275400000003
-0.022448512900000002
-0.009976437900000001
-0.023564447500000002
-0.0236596019
-0.022036253800000002
0.00019085330000000002
-0.023489717900000002
-0.023458052200000003
-0.010773622200000001
-0.0507510784
-0.0209443861
-0.001156397
-0.022036725700000002
-0.023459891400000002
-0.023451227800000002
-0.011031594200000001
-0.021641684900000003
-0.0236501034
-0.0236348332
-0.0059128223
-0.022817248300000002
-0.0234501872
-0.0096679242
-0.0236263269
-0.0235258606
-0.0042051856
-0.0156912316
-0.0234683977
-0.023447392100000002
-0.023039416400000002
-0.015031830000000001
-0.023630574
-0.023677606700000003
-0.0158271146
-0.0044069047
-0.0234731167
-0.022593858100000003
-0.0168645686
-0.0236667651
-0.013420606100000001
-0.020059259000000003
-0.023473770100000003
-0.023460932
-0.0126080427
-0.018577952800000002
-0.0236403871
-0.0236815876
-0.0111933107
-0.0215115131
-0.023456092
-0.0206777868
-0.0201750197
-0.023665664000000003
-0.008707389900000001
-0.011645826500000001
-0.023488967700000002
-0.023459830900000003
-0.0233567631
-0.0109573849
-0.0236368902
-0.023667890400000002
-0.0199118447
-0.0023208405
-0.0234765894
-0.023453357400000003
-0.012813355500000002
-0.0236475261
-0.017960514
-0.0034866634000000002
-0.0233414929
-0.023461137700000002
-0.022889255400000003
-0.0080570512
-0.0231128513
-0.023658730700000002
-0.023226591300000002
-0.0025973255000000003
-0.0234494854
-0.0234582337
-0.0146498209
-0.023486801800000002
-0.0225018134
-0.0069467794
-0.023487963400000002
-0.023470333700000002
-0.023464380500000003
-0.013128608900000002
-0.023615570000000002
-0.0236683139
-0.0213509945
-0.0010833856
-0.021652042500000003
-0.023452667700000002
-0.0121869264
-0.023635619700000002
-0.023630513500000002
-0.0013554541000000001
-0.0225464745
-0.0234515424
1.6940000000000002e-07
-0.019969864200000003
0.0225525729
-0.023644222800000003
-0.0234948604
-0.0035569281
-0.0144729794
-0.0234464362
-0.018619879300000003
-0.023157960100000003
-0.023667079700000003
-0.0021469151
-0.0169140939
-0.023455438600000003
-0.023446775000000003
-0.0169608483
-0.0178361744
-0.0236264721
-0.0236788651
-0.011835445600000001
-0.0052797503
-0.0234586572
-0.0226279196
-0.019673801400000003
-0.023658670200000002
-0.0089764818
-0.0206872006
-0.0234774243
-0.0234467871
-0.021961742000000003
-0.0117627367
-0.0236207972
-0.023655584700000003
-0.020256573700000002
-0.0009397223
-0.023466691600000002
-0.0234415115
-0.0121353562
-0.023629593900000002
-0.023593245500000002
-0.012604207000000001
-0.023458003800000002
-0.0234479366
-0.023359388800000002
-0.0106788308
-0.022727514700000003
-0.0236429402
-0.016559249300000002
-0.0024878084000000003
-0.0231462836
-0.023448190700000003
-0.0180779566
-0.0232426238
-0.023076345600000003
-0.003955151200000001
-0.0233675321
-0.0234478519
-0.0234530065
-0.0163088761
-0.018209181100000003
-0.0236220314
-0.022434985100000002
-0.0011418649000000001
-0.0195830998
-0.0234518691
-0.0223427952
-0.019770117400000002
-0.023648832900000003
-0.008947453900000001
-0.0212053347
-0.023446726600000002
-0.0234393577
-0.021250431400000002
-0.010820691200000001
-0.023612290900000003
-0.0236495952
-0.007115864800000001
-0.011067991000000001
-0.0234555475
-0.0234054656
-0.0106108893
-0.023611322900000002
1.1240900000000001e-05
-0.0136325739
-0.0234474284
-0.023438026700000003
-0.0232888579
-0.010020590800000001
-0.0228358339
-0.023635946400000003
-0.0233721422
-0.0028885604000000002
-0.023245697200000002
-0.0234345782
-0.0174491196
-0.0169113714
-0.0236561534
-0.0015578145000000002
-0.0233993067
-0.0234282136
-0.0234332109
-0.0160786131
-0.019098506900000003
-0.023611020400000002
-0.0236510956
-0.0008359527000000001
-0.020040867
-0.023428007900000002
-0.0234308514
-0.0117191767
-0.023617457600000002
-0.020589045400000002
-0.0088096591
-0.023429532500000003
-0.023422974300000003
-0.013039855400000001
-0.0128125448
-0.0236087456
-0.0236407138
-0.0049044325
-0.011531687200000001
-0.0234392609
-0.023420977800000003
-0.0118737905
-0.0236037483
-0.0234384018
-0.0020038326000000003
-0.0234329931
-0.0234185457
-0.0232845866
-0.0111330648
-0.023186286200000003
-0.023622104
-0.023093309800000003
-0.0032746593
-0.023274737200000003
-0.0234180738
-0.017339965500000002
-0.0178999777
-0.0236294608
-0.0011622171000000001
-0.0234138025
-0.0234216917
-0.022601299600000003
-0.0105016989
-0.0193196949
-0.0236003966
-0.0236394312
-0.0009114567000000001
-0.0205892269
-0.0234222483
-0.023417456700000002
-0.0112878964
-0.023605660100000002
-0.0205048536
-0.009704478300000001
-0.0234200219
-0.0234077767
-0.0124283819
-0.0220907038
-0.0236105606
-0.023540804100000003
-0.0042939028
-0.0123277099
-0.0234244989
-0.0234095796
-0.011950940100000002
-0.023591975
-0.023296589800000003
-0.0022937002
-0.0234169364
-0.023412616700000003
-0.0189456234
-0.017397730900000002
-0.0235934149
-0.0236384148
-0.012506838300000002
-0.0037381861
-0.0233131547
-0.0234179407
-0.017704393300000003
-0.0193467021
-0.023625044300000002
-0.0093335407
-0.023421449700000003
-0.0234304037
-0.016088837600000003
-0.012546139100000001
-0.023601763900000003
-0.023640592800000002
-0.020350772200000002
-0.000555995
-0.0207995612
-0.023424559400000003
-0.023430815100000002
-0.014290354100000001
-0.0236162234
-0.018092488700000003
-0.010237023500000001
-0.023412048
-0.021505693000000003
-0.014012247700000001
-0.0228733318
-0.0236117464
-0.023363248700000002
-0.0024904704
-0.0129307134
-0.023417952800000003
-0.0234112494
-0.012817167
-0.0235892041
-0.0236403024
-0.0015459444000000002
-0.023426761600000002
-0.023252860400000002
-0.018786944
-0.0182975111
-0.023606543400000003
-0.023651870000000002
-0.0112317161
-0.0042749179
-0.023361990300000003
-0.023421594900000002
-0.022965400700000003
-0.019641736400000002
-0.0236412704
-0.008750683700000001
-0.0198346104
0.0448934926
-0.0152716762
-0.012232325600000002
-0.023601171
-0.023638124400000002
-0.020237080600000002
-0.0006597283
-0.0212079604
-0.023422502400000003
-0.023423869700000002
-0.0135176118
-0.023613537200000003
-0.0235550942
-0.0010449318
-0.023412979700000003
-0.023399318800000003
-0.0130215481
-0.0228378667
-0.0236184498
-0.023332333200000003
-0.002400156
-0.0137263126
-0.0234232647
-0.0233603084
-0.012804970200000002
-0.023335055700000003
-0.023644174400000002
-0.0011831622
-0.0234186546
-0.023268820300000003
-0.0132088198
-0.023542897400000002
-0.023597323200000003
-0.023640762200000002
-0.008935971000000001
-0.004682942000000001
-0.0233633697
-0.023414153400000002
-0.023110443400000003
-0.021376501300000003
-0.0236301626
-0.0196786777
-0.0065487015
-0.0234059496
-0.017929562200000002
-0.0161926072
-0.023590716600000002
-0.0236268351
-0.0170261399
-0.0005746774
-0.021361872400000002
-0.023388598200000003
-0.023412423100000003
-0.017193277200000003
-0.0235741154
-0.023232447700000002
-0.0011538923
-0.023395906600000002
-0.0217577602
-0.018223265500000002
-0.023351693200000002
-0.023610016100000002
-0.0227704455
-0.0010288388
-0.0142462496
-0.0233931357
-0.0126877696
-0.0206156291
-0.0235093804
-0.023635728600000003
-0.0097510149
-0.016807432400000002
-0.023405284100000003
-0.0136887542
-0.0507510784
-0.023597541000000003
-0.0236441018
-0.0080149311
-0.0053172119
-0.023390401100000003
-0.0234071112
-0.022891360800000003
1.1095700000000001e-05
-0.0236029981
-0.0202792007
-0.0075592935000000005
-0.023410680700000002
-0.0147754552
-0.021786340400000003
-0.0236012799
-0.0236334659
-0.018968347200000003
-0.0008499887000000001
-0.021933113400000002
-0.023406675600000003
-0.0212438853
-0.014411487200000002
-0.023589409800000002
-0.0234623114
-0.0032559769
-0.023418618300000003
-0.0233432716
-0.0157381191
-0.023586288
-0.0236341314
-0.0232325929
-0.0021562684
-0.015504722200000001
-0.0234116366
-0.0232109944
-0.0111519287
-0.023377962300000003
-0.0236397216
-0.0122075206
-0.023352165100000002
-0.0234221273
-0.011931725300000001
-0.023559196100000002
-0.023627875700000002
-0.0208467149
-0.0070710464
-0.005756284600000001
-0.0234016662
-0.0234128829
-0.018011043600000002
-0.0222124419
-0.023603409500000002
-0.018670542000000002
-0.008310546200000001
-0.023400347300000002
-0.0219176254
-0.022039811200000002
-0.0236047284
-0.0235699046
-0.0045866139000000005
-0.0010804453
-0.023423167900000003
-0.0234086842
-0.0202660843
-0.013722222800000001
-0.0235923622
-0.023483607400000002
-0.0019153211
-0.023424402100000002
-0.0232544576
-0.0151257018
-0.0235910675
-0.0236344944
-0.015212882300000001
-0.0031877934
-0.0232549295
-0.023412616700000003
-0.0230321443
-0.010099240800000001
-0.0233629825
-0.0236419722
-0.011851816900000001
-0.0185409147
-0.023410765400000002
0.005994582
-0.023552553200000003
-0.023630404600000002
-0.0215151189
-0.0006912246
-0.020254432000000003
-0.023418122200000002
-0.023417843900000002
-0.0143860409
-0.0210071972
-0.0236020906
-0.0200959099
-0.009331048100000001
-0.0234092771
-0.021197917400000002
-0.021946387100000003
-0.023603929800000003
-0.0235620154
-0.0045722754
-0.0120307033
-0.0234246804
-0.023410148300000003
-0.019985473200000003
-0.0144727132
-0.0235907892
-0.0233973828
-0.0029645726
-0.0230471967
-0.0234059375
-0.009859672900000001
-0.0235882603
-0.0236362368
-0.014688625600000001
-0.0172839304
-0.023419320100000002
-0.023410922700000003
-0.0159732826
-0.023372723
-0.0236196114
-0.0227349804
-0.0055690734
-0.023431057100000003
-0.0234199614
-0.0188158509
-0.0236247418
-0.0220416504
-0.010193657100000001
-0.0079045912
-0.0234452141
-0.023408284900000003
-0.021318409200000003
-0.0102048738
-0.023594274000000002
-0.0236266294
-0.0076281788000000005
-0.022078579600000002
-0.0234022712
-0.010419697200000001
-0.023597153800000003
-0.023579136900000002
-0.0057279827
-0.0017839151
-0.022819777200000002
-0.0234088294
-0.023227837600000002
-0.0089875291
-0.023581544800000003
-0.023615400600000003
-0.0175704947
-0.0159110765
-0.023414371200000002
-0.022907913600000003
-0.022915718100000003
-0.023619623500000003
-0.0156785387
-0.0028859952
-0.0182972812
-0.0234183521
-0.0234039652
-0.0140707391
-0.023280763000000003
-0.0236053334
-0.022855048700000002
-0.0019803223
-0.023438752700000003
-0.023405405100000002
-0.0182417785
-0.023609120700000003
-0.0222080496
-0.001613293
-0.0091089768
-0.0234455771
-0.0234057197
-0.020390423900000003
-0.0092666519
-0.023594044100000003
-0.0236198292
-0.008204380800000001
-0.022470474400000003
-0.023409458600000002
-0.010640207600000002
-0.0235876674
-0.023436998200000003
-0.0031271119
-0.0135497736
-0.0228513945
-0.0234043645
-0.023326609900000003
-0.0165777381
-0.023577188800000003
-0.0236224912
-0.013739380600000002
-0.0161785591
-0.023406361
-0.017420079600000003
-0.0233533993
-0.023631892900000003
-0.0125240808
-0.004837943
-0.0233904253
-0.0234166944
-0.0234161862
7.381000000000001e-07
-0.0234635335
-0.023618982200000003
-0.022334676100000003
-0.0012676202000000002
-0.0234507438
-0.023414734200000002
-0.0088513194
-0.023603820900000003
-0.0217957663
-0.0014925834000000002
-0.0219338152
-0.023433610200000003
-0.023424087500000003
-0.0197597356
-0.0204248726
-0.0236085641
-0.0236309612
-0.007924326300000001
-0.0227416354
-0.023430754600000003
-0.0079364989
-0.1015021447
-0.0235768379
-0.0059085268
-0.015573897900000001
-0.0234414389
-0.023423954400000002
-0.022882927100000002
-0.006571401100000001
-0.023596984400000003
-0.023636454600000002
-0.017663023400000002
-0.0043996084
-0.023442358500000003
-0.022332897400000003
-0.0146801072
-0.0236194178
-0.015280775400000002
-0.0063872149
-0.0199374241
-0.0234317468
-0.0234151335
-0.011596966700000001
-0.0170261157
-0.0236190306
-0.022567419600000003
-0.0018581002000000002
-0.0212080572
-0.0234227202
2.3691800000000002e-05
-0.0235739339
1.6940000000000002e-07
-0.0014290342
-0.022221674200000003
-0.023436139100000003
-0.023362994600000003
-0.0097334215
-0.021331235200000003
-0.023616429100000003
-0.0236011105
-0.0055683474000000005
-0.0228198135
-0.023420868900000003
-0.009829180900000001
-0.023595072600000003
-0.023419235400000002
-0.0032871949
-0.0157420758
-0.023430815100000002
-0.0234207237
0.0930876474
-0.015342195000000001
-0.0235933665
-0.0236381607
-0.015230608800000002
-0.004595652600000001
-0.023434638700000003
-0.022256026100000003
-0.0157350578
-0.023626266400000002
-0.015118054600000002
-0.0076431223
-0.023471023400000002
-0.023421510200000002
-0.023385464300000002
-0.008436567700000001
-0.023140584500000002
-0.0236225275
-0.023220396100000002
-0.0060274819
-0.023458911300000003
-0.0234258299
-0.0037764221000000002
-0.023608382600000002
-0.0228179017
-0.006256329200000001
-0.0231816398
-0.023443024000000003
-0.022758539100000003
-0.0144882254
-0.0183416882
-0.023613597700000002
-0.0236444043
-0.0117617203
-0.0233603084
-0.023426362300000003
-0.0130479019
-0.020689850500000002
-0.023610657400000002
-0.0080788191
-0.0186538924
-0.0234454319
-0.023423337300000003
-0.012652994200000002
-0.012457530800000002
-0.023594939500000002
-0.0236328246
-0.0169202891
-0.0060362060000000006
-0.023433065700000002
-0.021863272200000002
-0.016613372600000002
-0.023618316700000003
-0.0122616076
-0.0073058469
-0.023440894400000002
-0.023406179500000002
-0.0218070556
-0.010648738100000001
-0.023573970200000002
-0.0236142511
-0.0204546749
-0.0008024841
-0.0215436386
-0.0234021986
-0.0136808771
-0.0235890347
-0.0235103847
-0.0011856548
-0.022450146400000003
-0.0234026584
-0.023376268300000003
-0.012284355600000001
-0.022905058000000002
-0.023605938400000002
-0.023315199600000003
-0.0023963082000000003
-0.014415153500000001
-0.0234088294
-0.01899216
-0.023262879200000003
-0.023637180600000002
-0.001555939
-0.0168892284
-0.0234121569
-0.0234083575
-0.0169704073
-0.0180459279
-0.0235857556
-0.0236319413
-0.0113223209
-0.005420328100000001
-0.023417698700000003
-0.022429431200000002
-0.0235359036
-0.0236292672
-0.0009618169000000001
-0.023437833100000003
-0.023399984300000003
-0.0233953621
-0.0119823154
-0.020241848
-0.023593064
-0.0210263394
-0.0012545522
-0.0221248016
-0.0234242206
-0.019586633000000003
-0.0210084193
-0.023632292200000002
-0.0020205911
-0.0228955232
-0.0234192233
-0.0234136089
-0.0173202304
-0.011266576200000001
-0.023594153000000003
-0.023631505700000003
-0.0055544566
0.0007289161000000001
-0.0234355462
-0.0226711287
-0.005776806200000001
-0.0235964278
-0.0178924757
-0.0191924755
8.470000000000001e-08
-0.0234193564
-0.021293108100000003
-0.003796859
-0.022778141100000003
-0.023614202700000003
-0.0233061972
-0.0043086769
-0.023461500700000002
-0.0234111284
-0.008867485000000001
-0.0232482019
-0.023637374200000002
-0.010430684
-0.0234609078
-0.0234352679
-0.0233072136
-0.007048637200000001
-0.017961385200000003
-0.023605539100000003
-0.0236348332
-0.0118460452
-0.0134570755
-0.0234253217
-0.0169101372
-0.007667915200000001
-0.023605853700000002
-0.0085832923
-0.0231695035
-0.0234469081
-0.023418569900000002
-0.015856445
-0.0096789957
-0.023604849400000003
-0.0236327762
-0.019720410600000002
-0.0048076446
-0.0233944183
-0.0234237124
-0.0061717139
-0.023591212700000003
-0.023327638400000003
-0.0054967154
-0.023434892800000003
-0.0234189934
-0.0223192244
-0.0085227923
-0.0234198767
-0.023612738600000002
-0.022521972
-0.0014976412000000001
-0.0204358473
-0.0234103056
-0.013536028
-0.0202342008
-0.0236196961
-0.0010786545
-0.0217096022
-0.0234159442
-0.0233988832
-0.011914785300000001
-0.0215182044
-0.023600215100000002
-0.023602320500000003
-0.006066564900000001
-0.012129354600000001
-0.0234292421
-0.023339895700000002
-0.0135293609
-0.0236040266
-0.0178163788
-0.014807290300000001
-0.0234307425
-0.0234100031
-0.0180363326
-0.015325751100000002
-0.0235858887
-0.0236324132
-0.0156153404
-0.0037340358000000004
-0.0233309901
-0.0234153029
-0.0162455689
-0.023369685900000003
-0.023633732100000002
-0.0017134084000000002
-0.023427790100000002
-0.0234111042
-0.0223623004
-0.0099786764
-0.019151444400000002
-0.023620095400000003
-0.0219827234
-0.0011159104
-0.020851748500000003
-0.0234266648
-0.0216639247
0.0001779305
-0.0236299327
-0.0074587304
-0.0220777084
-0.023426338100000003
-0.0233869163
-0.011056241900000001
-0.012118912300000001
-0.0235999247
-0.023634228200000003
-0.0054917907000000005
-0.013225348400000001
-0.023433779600000003
-0.0234175172
-0.0095954694
-0.0225527181
-0.0234701159
-0.0028136614
-0.0234314927
-0.0234181343
-0.0167722698
-0.015323125400000002
-0.023592180700000003
-0.023618461900000002
-0.023205004900000003
-0.0044132451
-0.0233874487
-0.023421244
-0.0226430567
-0.0175866361
-0.023622515400000002
-0.012050414200000002
-0.019940122400000003
-0.023417783400000003
-0.021948674
-0.0096448737
-0.023550980200000002
-0.0236086609
-0.0236425409
-0.0011208956
-0.0213870767
-0.0234297624
-0.023417033200000003
-0.01084523
-0.023598291200000003
-0.0203287018
-0.0012952808
-0.0234227444
-0.0197294372
-0.0122970001
-0.0219925244
-0.023611649600000003
-0.0235529646
-0.0047918057
-0.0229630049
-0.0234215465
-0.023227402
-0.014281206500000001
-0.023596681900000003
-0.023382245700000002
-0.016512458600000002
-0.023413512100000002
-0.022932488700000003
-0.0088702317
-0.0161934421
-0.023578604500000003
-0.023628674300000003
-0.0020168764
-0.0187556413
-0.023421231900000002
-0.023411285700000003
-0.0090349369
-0.0234550756
-0.022444374700000002
-0.0071446991000000005
-0.023423954400000002
-0.023410983200000002
-0.0125111096
-0.0197554159
-0.023417856
-0.023621257000000003
-0.021499086400000002
-0.009742109300000001
-0.0234431813
-0.0234044371
-0.020470175
-0.0211805781
-0.023626944
-0.0065975129000000006
-0.0226544428
-0.023414177600000002
-0.0190213452
-0.012690843
-0.023591793500000003
-0.023608600400000002
-0.0181908496
-0.0024646611
-0.023115731100000002
-0.023415678000000002
-0.0231217327
-0.0147395787
-0.023611008300000003
-0.0160290636
-0.0174994072
-0.0234126288
-0.0227165037
-0.0084809505
-0.023269159100000002
-0.023607934900000002
-0.0236289889
-0.013645170000000002
-0.0194754824
-0.023421086700000003
-0.023408926200000003
-0.013317465700000001
-0.0234722939
-0.023627016600000002
-0.0014958746
-0.023448832000000003
-0.0234011338
-0.011473244200000001
-0.0199943425
-0.023568549400000003
-0.023619260500000003
-0.0212509759
-0.010717357200000001
-0.023441209
-0.023410087800000003
-0.019845706100000002
-0.021448714100000002
-0.0236025625
-0.0196025687
-0.0228508016
-0.0234110195
-0.0183873657
-0.013172447200000001
-0.023608261600000003
-0.023472439100000003
-0.0039363236000000005
-0.0158728042
-0.0234269673
-0.023408454300000003
-0.0089499586
-0.023580843
-0.0236284444
-0.0022844316
-0.023420868900000003
-0.0234078614
-0.0151235359
-0.0176756437
-0.0235814843
-0.023626254300000003
-0.012001651200000001
-0.006478243200000001
-0.023432642200000003
-0.023404739600000002
-0.021885294200000002
-0.019293679900000003
-0.0236205189
-0.0098064329
-0.0215011797
-0.023413645200000003
-0.020719289800000002
-0.010119943900000001
-0.0235885386
-0.023621571600000002
-0.020858524500000003
-0.0015291375
-0.0224675099
-0.0234189329
-0.0233084962
-0.011277405700000001
-0.023599101900000002
-0.023581569
-0.0023448711
-0.0234311902
-0.023081064600000003
-0.007719582200000001
-0.0223718957
-0.0236071726
-0.0234826757
-0.0044365981
-0.017080602
-0.023434917000000003
-0.0234167186
-0.007602647800000001
-0.0230616078
-0.023624282
-0.0026948394000000002
-0.0234118907
-0.023405925400000003
-0.008231400100000001
-0.0175497311
-0.023581992500000003
-0.0236262785
-0.0119410907
-0.007366625200000001
-0.0234421044
-0.0234022712
-0.0123303477
-0.019706241500000003
-0.023616985700000002
-0.021419165900000002
-0.0097734967
-0.023404739600000002
-0.010888354400000001
-0.021202188700000003
-0.0235858887
-0.0236222734
-0.020007688800000003
-0.0015666233000000002
-0.0226410602
-0.0234161378
-0.023299227600000003
-0.0128329454
-0.023584823900000003
-0.0235083882
-0.0024837912
-0.0234237487
-0.023095875000000002
-0.014687657600000001
-0.0228901871
-0.023602865
-0.0233048541
-0.0030055795
-0.0175448911
-0.023420518
-0.0234104387
-0.015251493400000002
-0.0232825296
-0.023625867100000003
-0.013768263300000002
-0.019659257200000002
-0.0234056713
-0.008067372500000001
-0.0179657291
-0.0235847634
-0.023626205900000002
-0.0121543411
-0.0086665282
-0.023448275400000003
-0.023407486300000002
-0.0204793347
-0.0082294641
-0.0235928341
-0.0219017986
-0.0116306531
-0.023419174900000003
-0.0078188869
-0.0203690795
-0.0235722036
-0.0236168042
-0.0210515558
-0.0029679848
-0.023068371700000003
-0.023415399700000002
-0.0230022089
-0.006241373600000001
-0.023590958600000003
-0.0235722399
-0.006860833100000001
-0.023334027200000003
-0.0225114571
-0.012553048200000002
-0.0224828406
-0.0236086609
-0.0234766741
-0.0050151354000000006
-0.0193620449
-0.0234304158
-0.023408200200000003
-0.011928712400000001
-0.023047438700000002
-0.0236071726
-0.0156004937
-0.0209899547
-0.0233863113
-0.006093802000000001
-0.0233679556
-0.023584860200000002
-0.023626532600000003
-0.0130182327
-0.0105201393
-0.0234505381
-0.0234100757
-0.0194717072
-0.007810114400000001
-0.0235905351
-0.0216116769
-0.0023303269
-0.023431311200000002
-0.018078440600000002
-0.0099540045
-0.023579415200000002
-0.023608346300000003
-0.0200773001
-0.0027987784
-0.023113528900000003
-0.023406760300000003
-0.0230279577
-0.0075214568
-0.0223960352
-0.023616901000000003
-0.004423481700000001
-0.023332333200000003
-0.023407147500000003
-0.0080535059
-0.023144359700000002
-0.023603772500000002
-0.0231198209
-0.0024352460000000003
-0.0190648689
-0.0234225145
-0.023408599500000002
-0.0148039507
-0.0188114949
-0.023606519200000002
-0.0220540166
-0.0071082781000000005
-0.023404679100000002
-0.015201145300000002
-0.021554879500000002
-0.0235855862
-0.0235775034
-0.0049637467000000005
-0.009046456100000001
-0.023402960900000002
-0.0233830806
-0.0230465917
-0.020286037200000002
-0.0235566188
-0.0214438015
-0.0007766143
-0.0233097667
-0.023361966100000003
-0.023477545300000003
-0.023534028100000003
-0.0227341939
-0.000575476
-0.0012504382
-0.021924304600000003
-0.023257603600000003
-0.023326029100000003
-0.023408478500000003
-0.023495175
-0.019502126600000003
-2.8047800000000003e-05
-0.0131967682
-0.0232346499
-0.0234071354
-0.023489318600000003
-0.0234437621
-0.0025121778000000003
-5.7390300000000005e-05
-0.015742789700000002
-0.023185983700000003
-0.023269631000000002
-0.0233498782
-0.0234542407
-0.0232671142
-0.0014967700000000001
-0.0050610428
-0.023202258200000003
-0.0233162644
-0.023492162100000002
-0.0232236026
-0.0141498005
-1.05512e-05
-0.007546552200000001
-0.023189758900000003