voltage
0.1015021447
-0.1015021568
0.1015021447
0.1015021447
0.0192024943
-0.045762321
0.1015021447
0.028119323100000003
-0.0044834251000000006
-0.019315036400000003
0.028894993600000002
-0.0207886228
-0.013395873700000002
0.0246276261
-0.029059311600000002
-0.1015021568
0.1015021447
-0.042634192700000004
0.0159415927
0.1015021447
0.1015021447
0.1015021447
-0.1015021568
0.05878770480000001
0.028102685600000003
-0.0136048407
-0.018490385100000003
0.025704526100000003
-0.0237995021
-0.0062573819
-0.010958570700000001
-0.0405144179
-0.1015021568
-0.0945602658
0.1015021447
0.0548844505
-0.1015021568
-0.1015021568
0.1015021447
0.0666071362
0.1015021447
-0.1015021568
-0.0949100526
0.1015021447
0.019477805600000002
0.052329462900000005
-0.1015021568
0.08836031050000001
0.1015021447
-0.1015021568
-0.1015021568
0.1015021447
0.1015021447
0.0780533853
-0.0446541062
0.0228541412
-0.0170506061
-0.015549407500000001
0.019947709100000002
-0.0260401801
-0.0006879455000000001
0.0137111755
0.1015021447
0.0401778322
0.015859712
0.1015021447
0.1015021447
0.0984257439
0.05840288850000001
-0.1015021568
0.1015021447
0.1015021447
-0.1015021568
-0.07632625550000001
0.015859712
0.1015021447
-0.059963231900000004
-0.1015021568
0.1015021447
-0.1015021568
-0.1015021568
-0.1015021568
0.1015021447
0.1015021447
0.033533770600000005
0.036765813700000004
-0.1015021568
0.1015021447
-0.1015021568
-0.1015021568
-0.1015021568
0.0363668646
0.0420276439
0.0414999387
0.0984856389
0.1015021447
-0.1015021568
-0.1015021568
0.015859712
-0.015859712
0.0402788067
0.0085064573
-0.0977391657
0.1015021447
-0.0924677765
-0.1015021568
0.1015021447
-0.1015021568
-0.09056559600000001
0.0688241708
-0.0278228852
0.047579136
-0.009796716600000002
-0.015859712
0.1015021447
0.04878092010000001
0.0852699826
-0.031157439500000002
-0.1015021568
-0.0665468782
-0.0825475794
-0.0148347089
-0.1015021568
0.095158272
0.0395580218
-0.0164335908
-0.061042600300000006
0.1015021447
0.1015021447
-0.0810874119
0.1015021447
-0.1015021568
0.0677066511
0.0661921788
0.0683325357
0.1015021447
0.085072196
-0.022566016
-0.1015021568
-0.1015021568
-0.1015021568
-0.1015021568
0.06857754860000001
0.0
-0.07788738540000001
-0.1015021568
0.047579136
-0.056472321400000004
0.0115713389
0.1015021447
0.0319947958
-0.015859712
0.1015021447
0.050615788300000006
-0.1015021568
-0.015859712
-0.1015021568
0.0431387627
0.0370198169
0.037861940600000005
0.0345610001
0.0015935458
0.1015021447
0.030003861800000003
0.047153857300000004
0.021221076800000002
-0.1015021568
0.1015021447
0.1015021447
-0.010618342900000001
0.028833356200000004
0.0272116053
0.050670468200000006
-0.1015021568
0.1015021447
0.027010055600000003
0.013667748600000001
-0.030460201200000002
0.0099455466
-0.1015021568
-0.0805903439
0.0
0.047579136
0.1015021447
-0.1015021568
0.04403553
0.031719424
-0.0106295959
0.1015021447
0.0395556139
-0.1015021568
-0.1015021568
0.1015021447
0.0116975298
0.0547152199
0.042397177900000006
-0.0633713179
-0.1015021568
0.0278125881
0.0213581335
0.1015021447
0.007320645200000001
-0.055044618200000006
0.1015021447
-0.1015021568
-0.0339554919
0.1015021447
-0.1015021568
0.049724780600000004
-0.015859712
0.1015021447
-0.08586192670000001
0.0135947735
0.1015021447
0.0343680051
-0.0520403092
0.009648104400000001
0.10136604390000001
-0.015859712
-0.1015021568
-0.054443357100000006
0.0105386765
0.0573385604
0.0339839632
-0.1015021568
-0.1015021568
-0.0901516187
0.015912080800000002
-0.07730140660000001
-0.1015021568
-0.1015021568
0.0220380688
0.0263173911
0.035439193900000006
0.1015021447