voltage
0.1015021447
0.1015021447
0.1015021447
-0.08383120790000001
0.1015021447
0.1015021447
-0.1015021568
0.0489451776
-0.1015021568
0.08491938510000001
-0.1015021568
0.1015021447
-0.015859712
0.06220326860000001
0.1015021447
0.1015021447
0.1015021447
-0.1009527563
0.1015021447
0.06107086590000001
-0.1015021568
-0.1015021568
-0.1015021568
0.1015021447
-0.1015021568
0.1015021447
0.0646596291
0.032996530600000004
0.0864320908
0.1015021447
-0.061229835700000006
0.0408870858
-0.1015021568
-0.0272978783
-0.1015021568
0.1015021447
0.0331788534
-0.1015021568
0.0408373548
0.1015021447
-0.1015021568
-0.1015021568
0.1015021447
0.0738363538
-0.1015021568
0.1015021447
0.0134616856
0.1015021447
0.1015021447
0.1015021447
-0.06901276140000001
0.1015021447
-0.1015021568
0.07485544000000001
0.0251961204
-0.1015021568
-0.024980111200000002
0.1015021447
0.021005721
0.1015021447
0.06912648930000001
0.0868158423
0.1015021447
0.0245195126
0.0215128804
-0.09134885320000001
0.1015021447
0.1015021447
0.1015021447
-0.1015021568
0.026750873600000002
0.025798422100000003
0.0282183737
0.0253810689
0.1015021447
-0.09728813820000001
-0.07705008960000001
0.0602111851
0.1015021447
0.1015021447
0.017433825200000003
-0.1015021568
0.1015021447
0.0014028861000000001
0.0063963383
0.0278237201
0.0253920678
0.0289699773
0.1015021447
0.1015021447
0.046672132100000006
0.045494354400000006
0.0277399034
-0.020644197200000002
-0.0473495385
0.1006576131
0.0282621878
-0.065145432
-0.1015021568
-0.1015021568
0.1015021447
0.1015021447
0.1015021447
0.1015021447
-0.1015021568
0.1015021447
0.0249461223
0.1015021447
0.1015021447
-0.1015021568
-0.1015021568
0.1015021447
-0.1015021568
0.0256142964
0.026734829
-0.053879436600000004
-0.1015021568
0.07058564040000001
0.0010146092000000002
-0.031943044100000005
-0.1015021568
0.042664309600000005
0.1015021447
0.08322481640000001
-0.1015021568
-0.0014404566
0.0518722281
-0.012094446100000001
0.0019024104000000001
0.029187692600000002
0.0281256393
0.026871365400000003
0.0273703694
0.0451555181
0.1015021447
0.007345970500000001
0.0720767355
-0.1015021568
0.1015021447
-0.0708493236
0.1015021447
0.1015021447
0.1015021447
-0.1015021568
-0.0812047698
0.1015021447
-0.1015021568
-0.1015021568
-0.1015021568
0.1015021447
-0.1015021568
-0.1015021568
0.036819259400000005
0.0461533083
0.1015021447
-0.1015021568
-0.1015021568
-0.1015021568
0.0508647942
0.0125391574
0.1015021447
-0.1015021568
0.1015021447
-0.0516543676
0.0719167614
-0.015859712
-0.1015021568
-0.09846141470000001
-0.1015021568
-0.06556084920000001
-0.1015021568
-0.1015021568
0.1009363971
-0.1015021568
0.0058846898000000005
-0.0468553019
-0.0425806502
-0.1015021568
-0.1015021568
0.1015021447
0.1015021447
0.0247985628
0.026679338400000002
0.025681838600000003
-0.1015021568
0.1015021447
0.1015021447
0.1015021447
-0.0609235726
-0.1015021568
0.1015021447
0.1015021447
0.1015021447
0.0360433469
0.026302544400000002
0.0616104291
0.1015021447
0.1015021447
0.1015021447
-0.0173430389
0.1015021447
0.1015021447
-0.1015021568
0.0709100051
0.1015021447
0.053100801600000004
0.0373186869
0.1015021447
0.0261123566
0.0255027586
-0.042896968400000006
0.1015021447
-0.1015021568
0.1015021447
-0.1015021568
0.1015021447
-0.0199126796
0.1015021447
-0.09404980310000001
0.1015021447
-0.1015021568
-0.1015021568
0.012070826900000001
0.07894530050000001
-0.053328922900000006
0.09466788320000001
-0.1015021568
0.0269727392
-0.0728565684
-0.0688440148
-0.1015021568
-0.0939937559
0.1015021447
0.0414609404
0.1015021447
-0.0027159176
-0.09188570600000001
0.027740726200000003
0.0255919961
0.027594993800000002
0.0516946848
0.053075548900000005
-0.1015021568
-0.017508312800000002
-0.09740107960000001
-0.1015021568
0.011309664300000001
0.029909723800000003
-0.1015021568
0.1015021447
0.1015021447
0.1015021447
0.0368898266
-0.1015021568
-0.1015021568
-0.1015021568
-0.0909345129
-0.013206230400000001
-0.084538707
-0.0031849499
-0.1015021568
0.1015021447
-0.0782650143
-0.0055754985000000005
0.0026398933
0.1015021447
0.06429760920000001
0.1015021447
-0.1014517966
0.1015021447
-0.0706535819
0.1015021447
-0.0252681638
-0.1015021568
-0.1015021568
-0.1015021568
0.0348255424
0.1015021447
0.051370961400000005
0.0294393
-0.019877867900000002
-0.0008033916000000001
-0.0834406199
0.1015021447
0.1015021447
-0.1015021568
-0.0588396017
0.1015021447
-0.1015021568
0.008156852000000001
-0.004516700100000001
0.1015021447
-0.0239297465
-0.0040356041
-0.0489643561
0.024738002300000003
0.0269421746
0.023910192900000002
0.0228182284
0.0205651963
0.0238019584
0.026887143800000003
-0.1015021568
0.1015021447
-1.9723e-06
-0.0365234991
0.1015021447
-0.1015021568
0.1015021447
0.0168550096
-0.0358773349
0.1015021447
-0.030986720600000003
0.07625403060000001
0.032875591100000004
0.0052935201
-0.0935872806
0.1015021447
-0.1015021568
-0.1015021568
-0.1015021568
0.0255451691
0.0275906983
0.024505452400000002
0.025940706
0.1015021447
-0.1015021568
0.039602937000000005
0.0015322351
0.1015021447
0.1015021447
-0.1015021568
-0.1015021568
0.007117510400000001
-0.07546742170000001
-0.0572387596
0.0061081889
-0.1015021568
-0.1015021568
0.1002037421
-0.1015021568
-0.1015021568
-0.1015021568
0.09049869510000001
-0.030300021400000002
-0.1015021568
-0.1015021568
0.1015021447
0.1015021447
-0.1015021568
0.1015021447
0.1015021447
0.0632392222
0.1015021447
0.1015021447
0.005687871200000001
0.1015021447
0.09399446980000001
0.034070212
0.024518508300000002
0.1015021447
0.1015021447
-0.0313992822
-0.1015021568
0.1015021447
0.0340128217
-0.1015021568
-0.0880077407
0.046418262
0.1015021447
0.1015021447
0.0048597472
-0.1015021568
0.1015021447
0.030009948100000003
0.0253944636
0.0278850671
0.0182191636
0.1015021447
0.1015021447
-0.1015021568
-0.1015021568
-0.044709923500000005
0.1015021447
0.019802327600000003
0.0237835664
0.025212128700000003
-0.1015021568
0.1015021447
0.1015021447
0.1007613101
-0.1015021568
-0.1015021568
-0.08535408970000001
0.1015021447
0.1015021447
0.1015021447
0.1015021447
-0.1015021568
0.1015021447
0.0759292787
0.1015021447
0.1015021447
0.0557204395
-0.012947459800000002
0.1015021447
0.1015021447
0.1015021447
-0.1015021568
-0.1015021568
0.0265935373
-0.0321243868
0.1015021447
-0.1015021568
0.0247156899
0.0271715301
0.1015021447
0.1015021447
0.028105238700000004
-0.1015021568
0.0002061598
0.1015021447
0.1015021447
0.0731926096
-0.1015021568
0.1015021447
0.1015021447
0.1015021447
0.1015021447
-0.1015021568
0.046275808700000004
0.09276811060000001
0.0273927544
-0.1015021568
0.0604531851
-0.1015021568
-0.1015021568
0.06223007010000001
0.0570182008
0.1015021447
-0.024595089200000003
0.1015021447
0.1015021447
0.025762630300000002
0.023839541000000002
-0.1015021568
0.1015021447
0.0020788526
0.0579276489
0.1015021447
0.018345318200000002
0.1015021447
0.026073636600000002
0.027956203000000002
0.1015021447
-0.1015021568
0.08730876
0.0253903254
0.0250845584
-0.017914340400000003
0.1015021447
0.05701754740000001
0.0244320175
0.024954144600000002
0.0279084806
0.1015021447
0.1015021447
0.1015021447
0.08560642310000001
0.1015021447
0.024866189700000003
0.025701283300000002
0.025979462300000002
0.08967141810000001
0.1015021447
0.028704624300000002
0.0246061365
0.0269993834
0.0254918807
0.027046246700000002
-0.1015021568
0.10115155930000001
0.1015021447
0.1015021447
-0.1015021568
-0.1015021568
0.1015021447
0.1015021447
-0.1015021568
-0.1015021568
0.1015021447
0.05458248290000001
-0.09104958390000001