voltage
0.0656171747
-0.06651088070000001
0.1015021447
0.1015021447
0.1015021447
-0.1015021568
0.0383161746
0.035144982400000004
0.034364484
0.032386134000000004
0.0333416589
-0.07796244170000001
-0.1015021568
-0.1015021568
0.0272609733
0.029692952300000002
-0.1015021568
-0.0723712616
-0.1015021568
0.0286634238
0.0289222186
0.0301792271
0.0294052022
0.0301513971
-0.1015021568
0.1015021447
0.1015021447
-0.0768170799
0.0714262637
0.1015021447
0.1015021447
-0.1015021568
0.1015021447
-0.1015021568
-0.1015021568
0.0250481616
0.0280452711
0.026850565500000003
-0.1015021568
0.1015021447
0.0860834535
0.0151531809
-0.0321480544
0.09306881980000001
0.008248086
0.0359417069
-0.0903992089
-0.1015021568
-0.1015021568
0.0253840939
0.0259135173
-0.1015021568
0.0858961455
0.1015021447
-0.1015021568
-0.1015021568
-0.1015021568
-0.09918970160000001
-0.1015021568
-0.1015021568
-0.1015021568
-0.0272858872
-0.1015021568
-0.1015021568
0.1015021447
-0.1015021568
-0.0234213529
-0.1015021568
-0.1015021568
0.1015021447
-0.1015021568
0.1015021447
-0.1015021568
-0.1015021568
0.07561853860000001
0.1015021447
0.1015021447
-0.1015021568
-0.1015021568
0.0501894448
0.0241475586
0.0397026289
-0.1015021568
0.1015021447
0.0257620616
0.1015021447
0.005268291600000001
-0.1015021568
-0.05593660600000001
-0.1015021568
-0.1015021568
0.023420675300000002
0.024636217100000003
0.023805939300000002
0.018454895800000003
0.0231168443
0.026079456700000003
0.027428921300000002
0.024934034400000003
-0.1015021568
-0.1015021568
-0.0556533934
-0.1015021568
-0.1015021568
-0.1015021568
-0.1015021568
0.0441101023
-0.1015021568
-0.1015021568
0.036995387000000005
0.1015021447
0.023909600000000003
-0.1015021568
0.1015021447
-0.03459753
-0.1015021568
-0.0448665096
-0.1015021568
0.1015021447
-0.1015021568
0.028517388900000003
0.0273394539
0.021057980900000002
0.0185446899
0.0257837448
0.1015021447
0.1015021447
-0.1015021568
0.029017590800000003
0.0283706401
0.0263657669
-0.06650451610000001
0.0143830038
-0.1015021568
0.1015021447
0.05969199830000001
0.1015021447
0.026576645700000002
-0.1015021568
-0.0901920206
0.1015021447
0.1015021447
0.030989830300000003
0.024186121300000002
0.025363342400000002
-0.1015021568
-0.1015021568
-0.0636401436
-0.1015021568
0.0169808738
-0.0981831147
0.025011825300000002
0.033530842400000004
0.012473696400000001
0.1015021447
-0.06747787640000001
0.0351251626
0.1015021447
0.1015021447
0.07033071760000001
0.1015021447
0.040920009900000005
0.0105712618
0.035745953100000005
-0.0829127816
0.1015021447
-0.07872298720000001
0.1015021447
0.0730112306
-0.1015021568
0.1015021447
0.0276188308
-0.0852238211
-0.0985225197
-0.1015021568
-0.0574226554
0.1015021447
-0.0225028177
0.019765446800000003
0.0268110106
-0.0667251112
0.029805397600000002
0.030638010700000003
-0.1015021568
0.1015021447
-0.1015021568
0.1015021447
-0.1015021568
-0.0735105734
0.1015021447
0.1015021447
-0.0262628201
-0.1015021568
0.0249561774
0.019266104000000003
-0.1015021568
-0.1015021568
-0.1015021568
0.025980623900000003
-0.1015021568
-0.1015021568
-0.1015021568
0.1015021447
-0.0353584022
-0.045679315000000005
-0.1015021568
-0.1015021568
0.030991221800000003
0.031719424
0.1015021447
-0.1015021568
-0.1015021568
-0.1015021568
-0.08084978000000001
0.1015021447
-0.1015021568
0.1015021447
0.027637307500000003
0.0486901459
0.1015021447
-0.0887579165
0.1015021447
-0.0892870979
-0.1015021568
-0.1015021568
-0.1015021568
-0.007726067800000001
-0.1015021568
0.1015021447
0.1015021447
0.1015021447
0.0660094325
0.09580597290000001
0.0465706373
0.1015021447
-0.1015021568
-0.005640765900000001
-0.1015021568
0.1015021447
-0.015859712
-0.1015021568
-0.1015021568
-0.1015021568
-0.09852846080000001
-0.1015021568
-0.10080829440000001
-0.1015021568
-0.1015021568
-0.1015021568
-0.1015021568
-0.1015021568
-0.1015021568
-0.1015021568
-0.1015021568
0.043405120000000005
0.09644377600000001
0.088637824
0.098983808
0.08887014400000001
0.10110566400000001
0.1015021447
0.096648992
0.09430643200000001
3.63e-08
0.08895145600000001
0.10034675200000001
0.000172909
0.0805376
0.022222376000000002
0.090233088
0.09931834880000001
0.09382630400000001
0.1001016544
0.1015021447
0.0900317803
0.09552998400000001
0.08379011630000001
-0.1015021568
-0.1015021568
-0.1015021568
-0.1015021568
3.0976e-06
-0.1015021568
7.744e-07
-0.1015021568
2.42e-08
-0.1015021568
-0.1014092288
-0.1015021568
-0.1007587328
-0.1015021568
-0.10149944640000001
-0.055942656
0.1015021447
-0.1015021568
-0.1015021568
-0.10150207210000001
-0.1015021568
0.047734016000000004
0.06741152
0.0004283037
0.02181872
-0.1015021568
-0.1015021568
-0.101496736
-0.1015014308
-0.1015021568
-0.10150070480000001
-0.1015021568
-0.1015021568
0.0001982464
-0.1015021568
4.95616e-05
-0.1015021568
9.68e-08
-0.1015021568
-0.09852846080000001
0.09175865600000001
0.089226368
0.09912356300000001
0.09726754400000001
0.089691008
-0.0253755392
0.095808768
0.095158272
0.10118310400000001
0.09971948800000001
0.090635776
0.08897081600000001
0.092262016
0.09162700800000001
0.1015021447
0.005386920000000001
0.092242656
0.000382481
0.08894758400000001
0.1015021447
1.6940000000000002e-07
0.07982515200000001
-0.0959512576
-0.1015021568
-0.10131630080000001
-0.1015021568
-0.1015021568
-0.1015021568
-0.1015021568
0.0063438848
-0.09555476480000001
-0.1015021568
-0.09555476480000001
-0.1015021568
-0.1015021568
-0.1015021568
-0.1015021568
-0.1015021568
-0.1015021568
-0.1015021568
0.1015021447
1.23904e-05
-0.1015021568
0.1015021447
-0.1015021568
0.0936965678