-0.1015021568
-0.1015021568
-0.1015021568
-0.1015021568
0.06244759180000001
-0.00011674080000000001
-0.0778791937
-0.053923020800000006
-0.0126877696
-0.1015021568
-0.0570949632
-0.1015021568
-0.1015021568
0.0365550075
-0.040248835000000004
-0.1015021568
-0.1015021568
-0.1015021568
-0.1015021568
0.0825763411
-0.08296775190000001
-0.1015021568
-0.1015021568
-0.1015021568
-0.1015021568
-0.0687452062
0.039645287
-0.0062435516
-0.1015021568
-0.1015021568
-0.1015021568
-0.1015021568
0.0973633034
-0.0284505606
-0.1015021568
-0.1015021568
-0.1015021568
-0.1015021568
0.1015021447
0.0358773833
-0.011504087100000001
-0.1015021568
-0.1015021568
-0.1015021568
-0.10080829440000001
0.09155554540000001
0.0084178006
-0.1015021568
-0.1015021568
-0.1015021568
-0.1015021568
3.63e-08
0.028714304300000004
-0.08241134550000001
-0.1015021568
-0.1015021568
-0.1015021568
-0.1015021568
0.1015021447
-0.0065331409000000005
-0.1015021568
-0.1015021568
-0.1015021568
-0.0653521242
0.0851863353
-0.0013101517
-0.0949712907
-0.1015021568
1.23904e-05
-0.1015021568
-0.1015021568
0.0473015741
0.1015021447
-0.0118218331
-0.1015021568
-0.1015021568
-0.1015021568
-0.1015021568
0.1015021447
0.0123722258
-0.1015021568
-0.1015021568
-0.1015021568
-0.1015021568
0.1015021447
0.00035569160000000004
-0.1015021568
-0.1015021568
-0.1015021568
-0.1015021568
0.1015021447
0.0066628650000000005
-0.1015021568
-0.1015021568
-0.1015021568
0.09026564910000001
-0.028703063400000003
-0.1015021568
-0.0507510784
0.0030808899
-0.1015021568
-0.1015021568
-0.1015021568
0.1015021447
0.014146182600000001
-0.1015021568
-0.1015021568
-0.1015021568
-0.1015021568
0.0984078238
-0.0194839766
-0.1015021568
-0.1015021568
-0.1015021568
0.0418356411
0.1015021447
-0.0069659337
-0.1015021568
-0.1015021568
-0.1015021568
-0.028645189100000003
0.0903631993
0.0007929856
-0.1015021568
-0.08744579250000001
-0.0123685474
-0.1015021568
-0.1015021568
0.07969589980000001
-0.1015021568
-0.1015021568
-0.1015021568
-0.1015021568
0.1015021447
0.0005489891000000001
-0.1015021568
-0.1015021568
-0.1015021568
0.05284881910000001
0.0656721329
-0.0539149864
-0.1015021568
-0.1015021568
-0.1015021568
-0.015861067200000002
0.024100743700000003
-0.0939802886
-0.1015021568
-0.1015021568
0.1015021447
-0.0128365391
-0.1015021568
-0.1015021568
0.0136516919
-0.1015021568
-0.1015021568
-0.0439753567
0.0354932325
-0.0205100808
-0.1015021568
-0.1015021568
-0.1015021568
0.0662548568
0.06403875390000001
-0.05461966620000001
-0.1015021568
-0.1015021568
-0.1015021568
0.002327193
0.08904117750000001
-0.09443791060000001
-0.1015021568
-0.1015021568
-0.1015021568
0.1015021447
-0.1015021568
-0.1015021568
-0.1015021568
0.1015021447
-0.1015021568
-0.1015021568
0.1015021447
0.00014327610000000002
-0.1015021568
-0.1015021568
-0.1015021568
-0.0828410044
0.0619094201
-0.055682493900000005
-0.1015021568
-0.1015021568
-0.1015021568
0.1015021447
0.0216128264
9.68e-08
-0.1015021568
-0.1015021568
-0.1015021568
0.1015021447
0.0025308118000000003
-0.1015021568
-0.1015021568
0.053412751700000004
0.0747140636
-0.1015021568
-0.1012637747
0.0951330556
-0.1015021568
-0.1015021568
-0.1015021568
0.1015021447
0.061503828100000005
-0.0088268048
-0.1015021568
-0.1015021568
-0.1015021568
0.1015021447
0.0214575229
-0.0954347933
-0.1015021568
-0.1015021568
-0.1015021568
0.1015021447
0.047087379900000004
-0.0703641499
-0.1015021568
-0.1015021568
-0.08795427080000001
-0.0050700331
-0.1015021568
-0.1015021568
-0.1015021568
0.033198358600000005
-0.1015021568
-0.1015021568
-0.1015021568
0.1015021447
0.0005680345000000001
-0.1015021568
-0.1015021568
-0.0957542938
-0.09594938210000001
0.1015021447
-0.0023695672
-0.1015021568
-0.1015021568
-0.09747468390000001
-0.1015021568
0.1015021447
0.0457769499
-0.0711194077
-0.1015021568
-0.1015021568
-0.1015021568
0.0732125141
-0.0452775708
-0.1015021568
-0.0943461684
0.1015021447
-0.08428023890000001
-0.1015021568
-0.1015021568
0.1015021447
-0.0097937279
-0.1015021568
-0.1015021568
-0.1015021568
-0.0994727569
0.1015021447
0.0204367669
-0.09663986860000001
-0.1015021568
-0.1015021568
-0.1011544996
0.1015021447
0.0020904565000000003
-0.0721348276
-0.1015021568
-0.1015021568
-0.09435559430000001
-0.0719510649
0.1015021447
-0.005849454600000001
-0.1015021568
-0.09726557170000001
0.0193133303
-0.0004858271
-0.1015021568
-0.1003267386
0.1015021447
-0.0596115212
-0.1015021568
-0.099584452
-0.0923907721
0.054650363900000005
0.0809355811
-0.0353575552
-0.1015021568
-0.1015021568
-0.0901974051
-0.009562569500000001
0.0970899281
-0.017137762400000003
-0.1015021568
-0.1015021568
-0.0955708578
-0.0978297342
0.1015021447
0.0104377383
-0.0476150004
-0.1015021568
0.029029727100000003
0.09021779360000001
-0.1015021568
-0.1015021568
0.1015021447
0.004991661400000001
-0.1015021568
-0.1015021568
-0.08784165610000001
-0.0774559962
0.1015021447
0.0181448817
-0.09821164650000001
-0.1015021568
-0.0891294591
-0.09412983250000001
0.1015021447
-0.0178169596
-0.1015021568
-0.1015021568
-0.09239499500000001
-0.09505187670000001
0.1015021447
0.06903668310000001
-0.0484880638
-0.1015021568
-0.0868349966
0.1015021447
0.029003409600000002
-0.1015021568
-0.08562186270000001
0.1015021447
-0.0116070339
-0.1015021568
-0.08502772850000001
-0.0704392667
0.1015021447
0.0792688787
-0.0374741477
-0.1015021568
-0.09886827720000001
-0.0897523429
0.1015021447
0.0398562989
-0.07501104600000001
-0.1015021568
-0.1015021568
-0.0841719197
-0.0474687114
0.1015021447
-0.0070584382
-0.1015021568
-0.1015021568
-0.08077114210000001
0.026836154400000003
-0.08770423640000001
-0.1015021568
-0.012539217900000002
0.004138526700000001
-0.1015021568
-0.1015021568
-0.09026745200000001
0.1015021447
0.0784609133
-0.0385779339
-0.1015021568
-0.1015021568
-0.08276943290000001
0.022764758500000003
0.0963117287
-0.0760436721
-0.1015021568
-0.1015021568
-0.0816434795
-0.0367621595
0.1015021447
-0.0077321057
-0.1015021568
-0.1015021568
-0.0919732495
0.1015021447
-0.029054895100000002
-0.1015021568
-0.09811170050000001
0.1015021447
-0.06406259090000001
-0.1015021568
-0.0809709494
0.0841897914
0.0760355288
-0.0398064953
-0.1015021568
-0.1015021568
-0.09401772600000001
-0.0815311068
-0.0834928072
0.1015021447
0.0366486857
-0.1015021568
-0.1015021568
-0.08549801920000001
-0.031194332400000004
0.1015021447
-0.008258516200000001
-0.1015021568
-0.1015021568
-0.08177978600000001
0.061724096500000006
0.0857243376
-0.030030058300000002
-0.1015021568
-0.1015021568
0.1015021447
0.0032707873000000004
-0.1015021568
-0.0795587947
0.10147737600000001
-0.041174013100000004
-0.1015021568
-0.09186818520000001
-0.0796803392
0.0939990678
-0.1015021568
-0.1015021568
-0.0787763724
-0.0218136259
0.059840066000000004
-0.0538473111
-0.1015021568
-0.1015021568
-0.0801462376
0.0685859097
0.0836365431
-0.0312803876
-0.1015021568
-0.1015021568
-0.0782611181
0.1015021447
-0.1015021568
-0.1015021568
-0.0803911295
0.07318202210000001
-0.1015021568
-0.07872479010000001
0.0031719303000000004
0.034040675900000004
-0.1015021568
-0.1015021568
-0.0815701293
-0.08475059010000001
0.1015021447
-0.0094308731
-0.1015021568
-0.1015021568
-0.07879186040000001
0.0743228464
0.0223324981
-0.09105517410000001
-0.1015021568
-0.1015021568
-0.0814357346
0.1015021447
0.046502357
-0.1015021568
-0.0793026619
0.011878255400000001
-0.0055589820000000005
-0.1015021568
0.0509268672
0.0315313658
-0.1015021568
-0.080529977
-0.08385247970000001
0.1015021447
0.057168785300000004
-0.0566558542
-0.1015021568
-0.10115358
-0.076515923
-0.0563864114
0.1015021447
-0.0340762862
-0.1015021568
-0.0905426302
-0.0809848886
0.1015021447
0.0020652522
-0.1015021568
-0.1015021568
-0.0757143222
0.09841704400000001
0.06956373490000001
-0.045780229000000006
-0.1015021568
-0.0687993053
0.1015021447
-0.1015021568
-0.0754355745
0.1015021447
-0.058227426400000004
-0.1015021568
-0.07728286940000001
0.08220968690000001
0.0778907976
-0.0933182976
-0.1015021568
-0.07692081320000001
0.031916968600000005
0.0947132219
-0.0177580084
-0.1015021568
-0.09503722360000001
-0.07759894560000001
0.10070486360000001
0.0679985152
-0.1015021568
-0.1015021568
-0.1015021568
0.1015021447
-0.08358745340000001
-0.1015021568
-0.07995361770000001
0.0048074268
-0.1015021568
-0.0816771054
0.08713523390000001
0.0174213501
-0.09423926490000001
-0.1015021568
-0.0870646546
-0.07309866520000001
0.1015021447
-0.0190140731
-0.1015021568
-0.0932043882
-0.0807223791
0.1015021447
0.0099607926
-0.1015021568
-0.1015021568
-0.0738602029
-0.059601744400000004
-0.0014372017000000002
-0.1015021568
-0.07644240340000001
0.1015021447
-0.1015021568
-0.0803735119
0.0907857313
-0.0041453995
-0.1015021568
-0.1015021568
-0.0736089706
0.046517143200000007
0.037328258
-0.1015021568
-0.1015021568
-0.0727943986
0.1015021447
0.06400452300000001
-0.0503062582
-0.1015021568
-0.0987326483
-0.07889504920000001
0.1015021447
-0.0016784031000000002
-0.1015021568
-0.0762790413
0.1015021447
-0.06286075840000001
-0.09470287640000001
0.0935584463
-0.0045584209
-0.1015021568
-0.0734584224
0.0514468405
0.1015021447
0.0004184664
-0.1015021568
-0.0907325397
-0.07558628
0.1015021447
0.0076288685
-0.1015021568
-0.1015021568
-0.0724848322
-0.0521576429
0.1015021447
-0.0307107559
-0.1015021568
-0.1015021568
6.0137000000000005e-06
-0.0253755392
-0.1015021568
-0.0784769216
0.07246155180000001
-0.1015021568
-0.0730396172
0.055597116300000006
0.033993014
-0.07754344290000001
-0.1015021568
-0.08950637410000001
-0.07762724750000001
0.1015021447
-0.1015021447
-0.1015021568
-0.1015021568
-0.0733289766
0.08053962070000001
0.08037366920000001
-0.0888351992
-0.1015021568
-0.0736714913
-0.07289683720000001
0.09538485660000001
-0.1015021568
-0.0923488456
-0.07868196820000001
0.012234576200000001
-0.1015021568
-0.07714315070000001
0.1015021447
-0.07892084640000001
-0.1015021568
-0.08861546320000001
-0.0769376927
0.1015021447
-0.010326636100000001
-0.1015021568
-0.1015021568
-0.07315656370000001
0.08338949740000001
0.020045743300000002
-0.0900235523
-0.1015021568
-0.08473524730000001
-0.0757695466
0.1015021447
0.0021337866
-0.1015021568
-0.0740163171
0.1015021447
-0.0992445267
-0.0815110571
0.1015021447
-0.0250377677
-0.1015021568
-0.07423838840000001
0.0112063908
0.1015021447
0.005383483600000001
-0.1015021568
-0.1015021568
-0.0727592118
0.08619480980000001
0.0186023464
-0.1015021568
-0.1015021568
-0.0723636144
-0.0691445667
0.1015021447
0.0016483346000000002
-0.0702177036
-0.1015021568
-0.07569162260000001
0.1015021447
-0.006946005000000001
-0.1015021568
-0.0715827046
0.08780441230000001
-0.0265821754
-0.1015021568
-0.0860799929
-0.07360437260000001
0.09733482
-0.0595828684
-0.1015021568
-0.0771323091
-0.0767523207
0.1015021447
0.016488706300000003
-0.1015021568
-0.1015021568
-0.0824396716
-0.07487294870000001
0.1015021447
0.037699268200000004
-0.0719638546
-0.1015021568
-0.08847557510000001
0.1015021447
-0.0486325015
-0.1015021568
-0.0697951353
0.1015021447
-0.028037539200000003
-0.1015021568
-0.1015021568
-0.073196288
0.1015021447
-0.013107881600000001
-0.1015021568
-0.1015021568
-0.07150389730000001
0.09377877520000001
0.0756273716
-0.09385176240000001
-0.1015021568
-0.0703517716
-0.0742104011
0.1015021447
0.037353873700000005
-0.1015021568
-0.1015021568
-0.08718327090000001
0.0017202691000000002
-0.0083019068
-0.1015021568
-0.0935371987
0.08026164740000001
-0.029356971600000004
-0.1015021568
-0.0709813346
0.1015021447
0.048220726400000004
-0.062793192
-0.1015021568
-0.0898030056
-0.0706944194
0.09648058420000001
0.0736757747
-0.0949015463
-0.1015021568
-0.07993638730000001
-0.07365453920000001
0.1015021447
0.0919983449
-0.07521172450000001
-0.1015021568
-0.0859606264
-0.0715006666
0.1015021447
-0.1015021568
-0.1015021568
-0.0740752804
-0.0021408167
-0.1015021568
-0.0701469791
-0.067042591
0.047749153100000004
-0.1015021568
-0.0886429665
-0.0703078486
0.1015021447
0.0130714122
-0.0960014968
-0.1015021568
-0.0686105332
0.1015021447
0.09991618560000001
-0.0226538257
-0.1015021568
-0.0850264701
-0.0712722065
0.1015021447
0.0065579701
-0.1015021568
-0.06931920600000001
0.1015021447
-0.0878897899
-0.069542935
0.1015021447
-0.0663394479
-0.1015021568
-0.0702659947
0.1000544644
0.1015021447
-0.043583401400000006
-0.1015021568
-0.078124255
-0.07303132870000001
0.1015021447
-0.0003369487
-0.1015021568
-0.1015021568
-0.0709478176
-0.0711408973
0.1012639441
-0.0104369639
-0.1015021568
-0.09044992
0.1015021447
-0.0338306562
-0.1015021568
-0.06792987190000001
0.0430894431
-0.1015021568
-0.07264451590000001
-0.0075712725
0.0684333166
-0.044983807
-0.1015021568
-0.09399173520000001
-0.07319394060000001
0.1015021447
-0.0007036392
-0.1015021568
-0.10078488090000001
-0.0672398089
0.021887097100000003
0.0553533618
-0.0112308449
-0.1015021568
-0.0899681222
-0.0735340111
0.1015021447
-0.1015021568
-0.09672341910000001
-0.0675484799
0.0015210063000000002
-0.1015021568
-0.0727675487
0.1015021447
-0.046856766
-0.1015021568
-0.09299909960000001
-0.0683141558
0.07508427520000001
0.08641483620000001
-0.0813263022
-0.1015021568
-0.0827814966
-0.07112624420000001
0.1015021447
0.004879204000000001
-0.058881746000000006
-0.1015021568
-0.0740781602
-0.07369615110000001
0.1015021447
0.0172677769
-0.1015021568
-0.06754793540000001
0.0552164261
0.001383272
-0.1015021568
-0.070094695
0.1015021447
0.0627964711
-0.099712349
-0.07643810790000001
-0.0731501749
0.1015021447
-0.0014950881000000001
-0.1015021568
-0.09931225040000001
-0.0671870529
0.0297847187
0.0973070384
-0.012966928700000002
-0.1015021568
-0.1015021568
-0.0669517926
-0.0223204707
0.1015021447
-0.004342218100000001
-0.1015021568
-0.0719985816
0.058685713900000006
-0.020190011600000002
-0.1015021568
0.006602413400000001
0.0087900813
-0.1015021568
-0.07571420120000001
-0.0420313223
0.1015021447
0.024988690100000002
-0.0842082076
-0.1015021568
-0.0691299499
-0.0668896712
0.1015021447
0.04725928460000001
-0.1015021568
-0.1015021568
-0.06655417450000001
-0.0169015341
0.1015021447
-0.0048315542
-0.1015021568
-0.1015021568
-0.0675800851
0.1015021447
-0.0745202095
-0.1015021568
-0.06650323350000001
0.10078737350000001
-0.1015021568
-0.0905906793
-0.07262134440000001
0.1015021447
-0.0022708796
-0.1015021568
-0.1015021568
-0.06669363910000001
0.0400954554
0.09681063590000001
-0.014909414300000002
-0.0507510784
-0.0867103545
-0.06877833600000001
0.09908640390000001
0.07140165230000001
-0.0416569362
-0.1015021568
-0.0936203741
-0.06740409060000001
0.0672774641
0.031041690900000002
-0.1015021568
-0.06992433910000001
0.1015021447
-0.053701385100000006
-0.08988849210000001
-0.0339111696
0.0200224024
-0.1015021568
-0.0964699241
-0.06790448610000001
-0.0623652634
0.0947434114
-0.0659437658
-0.1015021568
-0.0714209881
-0.0055255497
0.1015021447
-0.0059580763
-0.1015021568
-0.1015021568
-0.06670823170000001
0.0722542183
0.0882134407
-0.07802351040000001
-0.0819051783
0.1015021447
0.1003008204
-0.1015021568
-0.06718108760000001
0.0797914051
-0.1015021568
-0.0782980231
-0.058827150800000005
0.1015021447
0.0019093316000000002
-0.1015021568
-0.100114432
-0.0648591218
0.1015021447
0.0652531462
-0.0975283474
-0.1015021568
-0.0749609762
-0.0709025999
0.1015021447
-0.0009555733
-0.1015021568
-0.0809964925
-0.0691135786
0.0525648805
-0.1015021568
-0.0874924017
-0.0716115026
0.1015021447
-0.09020353980000001
-0.066633974
0.1015021447
-0.0184935916
-0.1015021568
-0.0698880028
-0.0701638707
0.1015021447
-0.007328546500000001
-0.1015021568
-0.09057210580000001
-0.0665551788
0.1015021447
0.0264617078
-0.1015021568
-0.1015021568
-0.06789710510000001
-0.0650056286
0.1015021447
-0.0125955192
-0.1015021568
-0.1015021568
0.0014901755
-0.0041949006
-0.1015021568
-0.0658360032
0.0359134534
-0.1015021568
-0.0831626829
-0.06940635020000001
0.1015021447
0.0082161904
-0.0998219508
-0.1015021568
-0.0655623859
-0.036552418100000005
0.1015021447
-0.0018019683
-0.1015021568
-0.07975782760000001
-0.0694780064
0.1015021447
0.0484063646
-0.0618067153
-0.1015021568
-0.08614978570000001
-0.0650746591
-0.012633392200000001
0.1015021447
-0.1015021568
-0.07637644630000001
-0.07026759190000001
0.089225763
-0.1015021568
-0.0651099427
0.1015021447
0.0069841079000000006
-0.1015021568
-0.1015021568
-0.0733688945
-0.0711482299
0.1015021447
0.021676290900000002
-0.0848743973
-0.1015021568
-0.0788742372
-0.0692190059
0.1015021447
0.0449497213
-0.06357695740000001
-0.1015021568
-0.1015021568
-0.06465837070000001
-0.0070488308
0.1015021447
0.012973027100000001
-0.1015021568
-0.0699151068
0.0702656559
0.032566641800000004
-0.1015021568
-0.06833207590000001
0.1015021447
-0.0095974538
-0.1015021568
3.4969000000000003e-06
-0.0649431926
-0.028457481800000003
0.1015021447
-0.0026733135000000002
-0.1015021568
-0.0951310954
-0.0650308571
0.0497736646
0.0940639238
0.0020552576
-0.1015021568
-0.1015021568
-0.0701080413
-0.0702612757
0.1007438377
0.0674292828
-0.0428189718
-0.1015021568
-0.0703245103
0.1015021447
0.0297992387
-0.1015021568
-0.06822222
0.09997758100000001
-0.0548241199
-0.1015021568
-0.06445527220000001
-0.0705330175
0.0910608611
0.07896870190000001
-0.0333555013
-0.1015021568
-0.0773621002
-0.0690471738
0.1015021447
0.0412016979
-0.0669490096
-0.1015021568
-0.10077550340000001
-0.06417848470000001
0.0032185395
0.0126877575
-0.0064178884
-0.1015021568
-0.09038708470000001
0.07708517960000001
0.027453883600000003
-0.0249945828
-0.0973741934
0.030066152600000003
0.0047328787
-0.1015021568
-0.07151316590000001
1.6940000000000002e-07
0.1015021447
-0.0035826527
-0.1015021568
-0.09357412790000001
-0.0691940436
0.1015021447
0.0387091221
-0.1015021568
-0.1015021568
-0.0690059975
-0.06728702310000001
0.1015021447
0.0643500748
-0.09764028450000001
-0.1015021568
-0.073476887
-0.038292301300000005
-0.001331121
-0.1015021568
-0.0964211732
0.1015021447
-0.1015021568
-0.070660491
-0.0150899584
0.07395278000000001
-0.1015021568
-0.1015021568
-0.0759829301
-0.0691827301
0.1015021447
0.0354902317
-0.1015021568
-0.1015021568
-0.0684253548
-0.0683040402
0.1015021447
0.0079721576
-0.0986811023
-0.1015021568
-0.0654719021
0.08340991010000001
0.1015021447
-0.0017352973000000001
-0.09577183880000001
-0.0619845974
0.0477982791
-0.1015021568
-0.0664614401
0.1015021447
-0.038584601
-0.1015021568
-0.06941382800000001
0.0654415916
0.0892557105
-0.07226617310000001
-0.1015021568
-0.0681540365
-0.0677525706
0.1015021447
0.0066421014
-0.1015021568
-0.1015021568
-0.06440208060000001
-0.0317266719
0.08072395210000001
0.08661503070000001
-0.1015021568
-0.0950260069
0.1015021447
-0.0143463045
-0.1015021568
-0.0639719619
0.0706625964
-0.1015021568
-0.0912575345
-0.0693459349
0.1015021447
-0.0001706947
-0.0743724927
-0.1015021568
-0.0675521583
-0.0666112381
0.1015021447
0.006277782500000001
-0.1015021568
-0.1015021568
-0.0637975162
-0.0262679263
0.1015021447
-0.0025874882000000003
-0.1015021568
-0.1015021568
-0.0653518943
1.3310000000000002e-07
0.0022002519
-0.1015021568
-0.10093326320000001
-0.00042150350000000005
0.011232236400000001
-0.1015021568
-0.06447371260000001
0.07332295080000001
0.029535374000000003
-0.0762108336
-0.1015021568
-0.08005157930000001
-0.0674211153
0.1015021447
0.054818324
-0.0542188174
-0.1015021568
-0.0714260822
-0.07011553120000001
0.1015021447
0.0192846412
-0.08701480260000001
-0.1015021568
-0.09371966670000001
-0.0644291362
0.0541714338
-0.0663119809
-0.10067304060000001
-0.0638407495
0.1015021447
-0.09579236040000001
-0.0899710504
-0.06937092140000001
0.1015021447
-0.0246069109
-0.1015021568
-0.1015021568
-0.06683234140000001
-0.06491207140000001
0.09915950000000001
-0.0110817729
-0.1015021568
-0.0860460403
-0.06558298010000001
0.09325341740000001
0.07724402840000001
-0.0344872264
-0.1015021568
-0.0929524057
-0.0642770634
0.059230443800000004
0.09412006780000001
-0.1015021568
-0.0825907401
2.0449e-06
0.0648099837
-0.1015021568
-0.06435422510000001
0.0787037966
0.0268762417
-0.1015021568
-0.1015021568
-0.0790960544
-0.06790106180000001
0.1015021447
0.0039233645
-0.1015021568
-0.1015021568
-0.0704193622
-0.0163941327
0.1015021447
0.0158106586
-0.0901124873
-0.1015021568
-0.0756732064
-0.0686811972
0.1015021447
0.0368240026
-0.09923950520000001
-0.0667053519
0.1015021447
-0.09835108690000001
-0.0725563674
0.0826078253
-0.0016557761000000001
-0.1015021568
-0.0659910284
-0.06752667570000001
0.1015021447
0.049221481100000006
-0.1015021568
-0.1015021568
-0.0635557461
0.09699802860000001
0.07369529200000001
-0.0383626628
-0.1015021568
-0.0915448974
-0.06429856510000001
0.1015021447
0.035557979600000005
-0.1015021568
-0.1015021568
-0.0666940626
0.059795477500000006
-0.0499881371
-0.07221923720000001
0.1015021447
-0.08358839720000001
-0.0949054304
-0.0678433932
0.09665126680000001
-0.014297251100000002
-0.1015021568
-0.1015021568
-0.0636526671
-0.0064094789000000004
0.0713840468
-0.040280585400000006
-0.1015021568
-0.0746846001
-0.0691203788
0.1015021447
0.0331892352
-0.0743911025
-0.1015021568
-0.0674204982
0.0215005989
-0.009479914400000001
-0.1015021568
-0.0718775695
1.21e-08
-0.1015021568
-0.0775475206
0.0479321777
0.042832039800000006
-0.1015021568
-0.1015021568
-0.06942890460000001
-0.0018933112
0.1015021447
-0.042171839600000004
-0.1015021568
-0.0905184544
-0.06942247950000001
0.1015021447
-0.0126877696
-0.1015021568
-0.1015021568
-0.06712473790000001
-0.0650837341
0.1003180508
-0.0103254261
-0.1015021568
-0.06977552120000001
0.1015021447
-0.1015021568
-0.0642447443
0.09545766230000001
-0.0665653791
-0.1015021568
-0.0636215459
-0.06874341540000001
0.1015021447
0.011317614
-0.09597563910000001
-0.1015021568
-0.06439592170000001
-0.0409366232
0.1015021447
-0.0008303020000000001
-0.1015021568
-0.1015021568
-0.06699300520000001
0.030420113900000004
0.0985774658
-0.011222629000000001
-0.1015021568
-0.1015021568
0.0927401354
0.07712780790000001
-0.0348245986
-0.07658622400000001
0.0558518697
0.0400044513
-0.0684126377
-0.1015021568
-0.0685761087
0.0057848769
0.06540218190000001
-0.04604556990000001
-0.1015021568
-0.0730090042
-0.0693890472
0.1015021447
0.0271470639
-0.1015021568
-0.1015021568
-0.0662591765
-0.06727073650000001
0.1015021447
0.0519379311
-0.0581862864
-0.1015021568
-0.07011567640000001
0.1015021447
0.0158143491
-0.1015021568
-0.0640219107
0.09180910090000001
-0.1015021568
-0.09876942020000001
-0.0663290903
0.1015021447
0.0627487729
-0.007783046700000001
-0.1015019753
-0.08807769080000001
-0.06449084620000001
0.08368283770000001
0.0847247445
-0.0820633979
-0.1015021568
-0.0777516355
-0.0671361845
0.1015021447
0.0497438018
-0.0606629507
-0.1015021568
-0.0839614281
-0.0649891605
0.0159009246
-0.0919160165
-0.1015021568
-0.0475389882
0.0007687009000000001
-0.1015021568
-0.1015021568
-0.0669746979
0.0195396366
0.0082203165
-0.1015021568
-0.1015021568
-0.0630610739
0.0872751583
0.08410962890000001
-0.029805058800000003
-0.1015021568
-0.094069998
-0.063234963
0.047028767500000006
0.0968439351
-0.0144002221
-0.1015021568
-0.100859187
-0.0689397863
-0.06851972270000001
-0.005140818100000001
-0.1015021568
-0.0642084322
0.0905920224
-0.1015021568
-0.067307823
0.1015021447
0.0074075716
-0.1015021568
-0.1015021568
-0.06432772610000001
-0.028432906700000003
0.0795260279
-0.0317037303
-0.1015021568
-0.07835260620000001
-0.06927811440000001
0.1015021447
0.0025524224
-0.1015021568
-0.1015021568
-0.0650492854
-0.0082272014
0.06892998530000001
-0.0949037243
-0.0661235839
-0.0501042608
-0.0002824503
-0.1015021568
-0.06907863380000001
0.1015021447
0.0062775284
-0.1015021568
-0.07292025070000001
-0.030175040500000003
0.07710282140000001
-0.0335481454
-0.1015021568
-0.07813852090000001
-0.0605771738
0.1015021447
0.0019559045000000002
-0.1015021568
-0.1011656437
-0.0647195604
-0.0019880421000000002
0.1010641973
-0.0065507343
-0.1015021568
-0.0661776951
0.08618677540000001
-0.025346789600000003
-0.1015021568
0.0276618463
0.005198740800000001
-0.1015021568
-0.0644006649
-0.0223127872
0.1015021447
-0.0036081958
-0.1015021568
-0.09317141570000001
-0.06494014340000001
0.0567449344
0.039020164700000005
-0.1015021568
-0.1015021568
-0.0642545937
0.0064296496
0.1015021447
-0.007333350200000001
-0.1015021568
-0.1015021568
-0.0659124752
0.0822883853
-0.1015021568
-0.1015021568
-0.0650074194
0.0035430978
-0.1015021568
-0.0672016455
0.1015021447
-0.0042849972000000005
-0.1015021568
-0.1015021568
-0.0768658066
-0.0703599512
0.1015021447
0.00042478260000000006
-0.1015021568
-0.1015021568
0.048728853800000006
-0.1015021568
-0.1015021568
-0.0655364435
0.0814831666
0.021550959100000003
-0.1015021568
-0.0677974132
-0.06424837430000001
0.0025894726
-0.1015021568
-0.0663643497
0.09582476420000001
0.0103526269
0.0003964928
-0.1015021568
-0.0778609953
-0.0722327529
0.1015021447
-0.00028147020000000004
-0.1015021568
-0.1015021568
-0.0705107777
0.0079777357
0.1015021447
0.0059303189
-0.09984567890000001
-0.1015021568
-0.0748637406
-0.07295446950000001
0.1015021447
-0.0024082872000000003
-0.1015021568
-0.06891978500000001
0.036018965400000005
-0.014982740300000002
-0.08678417660000001
-0.015458246100000001
0.09857007270000001
-0.0938066657
-0.1015021568
-0.077282579
-0.0678059679
0.06284035780000001
0.029235644900000003
-0.0756766791
-0.1015021568
-0.0702779858
-0.0712194626
0.1015021447
0.0056885488
-0.1011410444
-0.1015021568
-0.0744446329
-0.0731130521
1.2378300000000001e-05
-0.0029495686000000003
-0.1015021568
-0.0675433737
0.039271989900000005
0.0419525997
-0.1015021568
-0.06938190820000001
0.09713681560000001
0.1005652659
-0.0442679105
-0.1015021568
-0.06718281790000001
0.0672964853
0.08649134450000001
-0.024826816300000002
-0.1015021568
-0.08269653040000001
-0.07064387770000001
0.1007091712
0.0049991029
-0.1015021568
-0.1015021568
-0.0892226291
-0.0691111707
0.0859403831
0.07436001760000001
-0.0348271759
-0.1015021568
-0.06393178990000001
0.1015021447
-0.0179000019
-0.08604173270000001
0.09872095970000001
-0.046146677500000004
-0.1015021568
-0.06880939670000001
0.0694061203
0.0824210618
-0.0262907832
-0.1015021568
-0.08253621750000001
-0.0713554787
0.1015021447
0.003958781200000001
-0.0507510784
-0.1015021568
-0.0670457007
-0.0277239072
0.1014851321
-0.0366658314
-0.1015021568
-0.07894734540000001
-0.061772472300000006
-0.0192418556
-0.1015021568
-0.07165906770000001
0.1015021447
-0.0980795992
-0.1015021568
-0.07614151270000001
0.0743316552
0.021277922600000002
-0.1015021568
-0.08149589580000001
-0.07118688940000001
0.1015021447
0.0030594366000000002
-0.1015021568
-0.1015021568
-0.0669545998
0.09194230980000001
0.07010710960000001
-0.0385852302
-0.1015021568
-0.0780407045
-0.0718201187
0.1015021447
-0.0253755392
-0.1004602742
-0.06639508370000001
0.1015021447
-0.1015021568
-0.0666557661
0.1015021447
-0.0021936332
-0.1015021568
-0.08005131310000001
-0.0703927906
0.1015021447
0.0452980803
-0.06277705060000001
-0.1015021568
-0.0718725238
-0.0162992687
0.0991984862
-0.040765880100000006
-0.1015021568
-0.0931255809
-0.0672233529
0.06262351370000001
0.08587556340000001
-0.022280020400000003
-0.1015021568
-0.07013310040000001
0.1015021447
0.053922924000000004
-0.1015021568
-0.0685828847
0.1015021447
-0.031767557800000006
-0.1015021568
-0.06741156840000001
0.0383506596
0.1015021447
0.0017669388
-0.1015021568
-0.1015021568
-0.0670805366
-0.0148764176
0.09970524630000001
-0.005916742700000001
-0.1015021568
-0.1015021568
-0.0678410579
-0.0540672649
0.10138510140000001
-0.0008738983
-0.1015021568
-0.1015021568
0.014354181600000002
0.004268819500000001
-0.10142378510000001
-0.0745411304
0.0848726912
-0.033396060500000005
-0.10148047360000001
-0.0692786952
-0.0647240011
0.1015021447
0.0006968995
-0.1015021568
-0.1015021568
-0.0683880021
-0.010371527100000002
0.0969929466
-0.0066428637
-0.1015021568
-0.09329276660000001
-0.06935670390000001
-0.052116442400000004
0.1015021447
-0.0014449094
-0.1015021568
-0.1015021568
-0.0718786948
0.0449779748
-0.0565920872
-0.1015021568
-0.07020138070000001
0.06669469180000001
-0.1015021568
-0.09587813730000001
-0.06329433770000001
0.1015021447
0.0002718628
-0.1015021568
-0.1015021568
-0.07177297710000001
-0.07327776940000001
0.1015021447
0.0067852323
-0.1015021568
-0.1015021568
-0.06779643310000001
-0.048265036600000005
0.1015021447
0.0211134473
-0.0801843042
-0.1015021568
-0.0820844035
-0.0715495869
0.0025226201
-0.1015021568
-0.1015021568
-0.0266876269
-0.0043788085
-0.1015021568
-0.06870534880000001
0.0534289536
0.0301835831
-0.0199510003
-0.1015021568
-0.1012702966
-0.06733821820000001
0.0020652038
0.05319872690000001
-0.0487103771
-0.1015021568
-0.0765464755
-0.07432340300000001
0.1015021447
0.0190391564
-0.08224581750000001
-0.1015021568
-0.0822195242
-0.0685949726
0.026763808500000003
-0.0609878962
-0.1015021568
-0.0743348617
0.09158814280000001
-0.039082939500000004
-0.1015021568
-0.07364304420000001
0.1015021447
-0.0213177921
-0.1015021568
-0.1015021568
-0.07168153740000001
-0.0735504671
0.1015021447
0.005772801100000001
-0.1015021568
-0.1015021568
-0.06850660630000001
-0.043917905900000005
0.0988212566
0.0501061968
-0.0837960211
-0.1015021568
-0.07133459410000001
-0.07096406790000001
0.1015021447
-0.1015021568
-0.0893847086
-0.0726263538
0.060346390500000006
-0.1015021568
-0.07040198660000001
0.055843799000000006
0.0247785857
-0.1015021568
-0.1015021568
2.178e-07
-0.0724332257
0.1015021447
0.0507497353
-0.10068762110000001
-0.1015021568
-0.07550834390000001
-0.07433393
0.1015021447
0.0187117304
-0.0860462339
-0.1015021568
-0.0801478832
-0.0714638342
0.1015021447
0.0439982136
-0.1015021568
-0.06546763080000001
-0.0719365691
0.0161323976
-0.1015021568
-0.06909342
0.1015021447
-0.024988907900000003
-0.1015021568
-0.08010699730000001
-0.0641753387
0.0202048583
0.061467068300000004
-0.0559647506
-0.1015021568
-0.0875751052
-0.0714750388
0.1015021447
0.0216385631
-0.0883179968
-0.1015021568
-0.09498128530000001
-0.0663870614
0.0433596361
0.041672351600000004
-0.06795990410000001
-0.07132806010000001
-0.0104933136
0.1015021447
-0.0966663192
-0.0758871465
0.06958674910000001
0.1015021447
-0.0010227162
-0.1015021568
-0.0813373374
-0.06887097360000001
0.1015021447
-0.012209275100000002
-0.1015021568
-0.08752773370000001
-0.0679179292
0.08956358290000001
0.0753950637
-0.0364883728
-0.1015021568
-0.09419743520000001
-0.06649424320000001
0.05031664
0.0892101056
-0.019147693400000002
-0.1015021568
-0.06580119150000001
0.10036237310000001
0.061551296400000004
-0.1015021568
-0.0671440011
0.1015021447
-0.0015653286000000001
-0.1015021568
-0.09697779740000001
-0.06947806690000001
0.1015021447
0.004344529200000001
-0.1015021568
-0.1015021568
-0.0653455176
-0.022684668600000003
0.1015021447
-0.0046271247000000005
-0.1015021568
-0.1015021568
-0.0666010862
-0.05795091720000001
0.1015021447
-0.020717765200000002
-0.1015021568
-0.08280091710000001
0.1015021447
0.0090557368
-0.1015021568
-0.0737960245
0.1015021447
0.025384118100000002
-0.0834116767
-0.1015021568
-0.0654329159
0.1015021447
0.0470899814
-0.1015021568
-0.1015021568
-0.06515052610000001
-0.0185816554
0.10147620230000001
-0.0051116692
-0.1015021568
-0.1015021568
-0.06640057710000001
-0.055931487700000004
0.1015021447
0.0004198216
-0.1015021568
-0.1015021568
-0.0685215619
0.09930547440000001
-0.0094876705
-0.1015021568
-0.0381527278
-0.0023960541000000004
-0.1015021568
-0.0672954084
0.0370166709
0.1015021447
0.0031771938000000003
3.872e-07
-0.1015021568
-0.07068880500000001
-0.07145629590000001
0.1013039104
-0.0058114122
-0.1015021568
-0.1015021568
-0.06590059300000001
-0.0704436106
0.1015021447
-0.0002691282
-0.1015021568
-0.09819412570000001
-0.0682475574
0.0972450259
-0.054398272500000004
-0.1015021568
-0.06518698340000001
0.1015021447
-0.08688091610000001
-0.1015021568
-0.0779455864
-0.062030855700000005
0.09321191440000001
-0.016862088100000002
-0.1015021568
-0.0840283774
-0.0708079779
0.1015021447
0.0114059803
-0.0957108064
-0.1015021568
-0.0746142265
-0.0703778592
0.1015021447
0.029563228200000003
-0.07824848570000001
-0.1015021568
-0.08037478240000001
-0.0684671966
0.054363751200000004
-0.1015021568
-0.1015021568
-0.0712285497
0.018846996300000002
-0.1015021568
-0.0661528296
0.050555445600000005
0.038902443800000006
-0.0687360707
-0.1015021568
-0.10015391430000001
-0.0693666622
-0.06770165380000001
-0.0005841154
0.1015021447
0.009810643700000002
-0.0971000679
-0.1015021568
-0.06513938200000001
-0.0444787772
0.08442508800000001
-0.026951782
-0.1015021568
-0.0796373358
-0.0685045856
0.1015021447
0.051468947200000004
-0.0585709696
-0.1015021568
-0.1015021568
-0.0666964463
0.0171205078
-0.1015021568
-0.0926710444
0.0563875246
-0.0707666322
-0.1015021568
-0.0673376616
0.1015021447
-0.0080728538
-0.1015021568
1.936e-07
-0.0644163465
-0.038956264600000005
0.1015021447
-0.0285779736
-0.1015021568
-0.0954658661
-0.0681429892
0.1015021447
0.0485235773
-0.060937560200000004
-0.1015021568
-0.08504984730000001
-0.06415721290000001
-0.016683830900000002
-0.039232919000000005
-0.07550173730000001
-0.0693152977
0.09016984130000001
-0.1015021568
-0.0641097567
0.0104482774
0.1015013824
-0.008949244700000001
-0.1015021568
-0.07236703870000001
-0.0354200517
0.1015021447
-0.030310100700000002
-0.1015021568
-0.0778834771
-0.068177208
9.91111e-05
0.0035731421
-0.1015021568
-0.1015021568
-0.0695704867
-0.06975965810000001
0.09670691470000001
0.0143613811
-0.09335015690000001
-0.0646409346
0.06572854310000001
0.0903035221
-0.1015021568
-0.0634019672
0.0565152401
-0.10054641410000001
-0.1015021568
-0.06954034560000001
0.1015021447
0.0788520942
-0.0320935076
-0.1015021568
-0.0766082944
-0.06773312590000001
0.1015021447
0.0023725438000000002
-0.1015021568
-0.1015021568
-0.0685663682
-0.0688135349
0.0990898766
0.0120925343
-0.1015021568
-0.0893588872
-0.06398738940000001
0.08849478990000001
-0.1015021568
-0.1015021568
-0.0647701142
0.0062873173
-0.1015021568
-0.0630379871
0.0893878909
0.020515622600000002
-0.1015021568
-0.1015021568
-0.07529990930000001
-0.055645879300000006
0.1015021447
-0.0173192261
-0.1015021568
-0.0987774909
-0.06236919590000001
0.0042786568
0.1015021447
-0.0066790306
-0.1015021568
-0.1015021568
-0.0636436526
-0.0398455662
0.1015021447
-0.1015021568
-0.0652469147
-0.062398381100000004
0.0053204668000000005
-0.1015021568
-0.016786717200000002
0.0769566413
-0.0889613296
-0.09123700080000001
-0.0628992364
-0.052559157200000005
0.1015021447
0.0015353327000000002
-0.1015021568
-0.09811729070000001
-0.062311624100000004
0.0081801808
0.1015021447
-0.047076356800000003
-0.1015021568
-0.08735212640000001
-0.0635578757
0.0802793497
0.0861534399
-0.027149580700000002
-0.1015021568
-0.0650134089
0.0001936726
0.0045876908000000004
-0.1015021568
-0.06445979760000001
0.0732957137
-0.0905522376
-0.09048118640000001
-0.0496400201
0.1015021447
0.0008322622
-0.1015021568
-0.1015021568
-0.062054245
0.015730520300000002
0.1015021447
-0.0082221194
-0.1015021568
-0.08655110640000001
-0.0635233907
0.08370759430000001
0.08379855
-0.0287527339
-0.1015021568
-0.09345341830000001
-0.062275517700000005
0.1015021447
-0.1015021568
-0.1001665951
-0.06431021740000001
0.07312748740000001
-0.1015021568
-0.0629771846
0.0680291403
0.0352259314
-0.1015021568
-0.1015021568
-0.0789198784
-0.0650757602
0.1015021447
0.007838972900000001
-0.09936113440000001
-0.1015021568
-0.0632185796
0.0876536584
0.08355226660000001
-0.0303672611
-0.1015021568
-0.09246329950000001
-0.0619778335
0.0485552309
0.0963653559
-0.0629937374
-0.0818614852
-0.06710244970000001
0.1015019632
-0.1015021568
-0.06254290350000001
0.1015021447
-3.05404e-05
-0.1015021568
-0.0651899237
-0.06321750270000001
0.1015021447
0.057935114600000004
-0.053021123100000005
-0.1015021568
-0.0694804264
-0.0225159825
0.1015021447
-0.0027875496
-0.1015021568
-0.1015021568
-0.06355155950000001
-0.0551626537
0.1015021447
0.0024886917
-0.1015021568
-0.08115434910000001
0.1015021447
0.0125361203
-0.1015021568
-0.06231674240000001
0.1015021447
-0.07685933310000001
-0.1015021568
-0.06170956440000001
0.1015021447
0.054842911200000004
-0.0108816389
4.95616e-05
-0.08414778020000001
-0.0675497988
0.1015021447
-0.0033187154000000004
-0.1015021568
-0.1015021568
-0.0631668279
-0.051796724100000004
0.1015021447
0.0018279228000000001
-0.1015021568
-0.1015021568
-0.0664094706
-0.06454198080000001
0.0106108651
-0.1015021568
-0.0870873179
0.1015021447
-0.0791518112
-0.0768072426
0.038297528500000004
0.0529579248
-0.1015021568
-0.1015021568
-0.0833879849
-0.06381890900000001
0.1015021447
0.017432748300000002
-0.0892894211
-0.1015021568
0.0349829755
-0.0498833632
0.1015021447
0.0009712186
-0.1015021568
-0.1015021568
-0.06166376590000001
0.0136478199
0.1015021447
-0.0475997302
-0.08651011160000001
-0.06751260340000001
0.0825778415
-0.0277678181
-0.1015021568
-0.06567116490000001
0.0428803551
0.09846254
-0.0597728021
-0.1015021568
-0.061620786700000006
-0.0068259125000000006
0.07413667580000001
-0.038179493
-0.1015021568
-0.0892442276
-0.0621622012
0.0673882154
0.09272942690000001
-0.0204797461
-0.1015021568
-0.1015021568
-0.06524598300000001
-0.0641813282
0.1015021447
0.061853481800000006
-0.050050125400000006
-0.085247404
0.0013795331
0.1015021447
-0.08327099
-0.075040812
0.0494172228
0.0476082123
-0.1015021568
-0.09889446160000001
-0.0608361259
-0.06586028790000001
0.1015021447
0.014036459800000001
-0.09261945
-0.1015021568
-0.0718105839
-0.06635416150000001
0.1015021447
0.033368182100000005
-0.0739211627
-0.1015021568
-0.07777065670000001
-0.0644621571
0.1015021447
0.1015021447
-0.0095380307
-0.1015021568
-0.0689598602
0.1015021447
0.0817820729
-0.0850041819
-0.07433317980000001
0.054862053400000006
0.0969417394
-0.0157289836
-0.1015021568
-0.0662608947
0.0064873303
0.1015021447
-0.0059680104
-0.1015021568
-0.0874614499
-0.0621381343
0.07668545610000001
0.08837418920000001
-0.023758785600000002
-0.1015021568
-0.09445781510000001
-0.06100640920000001
0.033301535300000004
0.0998790628
-0.0106268492
-0.1012541794
-0.1015021568
-0.0627645029
0.0788363521
-0.0032396419
-0.1015021568
-0.050681321900000006
0.0018562973000000001
-0.1015021568
-0.0654265271
0.0117375445
0.1015021447
-0.0067116643000000005
-0.1015021568
-0.1015021568
-0.06113112390000001
0.0809810771
0.08849017980000001
-0.025434127400000003
-0.1015021568
-0.063480593
-0.06431339970000001
0.1015021447
0.054665718800000006
-0.1015021568
-0.1015021568
-0.06768782350000001
-0.06631599810000001
-0.0036360863000000003
-0.1015021568
-0.0897255051
0.0634774954
-0.0181935116
-0.09686870380000001
-0.06373555210000001
0.1015021447
-0.0464713205
-0.1015021568
-0.0859886016
-0.06205578170000001
0.0834540025
0.08645616980000001
-0.0800389469
-0.1015021568
-0.0758258116
-0.0648586136
0.1015021447
0.051734929400000004
-0.05858348100000001
-0.1015021568
-0.0673715537
-0.06652723990000001
0.1015021447
-0.004200115700000001
-0.1015021568
-0.0657657264
0.1015021447
-0.0706166406
-0.0786204155
0.1015021447
0.0090021701
-0.1015021568
-0.0692776546
-0.06631647
0.08635513480000001
0.08425165870000001
-0.0285842414
-0.1015021568
-0.0629757447
-0.05588222860000001
0.1015021447
0.0034674607
-0.1015021568
-0.1015021568
-0.0666146261
-0.06592024340000001
0.1015021447
0.0139480209
-0.09181149670000001
-0.1015021568
-0.0411540965
0.09152187110000001
-0.021027815600000003
-0.09484816110000001
0.1015021447
-0.0993020017
-0.1015021568
-0.061622408100000005
0.1015021447
0.022182300800000002
-0.0304184441
-0.1015021568
-0.09089298570000001
-0.060337424400000006
0.055051382100000004
0.0982727394
-0.0148592719
-0.1015021568
-0.0977839962
-0.059804092700000006
0.006685600900000001
0.1015021447
0.012433403400000001
-0.1015021568
-0.1015021568
-0.060484052200000006
-0.035596324500000005
0.031571997600000005
-0.1015021568
-0.0936406295
-0.058865314200000005
0.0568389393
-0.1015021568
-0.10041406430000001
-0.05963898820000001
-0.011624470000000001
0.0811871401
-0.08582857910000001
-0.1015021568
-0.0613549134
-0.0485245211
0.1015021447
0.0019203063000000002
-0.1015021568
-0.1015021568
-0.06462989940000001
-0.06316988920000001
0.1015021447
0.06738984890000001
-0.0434413837
-0.1015021568
-0.0855875108
-0.060076584700000005
-0.030454393200000002
-0.0007958775
-0.1015021568
-0.09265848460000001
0.0412239256
-0.0110290895
-0.09966578820000001
-0.0613995503
0.1015021447
-0.0034877403
-0.08802226070000001
-0.1015021568
-0.08870253480000001
-0.060071224400000005
0.0667341741
0.0961002933
-0.017867658600000003
-0.1015021568
-0.0958373482
-0.0625078498
0.0192920585
0.1015021447
0.0096483343
-0.1015021568
-0.1015021568
-0.0599632682
-0.026713545100000003
0.1015021447
-0.0264371085
-0.0921731536
-0.0623368284
0.1015021447
-0.05808141570000001
-0.0990657129
-0.061867324200000004
0.1015021447
-0.004158286000000001
-0.1015021568
-0.1015021568
-0.07138553510000001
-0.0420546632
0.1015021447
0.0005702246
-0.1015021568
-0.1015021568
-0.0637712955
-0.0614415857
0.1015021447
0.061373499000000005
-0.0480117231
-0.1015021568
-0.08411809890000001
-0.0608898499
0.08847705130000001
0.1015021447
-0.028021688200000002
-0.0740178538
-0.059917856900000004
0.1015021447
-0.1015021568
-0.0594537372
0.10029023290000001
-0.0047209844
-0.1015021568
-0.07077588870000001
-0.0648422181
0.07496781270000001
0.031638898500000005
-0.07236608280000001
-0.1015021568
-0.07688488830000001
-0.0606058266
0.1015021447
0.0061498613
-0.1015021568
-0.10107993940000001
-0.059690691500000004
-0.0170492751
0.1015021447
-0.0023229217
-0.1015021568
-0.06141069440000001
0.1015021447
0.043912666600000004
-0.1015021568
-0.06320453150000001
5.8927e-06
-0.1015021568
-0.08615013660000001
-0.0328943703
0.09110321110000001
-0.022403827600000002
-0.1015021568
-0.1015021568
-0.0588004945
0.038043997200000006
0.1015021447
-0.0098085988
1.5488e-06
-0.0818114759
-0.060460505600000006
0.0942104306
0.1015021447
-0.031995098300000004
-0.1015021568
-0.0886893579
-0.058854218500000006
0.1015021447
-0.1015021568
-0.077832282
-0.061279542500000006
0.0115054665
-0.1015021568
-0.059540336900000004
0.1015021447
-0.024115880800000003
-0.1015021568
-0.09180839910000001
-0.06137029250000001
0.044801012300000005
0.1015021447
-0.010857100100000001
-0.1015021568
-0.0989027501
-0.0600938514
0.1015021447
0.0185978694
-0.0876742647
-0.1015021568
-0.0707290859
-0.0627979594
0.1015021447
0.041221287800000006
-0.1015021568
-0.05774527770000001
0.022743934400000002
0.1015021447
-0.1015021568
-0.0587390386
0.1015021447
-0.0260872733
-0.1015021568
-0.0601700935
-0.0516717916
0.1015021447
0.054533199600000005
-0.0577790367
-0.1015021568
-0.0793303709
-0.062051619300000006
0.1015021447
0.018315104500000002
-0.089552826
-0.1015021568
-0.0863871877
-0.058156677700000006
0.0729144064
0.0957011506
-0.0190441779
-0.1015021568
-0.0757300764
0.1015021447
0.0649390544
0.0065742083
-0.08255185070000001
0.0889640884
0.0268597252
-0.1015021568
-0.08978497660000001
-0.061492853400000005
0.0545391286
0.1015021447
0.004424123
-0.1015021568
-0.1015021568
-0.0574920005
0.1000443609
0.0168391586
-0.09128692540000001
-0.1015021568
-0.08580866250000001
-0.058405369000000006
-0.0362129889
0.1015021447
-0.020478318300000003
-0.1015021568
-0.1015021568
-0.057556094200000005
0.1015021447
-0.008670605900000001
-0.1015021568
-0.058197370000000005
0.1015021447
-0.083320842
-0.1015021568
-0.0580926566
0.1015021447
0.0486192036
-0.014307161
-0.1015021568
-0.0965001741
-0.057717847
0.0091293048
0.1015021447
-0.0050730097000000005
-0.1015021568
-0.1015021568
-0.05887768040000001
-0.0630371764
0.1015021447
0.0351328824
-0.0739866358
-0.1015021568
-0.0749269994
-0.05709319660000001
0.007673505400000001
-0.1015021568
-0.1015021568
-0.0633313637
0.0841430975
-0.1015021568
-0.07137060370000001
-0.0620789532
0.1015021447
0.0
-0.015422079200000001
-0.1015021568
-0.095477107
-0.05985346070000001
0.1015021447
0.07208922270000001
-0.042139689900000006
-0.1015021568
-0.0570949632
-0.058457883
0.08047666440000001
0.1015021447
-0.0001129172
-0.1015021568
-0.1015021568
-0.07375104880000001
-0.060839090400000004
0.1015021447
-0.09555476480000001
-0.1015021568
-0.0575859207
0.08231460600000001
-0.1015021568
-0.059132058700000004
0.06518937920000001
0.0023848858
-0.1015021568
-0.1015021568
-0.0625826641
-0.0600845949
0.1015021447
-0.006479416900000001
-0.1015021568
-0.1015021568
-0.0589430567
0.0835115864
0.1015021447
-0.024912484300000003
-0.1015021568
-0.0913878515
-0.06148994940000001
0.1015021447
0.005457596100000001
-0.1015021568
-0.059793505200000006
0.0964828348
-0.0034956779000000003
-0.1015021568
-0.0415334678
0.09670075580000001
-0.1015021568
-0.0948544652
-0.057994005300000005
0.023979417000000003
0.1015021447
-0.0463516636
-0.1015021568
-0.08379707380000001
-0.0597522684
0.08631294210000001
0.08843836760000001
-0.0799861667
-0.1015021568
-0.0734788351
-0.062280660200000004
0.1015021447
0.052735466300000006
-0.0584462549
-0.1015021568
-0.0582128701
0.07752209850000001
-0.09019039920000001
-0.086707027
0.1015021447
-0.0707851936
-0.0937416766
-0.0608437489
0.1015021447
0.009116962800000001
-0.048510231
-0.1015021568
-0.0580172373
-0.0162525264
0.1015021447
-0.0017551171
-0.1015021568
-0.07204632820000001
-0.061612582900000004
0.1015021447
9.68e-08
-0.1015021568
-0.1015021568
-0.0635262826
-0.061404801700000004
-0.0047135066
-0.1015021568
-0.08492790350000001
0.07832869660000001
-0.0728140974
0.0010049292
-0.055486377100000005
0.1015021447
-0.050776984500000004
-0.1015021568
-0.0992970286
-0.0652606119
-0.009161152
0.1015021447
-0.0023498926000000003
-0.1015021568
-0.1015021568
-0.059200581
-0.045412171200000004
0.1015021447
0.046210976900000006
-0.0631583216
-0.1015021568
-0.0774935909
-0.057221069400000005
0.015307383300000001
0.10140303360000001
-0.09338421840000001
-0.0679429641
-0.0625355346
0.1015021447
-0.1015021568
-0.0609957007
-0.0548994666
0.1015021447
-0.0530464121
-0.1015021568
-0.08055017190000001
-0.05757240500000001
-0.005805943
0.1015021447
-0.0028656672
-0.1015021568
0.0004502773
-0.057830098700000006
0.0663924459
0.0976473993
-0.016042494600000002
-0.1015021568
-0.1015021568
-0.0625036632
-0.0597016178
0.1015021447
0.06740401800000001
-0.0948003661
-0.0671908039
-0.062494588200000006
0.1015021447
-0.1015021568
-0.0729715668
0.048244841700000006
0.0541193312
-0.10147600870000001
-0.09792607440000001
-0.06426288220000001
-0.059043329400000004
0.09799154750000001
0.0793437414
-0.0340946177
-0.1015021568
-0.0699115252
-0.0622095364
0.1015021447
0.038689374900000004
-0.0175237161
-0.1015021568
-0.09425874590000001
-0.062144922400000004
0.0243319868
0.1015021447
0.0092854674
-0.09626693450000001
-0.058509368500000006
0.08734331760000001
0.08763561730000001
-0.1015021568
-0.0602221235
0.1015021447
0.004086436200000001
-0.1015021568
-0.07915913170000001
-0.059467434400000005
0.0046863421
0.1015021447
-0.0039048273
-0.1015021568
-0.1015021568
-0.058754720200000006
-0.0368513849
0.09550612280000001
-0.018894997
-0.1015021568
-0.1015021568
-0.0615924969
2.2022000000000003e-06
0.1015021447
0.06389121860000001
-0.0476219821
0.0003964928
-0.057754183300000005
0.1015021447
0.0854441984
-0.1015021568
-0.0576137991
0.1001309969
-0.1015021568
-0.07856258960000001
-0.061356728400000005
0.1015021447
0.014715330300000001
-0.0911424272
-0.1015021568
-0.059039300100000004
-0.0351009626
0.1015021447
-0.020522338100000002
-0.1015021568
-0.09315186210000001
-0.05803806140000001
0.0332506064
0.1015021447
0.0075711878
-0.1015021568
-0.08206293810000001
-0.06334434700000001
0.0848036244
-0.1015021568
-0.0891278377
-0.0480798219
-0.014501971
-0.0965568021
-0.0606021361
0.101500608
-0.0406760013
-0.1015021568
-0.08529354130000001
-0.0589000291
0.1015021447
0.0002990394
-0.1015021568
-0.1015021568
-0.0576204057
0.0372763853
0.1015021447
-0.009647898700000001
-0.1015021568
-0.0810533746
-0.05921014
0.09353482710000001
0.0848712392
-0.1015021568
-0.057776108500000006
0.06234209190000001
-0.0647287564
-0.05732980000000001
0.1015021447
-0.0059422132
-0.1015021568
-0.058238389
-0.06289866770000001
0.1015021447
-7.51047e-05
-0.1015021568
-0.0739001813
-0.06115290390000001
0.1015021447
0.0592848575
-0.1014201551
-0.1015021568
-0.05772864020000001
-0.006804785900000001
0.1015021447
-0.0030519830000000003
-0.1015021568
-0.059178425900000005
0.1015021447
0.0026239213
-0.0507510784
-0.060315801700000005
0.07104966330000001
-0.1015021568
-0.0835368875
-0.0626957991
0.1015021447
0.0321518296
-0.07844148070000001
-0.1015021568
-0.0729679005
-0.0535338001
0.1015021447
0.006535089000000001
-0.1015021568
-0.09770454760000001
-0.06403068320000001
-0.061932906200000006
0.1015021447
0.020713118800000003
-0.08868982980000001
-0.1015021568
-0.0693043472
0.0710377811
-0.018353509900000002
-0.1015021568
-0.0614034223
0.1015021447
-0.09705861330000001
-0.10048919320000001
-0.058016596000000004
0.1015021447
0.0901063889
-0.027132301900000003
-0.1015021568
-0.0893570117
-0.0606028258
0.1015021447
0.0546666021
-0.059172557400000006
-0.1015021568
-0.06309114240000001
-0.06098625060000001
1.2378300000000001e-05
0.018818307200000002
-0.09069911950000001
-0.1015021568
-0.0849801029
-0.0572257279
0.041184358600000005
-0.1015021568
-0.1015021568
-0.059777327500000005
0.0668154014
-0.09852830350000001
-0.1015021568
-0.06539395390000001
0.09079063180000001
0.0273073284
-0.1015021568
-0.1015021568
-0.058942814700000006
0.0573257344
0.1014025617
-0.0138488372
-0.1015021568
-0.09587914160000001
-0.0566344977
0.010471376300000002
0.1015021447
-0.0048266537
-0.1015021568
-0.1015021568
-0.057790555900000005
-0.0618258817
0.0006652580000000001
-0.1015021568
-0.0740164502
0.1015021447
-0.0513791652
-0.0992069804
-0.05851272020000001
0.1015021447
0.024474101300000002
-0.0844385311
-0.1015021568
-0.08778681890000001
-0.061068627400000006
0.1015021447
0.0482388885
-0.0636863777
-0.1015021568
-0.0624033905
-0.0598802017
0.1015021447
0.014394172100000002
-0.0937795617
-0.1015021568
-0.0673534279
-0.0621240257
0.1015021447
-0.1015021568
-0.1015021568
0.0044535623
0.1015021447
-0.1015021568
-0.0643865442
0.0953622296
-0.0028452424
-0.1015021568
-0.0867389952
-0.0569998814
0.1015021447
0.0446050407
-0.0657946454
-0.1015021568
-0.05624705570000001
0.022858037400000003
0.1015021447
-0.006247254200000001
-0.1015021568
-0.1012317702
-0.057285877000000006
0.08547871970000001
0.0303796999
-0.1015021568
-0.05685303580000001
0.1015021447
0.0056018402
-0.0978845351
0.0005541921
0.0178356541
-0.1015021568
-0.07035756750000001
-0.041352088800000006
0.1015021447
0.036270657500000004
-0.0677404343
-0.1015021568
-0.058716193800000004
0.021500223800000003
0.06126501040000001
-0.0455436014
-0.1015021568
-0.0847522599
-0.0652990657
0.1015021447
0.0219149634
-0.1015021568
-0.1015021568
-0.0602780497
0.0439615869
-0.057609697200000004
-0.1015021568
-0.0652317897
-0.0363852808
-0.1015021568
-0.060134229100000006
0.1015021447
0.0002153074
-0.1015021568
-0.1015021568
-0.06296497570000001
0.026563843900000002
0.1015021447
-0.0078284096
-0.1015021568
-0.08291646000000001
-0.06377225140000001
0.1015021447
0.022549560000000003
-0.0814259457
-0.1015021568
-0.058006565100000004
0.1015021447
0.0475731465
-0.1015021568
-0.0635305055
0.1008287434
-0.038630218
-0.0828669952
-0.0624727719
0.0774896947
0.0345140763
-0.1015021568
-0.0925422157
-0.0573501885
0.1015021447
0.05956586790000001
-0.09908934420000001
-0.1015021568
-0.06566912
-0.0627925628
0.1015021447
0.0216911376
-0.08348324820000001
-0.1015021568
-0.05924683930000001
-0.0462867713
0.1015021447
0.0458683412
-0.1015021568
-0.057046526900000005
0.0151109277
0.012666401
-0.1015021568
-0.0296590844
0.09112506370000001
-0.07439502290000001
-0.1015021568
-0.060589552100000006
-0.0605952754
0.1015021447
0.056827843600000004
-0.0524627686
-0.1015021568
-0.0648053615
-0.062079485600000005
0.1015021447
0.020304695400000003
-0.0853118365
-0.1015021568
-0.0699019783
-0.061084672000000007
0.1015021447
0.0022928169000000003
-0.0645741063
-0.06193797610000001
0.0208770738
0.1015021447
-0.1015021568
-0.0572213961
0.0849632839
0.0914381996
-0.0237948073
-0.1015021568
-0.05939449560000001
0.047846388700000006
0.1015021447
-0.0545975111
-0.1015021568
-0.07904230620000001
-0.06112987760000001
0.1015021447
0.0207931119
-0.0871434377
-0.1015021568
-0.08633169710000001
-0.061148560000000005
0.06971294
0.0
-0.017135681200000002
-0.1015021568
-0.0563543706
0.1015021447
0.0692406286
-0.1015021568
-0.0610734069
0.0907345967
-0.0784837097
-0.1015021568
-0.0561363044
0.0518212024
0.1015021447
0.0057682636
-0.1015021568
-0.0966476247
-0.055896071000000006
0.0056450614
0.1015021447
-0.0035858471
-0.1015021568
-0.1015021568
-0.0572364969
0.0745919141
0.0975983943
-0.0183209972
-0.1015021568
-0.09239134080000001
0.1015021447
0.06753403250000001
-0.09706604270000001
-0.06472039530000001
0.1015021447
-0.027034352400000003
-0.1015021568
-0.0555307841
0.1015021447
0.0050573281
-0.1015021568
-0.1015021568
-0.057531228700000006
0.10041940040000001
0.0778884623
-0.09034318590000001
-0.1015021568
-0.0671211926
-0.060239898400000005
0.1015021447
0.0386966591
-0.1015021568
-0.1015021568
-0.0554401672
0.1015021447
-0.1015021568
-0.0986761897
-0.008138314800000001
-0.0017371486000000002
-0.1015021568
-0.059584163100000004
0.1015021447
-0.013727498400000001
-0.1015021568
-0.0948162413
-0.055339834000000004
0.1015021447
0.0761727549
-0.0392370209
-0.1015021568
-0.0667404177
-0.0267279199
0.1015021447
0.0004978061000000001
-0.1015021568
-0.09094650400000001
-0.0557163497
0.0411629658
0.1015021447
-0.1015021568
-0.0562799556
-0.0070739141
-0.0023070344
-0.1015021568
0.0647417639
0.046718656600000005
-0.1015021568
-0.062039301500000005
-0.0590348715
0.1015021447
0.013118444900000002
-0.0935425227
-0.1015021568
-0.0578550852
-0.027455408200000003
0.1015021447
-0.0229462222
-0.1015021568
-0.09149267380000001
-0.0572947342
0.0420799643
0.1015021447
-0.009971174400000001
-0.1015021568
-0.0655778134
0.1015021447
0.0185161944
-0.1015021568
-0.05872655140000001
0.0968333839
-0.0651787191
-0.1015021568
-0.058927193600000004
0.0169453361
0.1015021447
0.0092742749
-0.1015021568
-0.1015021568
-0.06035313020000001
0.08269336020000001
0.08452820420000001
-0.0237284146
-0.1015021568
-0.0936577026
-0.061054422000000004
0.0397322618
0.0975887143
-0.010575992900000001
-0.1015021568
-0.10060773690000001
-0.0108971511
0.0120758363
-0.033621858600000006
-0.0894215773
0.0669619929
-0.0171277194
-0.1015021568
-0.0652585791
0.017613582800000003
0.1015021447
0.0056490302
-0.09592134640000001
-0.1015021568
-0.0687712817
-0.0254891582
0.1015021447
-0.0015104309000000002
-0.1015021568
-0.1015021568
-0.061578920700000005
-0.0537117911
0.1015021447
0.0029475358
-0.1015021568
-0.0979656777
-0.0582343113
0.1015021447
-0.0358247846
-0.1015021568
-0.0588927086
0.0933302887
-0.1015021568
-0.09406946560000001
-0.06112571520000001
0.1015021447
0.05940363110000001
-0.0075766812
-0.1015021568
-0.08286260290000001
-0.0635791596
0.1015021447
0.0214203638
-0.08093409280000001
-0.1015021568
-0.060162059100000005
-0.06173435730000001
0.1015021447
0.045984827900000004
-0.1015021568
-0.1015021205
-0.0782586376
-0.061400264200000006
0.013849575300000002
-0.09094683070000001
-0.1015021568
-0.032354964400000005
0.00047128290000000004
-0.1015021568
-0.06025251870000001
0.0383169853
0.0633691036
-0.0084921309
-0.1015021568
-0.1015021568
-0.06445227140000001
-0.0630109073
0.1015021447
-0.0021725187000000003
-0.1015021568
-0.1015021568
-0.060762110200000004
0.001202256
0.1015021447
0.046155087000000004
-0.0615115237
-0.1015021568
-0.07805765660000001
-0.053923020800000006
0.1015021447
-0.09229791670000001
-0.1015021568
-0.0678006802
0.0817437522
-0.0215712266
-0.1015021568
-0.056749145200000004
0.1015021447
0.0097006789
-0.0997153377
-0.1015021568
-0.07926626510000001
-0.057423103100000004
0.0960004804
0.0885984385
-0.08468344720000001
-0.1015021568
-0.0692499577
-0.0603007251
0.1015021447
0.10095674930000001
-0.015187423900000002
-0.1015021205
-0.09445034940000001
-0.0563615822
-0.05828105360000001
0.1015021447
-0.041764735100000006
-0.1015021568
-0.057985632100000004
0.1015021447
-0.0753904536
-0.0735995205
-0.053475151400000004
0.1015021447
-0.0533973
-0.1015021568
-0.08049666570000001
-0.05794950150000001
-0.0025474251000000003
0.1015021447
-0.0028087367000000003
-0.1015021568
-0.1015021568
-0.05989913820000001
0.06668405590000001
0.1015021447
0.0023995389
-0.1015021568
-0.1015021568
-0.0634559937
-0.061222031200000006
0.1015021447
0.011699175400000001
-0.1015021568
-0.059909169100000007
-0.0255649647
0.0900514428
-0.1015021568
-0.059106927000000004
0.1015021447
0.054411957600000005
-0.1015021568
-0.09894601970000001
-0.06608081040000001
-0.06445791000000001
0.1015021447
0.0168117521
-0.0876586557
-0.1015021568
-0.06082890220000001
-0.043389498900000004
0.1015021447
0.0011696344
-0.0675522672
-0.1015021568
-0.0775614961
-0.062448390400000005
0.0241459251
0.1015021447
-0.0070032017
-0.1015021568
-0.0650333981
0.0874892315
0.0254215676
-0.1015021568
-0.0536383562
0.10061056830000001