-0.0665138452
-0.1015021568
-0.0352278674
-0.0977384034
-0.0986051264
-0.032398621200000005
-0.1015021568
-0.0816402004
-0.041609443700000005
-0.1015021568
-0.0650423884
-0.0523314231
-0.1015021568
-0.0525941383
-0.0634199478
-0.1015021568
-0.0412529414
-0.0756947444
-0.1015021568
-0.0330693
-0.043465414300000005
-0.1015021568
0.0022152075
-0.08601571770000001
-0.1015021568
-0.0194043828
-0.1015021568
-0.0962560082
-0.0266667181
-0.1015021568
-0.08508416290000001
-0.032935461900000004
-0.1015021568
-0.0216581167
-0.1015021568
-0.0715014531
-0.06518603960000001
-0.049063104200000006
-0.1015021568
-0.05438722520000001
-0.058977723200000005
-0.1015021568
-0.045493180700000004
-0.0681091939
-0.1015021568
-0.0356003175
-0.0754260276
-0.09318075690000001
-0.0806941619
-0.0597796749
-0.1015021568
-0.028299673600000002
-0.09082581860000001
-0.1015021568
-0.023923853800000002
-0.0965358691
-0.1015021568
-0.022592805400000002
-0.1015021568
-0.1015021568
-0.023995582600000002
-0.1015021568
-0.09955634370000001
-0.024780570100000003
-0.1015021568
-0.0956732722
-0.025586224400000003
-0.1015021568
-0.0913496639
-0.0266479147
-0.1015021568
-0.0870243737
-0.027464434800000003
-0.1015021568
-0.08369713990000001
-0.029353002800000003
-0.1015021568
-0.0955173153
0.0220990891
-0.1015021568
-0.0768312369
-0.035363665700000005
-0.1015021568
-0.0744225867
-0.038813714500000006
-0.1015021568
-0.0721738259
-0.0406198815
-0.1015021568
-0.0687018761
-0.0432947196
-0.1015021568
-0.0657220817
-0.0454994364
-0.1015021568
-0.0629721147
-0.0467290626
-0.1015021568
-0.061659083200000006
-0.049426515600000005
-0.1015021568
-0.059338654100000006
-0.0512331061
-0.1015021568
-0.05611994520000001
-0.050491533400000004
-0.1015021568
0.0616114576
0.1015021447
-0.008330111900000001
-0.0530738912
-0.0551758185
-0.1015021568
-0.053642034600000006
-0.059027901900000006
-0.1015021568
-0.0503454501
-0.059441625100000006
-0.1015021568
-0.0487331614
-0.060592855400000006
-0.1015021568
-0.046920472500000004
-0.061961341200000006
-0.1015021568
-0.047236536600000004
-0.06319964310000001
-0.1015021568
-0.0456626896
-0.0643034656
-0.1015021568
-0.0440433345
-0.0637579734
-0.1015021568
-0.044930433900000004
-0.0653281299
-0.1015021568
-0.0436158052
-0.06656311640000001
-0.1015021568
0.1015021447
-0.1015021568
-0.1015021568
-0.041907962800000004
-0.0688053311
-0.1015021568
-0.041317809500000004
-0.0686443164
-0.1015021568
-0.1015021568
0.0636884831
-0.1015021568
-0.0406245037
-0.07075546390000001
-0.1015021568
-0.0399411078
-0.0715236082
-0.1015021568
-0.0391869753
-0.0713445766
-0.1015021568
-0.0377802656
-0.0715455334
-0.1015021568
-0.038455131000000004
-0.0730341359
-0.1015021568
0.1015021447
-0.1015021568
0.1015021447
-0.0371407443
-0.0747541267
-0.1015021568
-0.0371581925
-0.0741955544
-0.1015021568
-0.0380010301
-0.0743678947
-0.1015021568
-0.037888657400000005
-0.0749538856
-0.1015021568
-0.0368772184
-0.0757534052
-0.1015021568
-0.0348081305
-0.0768905027
0.1015021447
-0.1015021568
-0.1015021568
-0.1015021568
-0.0352280731
-0.1015021568
0.1015021447
0.052717534100000005
-0.032566774900000005
0.1015021447
-0.1015021568
0.0049782909000000005
-0.1015021568
-0.0408684397
-0.0712261297
-0.1015021568
-0.0400393356
-0.0704241901
-0.1015021568
0.1015021447
-0.005935134700000001
0.0750817584
0.1015021447
-0.06960457240000001
-0.1015021568
-0.0400761317
-0.06871289920000001
-0.1015021568
-0.0406674224
-0.0692529706
-0.1015021568
-0.0417890561
-0.0694824592
-0.1015021568
-0.0423432724
-0.06980957060000001
-0.1015021568
-0.041341271400000004
-0.070004429
-0.1015021568
-0.0416289247
-0.0611296356
-0.1015021568
-0.0511782931
-0.0689149329
-0.1015021568
-0.042460848100000004
-0.0699706337
-0.1015021568
-0.0423422076
-0.070624433
-0.1015021568
-0.040545914200000005
-0.0702044904
-0.1015021568
-0.041859127200000006
-0.0690263618
-0.1015021568
-0.041245257900000006
-0.0687849789
-0.1015021568
-0.0413358869
-0.0683683759
-0.1015021568
-0.0431184831
-0.0673941323
-0.1015021568
-0.043907657200000005
-0.06701374460000001
-0.1015021568
-0.042701093600000004
-0.0669087892
-0.1015021568
-0.043084155400000004
-0.06848534660000001
-0.1015021568
-0.041691602700000004
-0.06814062970000001
0.054770783100000005
0.1015021447
0.1015021447
-0.1015021568
-0.0430465728
-0.0680357711
-0.1015021568
0.1015021447
0.0171854969
0.08351094510000001
-0.0436934267
-0.06577324050000001
-0.1015021568
-0.0445020818
-0.0666831242
-0.1015021568
-0.043599167700000004
-0.0663487891
0.1015021447
-0.07510426440000001
0.1015021447
-0.1015021568
-0.1015021568
-0.1015021568
0.1015021447
-0.0436357702
-0.0644550665
-0.1015021568
-0.045058149400000004
-0.0638318076
-0.1015021568
-0.1015021568
-0.1015021568
0.1015021447
-0.0466057152
-0.0634020277
-0.1015021568
-0.0459303416
-0.0621533682
-0.1015021568
-0.0467180758
-0.0616802461
-0.1015021568
0.0861091539
0.1015021447
-0.013541799700000001
-0.0473212245
-0.0605944647
-0.1015021568
-0.048489152800000004
-0.0612826401
-0.1015021568
-0.0487159068
-0.061362899400000004
-0.1015021568
-0.0481331829
-0.061160647900000004
-0.1015021568
-0.046998662700000006
-0.061011152400000004
-0.1015021568
-0.0484130922
-0.060734667400000004
-0.1015021568
-0.0493845528
-0.0614735297
-0.1015021568
-0.049666144
-0.06077508140000001
-0.1015021568
-0.0494484892
-0.0597625171
-0.1015021568
0.0424432063
-0.0402141322
0.0882535401
0.1015021447
-0.057851201100000006
-0.1015021568
-0.0511466879
-0.057314638700000003
-0.1015021568
-0.05170119460000001
-0.056006677100000006
-0.1015021568
-0.0530169849
-0.057226901600000005
-0.1015021568
-0.0530452021
-0.0565803381
-0.1015021568
-0.053720466800000005
-0.055547361100000005
-0.1015021568
-0.0551679656
-0.055346271200000005
-0.1015021568
-0.055208343300000004
-0.0381948358
-0.1015021568
-0.05428867070000001
-0.0546358923
-0.1015021568
-0.0552223067
-0.055119444600000005
-0.1015021568
-0.054537700800000005
-0.0560650959
-0.1015021568
-0.053346794600000004
-0.05506713630000001
0.1015021447
-0.1015021568
-0.1015021568
-0.1015021568
-0.053683755400000005
-0.0542969955
-0.1015021568
-0.0552496285
-0.0548578305
-0.1015021568
-0.05408560850000001
-0.054667122400000004
-0.1015021568
-0.054399990700000005
-0.0555382014
-0.1015021568
0.044134822600000005
-0.1015021568
-0.1015021568
-0.0006900146000000001
-0.0855225701
-0.1015021568
-0.045516606300000005
-0.0633104186
-0.1008649466
-0.09110456630000001
-0.0409101121
-0.1015021568
-0.0528425271
0.06602154460000001
0.1015021447
0.054142042900000006
-0.0578313571
-0.1015021568
-0.0522435771
-0.05746832080000001
-0.1015021568
-0.051754325700000006
-0.0576024009
-0.1015021568
-0.1015021568
-0.057105574900000004
0.1015021447
-0.1015021568
-0.1015021568
0.0330134948
0.1015021447
0.07605934160000001
-0.1015021568
-0.054085076100000004
-0.055611382200000004
-0.1015021568
-0.054033021900000006
-0.055824705200000005
-0.1015021568
-0.0538138183
-0.0562949354
-0.1015021568
-0.05302782650000001
-0.05608834
-0.1015021568
-0.052264824700000004
-0.05525836470000001
-0.1015021568
-0.0525768474
-0.0553543661
-0.1015021568
-0.053712069400000007
-0.0551805496
-0.1015021568
-0.0532562503
-0.055927652
-0.1015021568
-0.054288283500000006
-0.055160608800000004
0.1015021447
0.1015021447
-0.1015021568
-0.1015021568
-0.054627579600000004
-0.054046017300000006
-0.1015021568
-0.055017078600000005
-0.054067930400000005
-0.1015021568
-0.0546071911
-0.0538951182
-0.1015021568
-0.0543935051
-0.0541279101
-0.1015021568
-0.0546115713
-0.054901378400000006
-0.1015021568
-0.053642542800000005
-0.05484854980000001
-0.1015021568
-0.05371631650000001
-0.056010573300000005
-0.1015021568
-0.053971324
-0.056092393500000004
-0.1015021568
-0.0531369322
-0.056369277800000006
-0.1015021568
-0.0523827876
-0.0562070652
-0.1015021568
-0.0519007962
-0.056773248400000004
-0.1015021568
-0.052735030700000005
-0.0567972185
-0.1015021568
-0.0521150509
-0.05620858980000001
-0.1015021568
-0.052164745600000006
-0.056487216500000006
-0.1015021568
-0.051851283000000005
-0.058054130200000005
-0.1015021568
-0.0507982926
-0.0567365733
-0.1015021568
-0.051852275200000006
-0.057591982800000004
-0.1015021568
-0.052681209900000005
-0.0580433491
-0.1015021568
-0.051301459
-0.0578725697
-0.1015021568
-0.052339675300000006
-0.0579913191
-0.1015021568
-0.051017883400000005
-0.057910938800000006
-0.1015021568
-0.0516014906
-0.0591887835
-0.1015021568
-0.050638391100000006
-0.058841634500000004
0.06637295280000001
0.09864759740000001
0.1015021447
-0.1015021568
-0.049809879900000006
-0.0594581174
-0.1015021568
-0.049288938600000005
-0.0590610317
-0.1015021568
-0.0495147972
-0.0587808562
-0.1015021568
-0.050095355200000004
-0.057887210700000004
-0.1015021568
-0.050790379200000006
-0.058342545800000006
-0.1015021568
-0.049402920600000004
-0.0592074054
-0.1015021568
-0.049050713800000006
-0.059252913500000004
-0.1015021568
-0.048349470400000004
-0.0588067623
-0.1015021568
-0.049059365300000005
-0.060201940700000005
-0.1015021568
-0.048206642
-0.060373397700000005
-0.1015021568
-0.048100694400000005
-0.06019192190000001
-0.1015021568
-0.0479467098
-0.060393386900000005
-0.1015021568
-0.0473969584
-0.061958582400000003
-0.1015021568
-0.0468219543
-0.0630928001
-0.1015021568
-0.0466185896
-0.0637425459
-0.1015021568
0.054812274
0.1015021447
-0.0333368673
-0.0438303866
-0.0656738632
-0.1015021568
-0.0422339731
-0.066335951
-0.1015021568
-0.042418219800000004
-0.0671181797
-0.1015021568
-0.0437655064
-0.0679693058
-0.1015021568
-0.0419176912
-0.0684431176
-0.1015021568
-0.040689238700000005
-0.0687061595
-0.1015021568
-0.0416654788
-0.0694626394
-0.1015021568
-0.0404474807
-0.0695620046
-0.1015021568
-0.0407096272
-0.0708285842
-0.1015021568
-0.040161823900000004
-0.0717433321
-0.1015021568
-0.038774425800000005
-0.07190593190000001
-0.1015021568
-0.037944619900000004
-0.051059870400000006
-0.1015021568
-0.0408286912
-0.0731794932
-0.1015021568
-0.0376012582
-0.0751174534
-0.1015021568
-0.0355964334
-0.07603635160000001
0.0070142974
0.1015021447
0.0394454918
0.042900900900000004
0.1015021447
0.0745025193
-0.1015021568
-0.0336482487
-0.076775468
0.1015021447
0.015678054700000003
0.1015021447
-0.1015021568
-0.034167871100000004
-0.07850887770000001
-0.1015021568
-0.0334162312
-0.0798098455
-0.1015021568
-0.0318146268
-0.08040497190000001
-0.1015021568
-0.031554791400000004
-0.0815848913
-0.1015021568
-0.0317321169
-0.1015021568
0.1015021447
-0.1015021568
-0.0822738048
-0.1015021568
-0.031139216900000002
-0.08238499170000001
-0.1015021568
-0.030429479300000003
-0.0835592604
-0.1015021568
-0.029676290600000002
-0.08413911660000001
-0.1015021568
-0.029630068600000004
-0.08435107230000001
0.1015021447
-0.030570698400000002
0.1015021447
-0.1015021568
-0.0295595256
-0.08516898390000001
-0.1015021568
-0.028773570100000003
-0.0848535611
0.1015021447
0.026726927700000003
-0.1015021568
0.1015021447
-0.028193798600000004
-0.08587549080000001
-0.1015021568
-0.1015021568
0.1015021447
-0.1015021568
-0.0273346502
-0.08769026090000001
-0.1015021568
-0.026956367900000004
-0.0878322665
-0.1015021568
0.1015021447
-0.1015021568
-0.1015021568
-0.027228327500000003
-0.08981060440000001
-0.1015021568
-0.026312768900000002
-0.0908034094
-0.1015021568
-0.0262935904
-0.091344594
-0.1015021568
-0.025119043400000002
-0.0922843889
-0.1015021568
-0.0254385076
-0.0932289996
-0.1015021568
-0.0244003034
-0.0934742182
-0.1015021568
-0.024569909100000002
-0.09440325620000001
-0.1015021568
-0.0254203697
-0.0955471539
-0.1015021568
-0.024116800400000003
-0.09668083920000001
-0.1015021568
-0.022735040900000003
-0.1015021568
0.0959895662
-0.1015021568
-0.09790790020000001
-0.1015021568
-0.023480884900000002
-0.0988943406
-0.1015021568
-0.0228613528
-0.0989404779
-0.1015021568
-0.022827581700000002
-0.09917220500000001
-0.042119954800000005
-0.1015021568
-0.061738592300000006
-0.1015021568
0.1015021447
-0.09054301740000001
0.1015021447
-0.004189867
-0.0810850282
0.1015021447
-0.1015021568
0.1015021447
0.0954756429
0.0961846424
0.036509063800000005
0.017136903300000002
-0.09821479250000001
-0.1015021568
0.050352722200000005
-0.031689065100000004
-0.1015021568
-0.1015021568
-0.0219942547
-0.1015021568
-0.1015021568
-0.0212102352
-0.1015021568
0.1015021447
0.042678333500000006
-0.06480127170000001
0.1015021447
-0.1015021568
-0.1015021568
-0.1015021568
-0.0027997343
-0.1015021568
-0.1015021568
-0.023422708100000002
-0.1015021568
-0.1015021568
-0.023469329400000002
-0.1015021568
0.1015021447
0.0095393738
0.1015021447
-0.1015021568
-0.0215173211
-0.1015021568
-0.1015021568
-0.0217557516
-0.1015021568
0.1015021447
0.0076410048
0.0650254121
-0.1015021568
-0.021521471400000002
-0.1015021568
-0.1015021568
-0.1015021568
0.1015021447
0.06682352050000001
0.1015021447
0.0134761814
-0.0989759672
-0.0230543962
-0.1015021568
-0.0977297277
-0.023687044700000003
-0.1015021568
-0.09666535120000001
-0.023734682400000002
-0.1015021568
-0.09594209790000001
-0.0233272754
-0.1015021568
-0.09513868210000001
-0.023376135200000002
-0.1015021568
-0.09484078010000001
-0.024708684
-0.1015021568
-0.09318266870000001
-0.0258083562
-0.1015021568
-0.1015021568
0.1015021447
-0.1015021568
-0.0891262768
-0.026892746100000003
-0.1015021568
-0.0880596376
-0.027911820200000003
-0.1015021568
-0.08715691710000001
-0.0289380454
-0.1015021568
-0.08560411200000001
-0.029335203700000003
-0.1015021568
-0.0836689711
-0.0332329041
-0.09435007670000001
0.0080348356
-0.1015021568
0.1015021447
0.0899567966
0.006942435500000001
-0.059888708000000006
-0.07901124550000001
-0.0326170262
-0.1015021568
-0.0783524852
-0.0335331414
-0.1015021568
-0.07724110020000001
-0.033785136
0.1015021447
0.1015021447
0.1015021447
0.1015021447
-0.0748313126
-0.0349059106
-0.1015021568
-0.0746125688
-0.0355289638
-0.1015021568
-0.0732547068
-0.0372612966
0.1015021447
-0.056056710600000004
0.1015021447
-0.1015021568
-0.0709137803
-0.0391327673
-0.1015021568
-0.0703071831
-0.039491568600000006
-0.1015021568
-0.0691814838
-0.039430100600000004
-0.1015021568
-0.0697275084
-0.040082786700000005
0.0632287678
0.08486037340000001
0.1015021447
-0.1015021568
-0.06847872790000001
-0.040937252400000006
-0.1015021568
-0.0672478554
-0.0417715232
-0.1015021568
-0.0676863957
-0.0428239449
-0.1015021568
-0.06640004470000001
-0.0436291394
-0.1015021568
-0.06459797960000001
-0.0430478554
-0.1015021568
-0.06437428690000001
-0.044590823200000004
-0.1015021568
-0.0638396484
-0.045016985200000005
-0.1015021568
-0.06372295600000001
-0.0461668724
-0.1015021568
-0.0621834246
-0.0469157414
-0.1015021568
-0.0605844701
-0.047987474700000005
-0.1015021568
-0.0601559002
-0.0485185195
-0.1015021568
-0.059160203300000005
-0.0504641632
-0.1015021568
-0.0575681337
-0.0523512671
0.1015021447
0.1015021447
-0.018964293700000003
-0.1015021568
-0.0993325542
0.053732554700000004
-0.1015021568
-0.0521155349
-0.0572791615
-0.1015021568
-0.0502390185
-0.0580304384
-0.1015021568
-0.048813674800000005
-0.0601230971
-0.1015021568
-0.047234007700000004
-0.0605085184
-0.1015021568
-0.0454333341
-0.06260722710000001
-0.1015021568
-0.044501537300000005
-0.0644348716
-0.1015021568
-0.08281171030000001
0.0648234389
-0.0006392672000000001
0.0747158423
0.1015021447
-0.1015021568
-0.0391911982
-0.0727233837
-0.1015021568
-0.036985573900000006
-0.0735716542
-0.1015021568
-0.0356308579
-0.0748103433
-0.1015021568
-0.0345367275
-0.0756471672
-0.1015021568
-0.033544963100000005
-0.07840023180000001
-0.1015021568
-0.1015021568
0.1015021447
-0.035350234700000004
0.026870119100000003
0.1015021447
-0.1015021568
-0.029406666300000002
-0.08325619170000001
0.1015021447
-0.1015021568
0.1015021447
-0.1015021568
-0.0280567419
-0.0871353307
-0.1015021568
-0.027565687600000003
-0.0885114879
-0.1015021568
-0.0261769827
-0.0901546074
-0.1015021568
-0.0252862654
0.0047403323
0.1015021447
0.0530819256
-0.0933691539
-0.1015021568
-0.0243005389
-0.0946628617
-0.1015021568
-0.024512337300000003
-0.09660539570000001
-0.1015021568
-0.022713878
0.1015021447
0.1015021447
0.1015021447
0.1015021447
-0.1015021568
0.1015021447
-0.1015021568
-0.0222676542
-0.1015021568
-0.1015021568
-0.0221789249
-0.019272880000000003
-0.1015021568
0.0241096251
0.1015021447
-0.0216802476
0.1015021447
-0.1015021568
-0.1015021568
-0.021688753900000003
-0.1015021568
-0.1013445543
-0.022003971
-0.1015021568
-0.0999804366
-0.023292790400000003
-0.1015021568
-0.0974587603
-0.0230483946
-0.1015021568
-0.09585161410000001
-0.024652721500000002
-0.1015021568
-0.0941722309
-0.024658045500000003
-0.1015021568
-0.0916212242
-0.025204421
-0.1015021568
0.0654152015
0.1015021447
0.0002553705
-0.08847388110000001
-0.027997294600000004
0.1015021447
-0.1015021568
-0.1015021568
-0.1015021568
-0.0842747939
-0.0293569111
-0.1015021568
-0.0812186485
-0.030806212800000003
-0.1015021568
-0.07832816420000001
-0.0324061111
-0.1015021568
-0.07789698070000001
-0.033444569400000006
-0.1015021568
-0.0761155824
-0.0353188352
-0.1015021568
-0.0257714149
-0.1015021568
-0.09401575370000001
-0.0711908098
-0.038724077700000005
-0.1015021568
-0.0697220392
-0.039554125600000004
-0.1015021568
-0.0677045215
-0.041195805200000005
-0.1015021568
0.007493384800000001
-0.1015021568
-0.0907741395
0.1015021447
0.1015021447
0.0313212977
-0.060791973000000006
-0.047754864300000005
-0.1015021568
-0.0564392884
-0.053722874700000006
-0.1015021568
-0.0526800241
-0.055364445400000004
-0.1015021568
-0.05097307710000001
-0.056469502100000006
-0.1015021568
-0.0491928404
-0.056964997100000005
-0.1015021568
0.0032985689000000003
-0.060209829900000005
-0.1015021568
-0.0475840365
-0.0599628689
-0.1015021568
-0.046149206400000004
-0.061857716800000004
-0.1015021568
0.044087596300000004
-0.1015021568
-0.1015021568
-0.043365323100000006
-0.0650435984
-0.1015021568
-0.0474994575
-0.061203675500000006
-0.1015021568
0.1015021447
0.1015021447
0.0003470643
-0.0391243457
-0.0719691907
-0.1015021568
-0.037286537200000004
-0.0735475631
-0.1015021568
-0.0355374217
-0.0759131131
-0.1015021568
-0.0340920646
-0.0785089382
-0.1015021568
-0.0322998005
-0.0800090599
-0.1015021568
-0.0313417467
-0.0808279274
-0.1015021568
-0.030838592400000003
-0.08311037460000001
-0.1015021568
-0.029269863700000003
-0.0849539185
-0.1015021568
-0.0281827392
-0.08735805540000001
-0.1015021568
-0.0265530749
-0.08847987060000001
-0.1015021568
-0.025684754700000003
-0.0903611544
-0.1015021568
-0.025270922600000002
-0.09186032020000001
-0.1015021568
-0.1015021568
0.1015021447
0.1015021447
0.1015021447
-0.1015021568
-0.09978441660000001
-0.026294159100000002
-0.1015021568
-0.1015021568
-0.0226949294
-0.0979546304
-0.1015021568
-0.023068299100000002
-0.1003666807
-0.1015021568
-0.023019753900000002
-0.1015021568
-0.1015021568
-0.0219755844
-0.1015021568
-0.1015021568
-0.0214241753
-0.1015021568
0.1015021447
-0.09165212760000001
0.1015021447
-0.1015021568
-0.0231588071
-0.1015021568
-0.029500308200000002
-0.1015021568
-0.08274814900000001
-0.09945403820000001
-0.0219219572
-0.1015021568
-0.098003587
-0.0229708578
-0.1015021568
-0.09607513740000001
-0.023317038800000002
-0.1015021568
0.015346321100000001
-0.0289380212
-0.1015021568
-0.0938410902
-0.023953510900000002
-0.1015021568
-0.09293699030000001
-0.024079484
-0.1015021568
-0.09135040200000001
-0.025885239600000002
-0.1015021568
-0.087935419
-0.028416450700000002
-0.1015021568
-0.1015021568
0.011670087
-0.0424393948
-0.08271008240000001
-0.030723412500000002
-0.1015021568
0.1015021447
-0.0891519288
0.1015021447
-0.0812589657
-0.030616242800000002
-0.1015021568
-0.08083476390000001
-0.030097310100000003
-0.1015021568
-0.0799571872
-0.0313566418
-0.1015021568
-0.0786396787
-0.032548721700000005
-0.1015021568
-0.07737671700000001
-0.0348980819
-0.1015021568
-0.07537626030000001
-0.0359633659
-0.1015021568
-0.07318554320000001
-0.037104795200000006
-0.1015021568
-0.07140242670000001
-0.037410392800000004
-0.1015021568
0.09756826530000001
0.1015021447
-0.024179369500000002
-0.068973146
-0.039761616400000005
-0.1015021568
-0.06710270380000001
-0.0421037287
-0.1015021568
-0.0660994807
-0.043967346500000004
-0.1015021568
-0.06406663230000001
-0.0464489597
-0.1015021568
-0.1015021568
0.1015021447
0.1015021447
0.1015021447
-0.1015021568
0.1015021447
-0.058829377200000005
-0.050236162900000006
-0.1015021568
-0.056349675800000006
-0.0529979516
-0.1015021568
0.005648352600000001
-0.1015021568
-0.00015325860000000002
0.1015021447
0.030714906200000003
-0.1015021568
-0.049785546800000004
0.1015021447
0.0319592339
0.1015021447
-0.060018686200000004
-0.1015021568
-0.046690729800000004
-0.06290614550000001
-0.1015021568
-0.0440282337
-0.06591560910000001
-0.1015021568
-0.042310759700000006
-0.0697235154
-0.1015021568
0.09247942880000001
-0.1015021568
-0.1015021568
-0.0373600326
-0.0755096749
-0.1015021568
-0.034781316900000005
-0.0775094177
-0.1015021568
-0.0331193456
-0.0356205366
-0.1015021568
-0.0858862356
-0.08238156740000001
-0.1015021568
-0.0295036236
-0.08539284600000001
-0.1015021568
-0.0285330342
-0.0865839942
-0.1015021568
-0.028683788100000003
-0.08990368970000001
-0.1015021568
-0.0266953951
-0.0961907166
-0.1015021568
-0.025218578000000002
-0.1015021568
0.1015021447
-0.1015021568
-0.10036320800000001
-0.1015021568
-0.0215735498
-0.1012696916
-0.1015021568
-0.1015021568
-0.1015021568
0.1015021447
-0.020289643000000003
-0.1015021568
-0.1015021568
-0.0217183142
-0.1015021568
-0.1015021568
-0.0212985168
-0.1015021568
-0.1015021568
-0.020859504600000002
-0.1015021568
-0.1015021568
-0.0225210282
-0.1015021568
-0.1011250966
-0.0225484952
-0.1015021568
-0.1015021568
0.1015021447
-0.1015021568
-0.027558379200000004
-0.1015021568
-0.1015021568
-0.041904478
-0.0671650309
0.0502185453
-0.05068811
-0.0596374636
0.1015021447
-0.0394201302
-0.07198585240000001
-0.1015021568
-0.037199526100000005
-0.07366294870000001
0.1015021447
-0.1015021568
0.1015021447
-0.1015021568
-0.0337322106
-0.1015021568
-0.1015021568
0.1015021447
-0.040938014700000004
-0.1015021568
-0.018982153300000002
-0.08188925470000001
-0.1015021568
-0.030326109
-0.0833553754
-0.1015021568
-0.028772239100000003
0.1015021447
-0.1015021568
0.1015021447
-0.08720299390000001
-0.1015021568
-0.1015021568
-0.1015021568
-0.1015021568
-0.025488395900000002
-0.09099177010000001
-0.1015021568
-0.0243267354
-0.0930123491
-0.1015021568
-0.0232369005
-0.09533407290000001
-0.1015021568
-0.0235718769
-0.09797275620000001
-0.1015021568
-0.0233163854
-0.1015021568
-0.1015021568
-0.0234959252
-0.1015021568
-0.1015021568
0.1015021447
-0.1015021568
-0.1015021568
-0.0229232564
-0.1015021568
-0.0990714483
0.041469676600000005
-0.1015021568
-0.034123742400000004
-0.0230658428
-0.1015021568
-0.09568024180000001
-0.023080931500000002
-0.1015021568
-0.0943976539
-0.0250693729
0.0669518894
-0.0987838434
-0.1015021568
-0.1015021568
-0.08848982890000001
-0.0266241745
-0.1015021568
-0.0865843693
-0.028375008200000003
0.1015021447
-0.0154278751
0.1014962883
-0.1015021568
-0.08266874880000001
-0.030425232200000003
-0.1015021568
-0.07217472130000001
-0.0349117065
-0.1015021568
-0.0716911932
-0.039868048
0.0008750599000000001
0.0791121837
0.1015021447
-0.1015021568
-0.06660163070000001
-0.0424556451
-0.1015021568
-0.065564697
-0.0433800488
-0.1015021568
-0.0633430402
-0.0452830158
-0.1015021568
-0.061048130000000006
-0.0476901293
-0.1015021568
-0.058395725300000006
-0.0487208557
-0.1015021568
-0.056601888200000006
-0.051070554700000007
-0.1015021568
-0.0555843871
-0.052868021800000005
-0.1015021568
-0.054375887500000004
-0.054209331000000006
-0.1015021568
-0.052165846700000004
-0.0547869245
-0.1015021568
-0.050820012100000006
-0.056929967600000006
-0.1015021568
-0.047947121200000005
-0.059046209200000005
-0.1015021568
-0.0462237787
-0.062211738600000004
-0.1015021568
-0.044350662400000004
-0.06492752310000001
-0.1015021568
-0.042176437600000005
-0.0672224817
0.1015021447
-0.1015021568
-0.1015021568
-0.1015021568
-0.037128801600000004
-0.07369210970000001
-0.1015021568
-0.019053107700000002
-0.06489665600000001
-0.1015021568
-0.033020984700000006
-0.07763119210000001
-0.1015021568
-0.1015021568
0.0396227205
-0.1015021568
-0.0314337188
-0.0814773344
-0.1015021568
-0.02878106
-0.08333963330000001
-0.1015021568
-0.0277263514
-0.0858911482
-0.1015021568
-0.027171639
-0.0889422116
-0.1015021568
-0.024888683600000003
-0.09124653560000001
-0.1015021568
-0.023716314600000003
-0.09422161100000001
-0.1015021568
0.014763185800000002
-0.1015021568
-0.0970906299
-0.022897870600000002
-0.1000433082
-0.1015021568
-0.0213373094
-0.10127206320000001
-0.1015021568
-0.0217286597
-0.1015021568
-0.1015021568
-0.021396309000000002
-0.1015021568
-0.1015021568
-0.1015021568
0.1015021447
-0.1015021568
-0.0220676533
-0.1015021568
-0.1015021568
-0.0056479896
-0.0442533421
-0.09690078090000001
-0.023971781900000003
-0.1015021568
-0.08602104170000001
-0.024609512400000002
-0.1015021568
-0.0854936753
-0.0299210373
-0.1015021568
-0.082170616
-0.0291277129
-0.1015021568
-0.0809352302
-0.0300604172
-0.1015021568
-0.07945693690000001
-0.031096274000000004
-0.1015021568
-0.1015021568
-0.020832207000000002
-0.0716226346
-0.07723553420000001
-0.0337534098
-0.1015021568
-0.0753088149
-0.0351554005
-0.1015021568
-0.0733762876
-0.036360294300000005
-0.1015021568
-0.0717197371
-0.039342278800000005
-0.1015021568
-0.0677709989
-0.0412413254
-0.1015021568
-0.06509021970000001
-0.042837738900000005
0.1015021447
-0.1015021568
-0.1015021568
-0.1015021568
0.0749288991
-0.1015021568
0.1015021447
-0.0578965519
-0.1015021568
-0.0547779342
-0.053829862900000004
-0.1015021568
-0.0524245689
-0.055423892700000005
-0.1015021568
-0.1015021568
0.033503738400000004
-0.1015021568
-0.0489957072
0.017391668800000003
0.1015021447
0.0646610569
-0.061249340900000004
-0.1015021568
-0.0450979221
-0.0638874797
-0.1015021568
-0.0425366183
-0.0649461692
-0.1015021568
-0.041556469900000004
-0.06655401720000001
-0.1015021568
-0.039713168
-0.0696760471
-0.1015021568
-0.0375680195
-0.07145012490000001
-0.1015021568
-0.0363769076
-0.0744718216
-0.1015021568
-0.0339606344
0.1015021447
-0.1015021568
0.1015021447
-0.0800672246
-0.1015021568
0.046168651100000006
0.1015021447
-0.006594258
-0.0282553876
-0.0861692425
-0.1015021568
-0.025759411700000002
-0.0897454822
-0.1015021568
-0.0250094779
-0.0928839318
0.08061074450000001
0.0533028716
0.1015021447
-0.1015021568
-0.0221167672
-0.0972034987
-0.1015021568
-0.0731708417
-0.040089780500000005
-0.1015021568
-0.022490887100000002
-0.1015021568
-0.1015021568
-0.021305159700000003
-0.1015021568
-0.1015021568
-0.021698675900000002
-0.1015021568
-0.0992030237
-0.0209237435
-0.1015021568
-0.0958919797
-0.0220032692
-0.1015021568
0.030389162100000002
-0.0698409338
-0.1015021568
-0.0914120031
-0.024769789
-0.1015021568
-0.0887253917
-0.0256686133
-0.1015021568
-0.08608787000000001
-0.0273871884
-0.1015021568
-0.08315259150000001
-0.030621409500000002
-0.1015021568
-0.0789830888
-0.0320898171
-0.1015021568
-0.07574719790000001
-0.0352818213
-0.1015021568
-0.0719107719
-0.038077574700000005
-0.1015021568
-0.06799506670000001
-0.041497845400000004
-0.1015021568
-0.0629255902
-0.045985348200000005
-0.1015021568
-0.1015021568
0.1015021447
-0.1015021568
-0.054965363200000006
-0.0525006416
-0.1015021568
-0.052909585300000006
-0.0562682912
-0.1015021568
-0.048911273400000004
-0.059393709100000004
-0.1015021568
-0.058048249600000004
-0.1015021568
-0.0685950694
-0.042559499400000006
-0.06656989240000001
-0.1015021568
-0.0379150233
-0.0693464552
-0.1015021568
0.1015021447
-0.0036361952
0.017043733300000002
0.06472003230000001
-0.0773180804
-0.1015021568
-0.0313270089
-0.0797523826
-0.1015021568
-0.029630068600000004
-0.0830742319
-0.1015021568
-0.027070846000000003
-0.0863801939
-0.1015021568
-0.025493635200000003
-0.0896200657
-0.1015021568
-0.024367585
-0.0922098529
-0.06224722790000001
-0.1015021568
-0.011087859200000001
-0.1015021568
-0.021974519600000002
-0.09692995400000001
-0.1015021568
-0.020829545
-0.09958785210000001
-0.1015021568
-0.020546042
-0.1015021568
-0.1015021568
-0.020728147000000002
-0.1015021568
-0.1015021568
-0.020187204400000002
-0.1015021568
-0.1015021568
0.029846997400000002
-0.09969446520000001
-0.1015021568
0.1015021447
-0.1015021568
-0.0982268562
-0.0222266352
-0.1015021568
-0.1015021568
0.1015021447
-0.1015021568
-0.0935450637
-0.0243003211
-0.1015021568
-0.0903448557
-0.024868779100000002
-0.1015021568
-0.0864537256
-0.025952551900000002
-0.1015021568
-0.0816166175
-0.0264047289
-0.1015021568
-0.0801201379
-0.030804627700000003
-0.1015021568
-0.07680401190000001
-0.033314663800000005
-0.1015021568
-0.0296796907
-0.1015021568
-0.0134466453
-0.0688658432
-0.037665775400000004
-0.1015021568
-0.0659366147
-0.0411020786
-0.1015021568
-0.0641116201
-0.0451524447
-0.1015021568
-0.05942181740000001
-0.048435162600000005
-0.1015021568
-0.056846852700000006
-0.0513485159
-0.1015021568
-0.052531460300000006
-0.0540330824
-0.1015021568
-0.0491731295
-0.057299513700000006
-0.1015021568
-0.0466515621
-0.0604197891
-0.1015021568
-0.0440884917
-0.0640006026
-0.1015021568
-0.0409253097
-0.0678758938
-0.1015021568
-0.0579667924
-0.1015021568
-0.015440471200000002
-0.0356364481
-0.0732488988
-0.1015021568
-0.0336454657
-0.0761492446
-0.1015021568
-0.0314066511
-0.0787753681
-0.1015021568
-0.0292306597
-0.0821840228
-0.1015021568
-0.026667698200000003
-0.08532535220000001
-0.1015021568
-0.0219110793
-0.08766984820000001
-0.1015021568
-0.0208150008
-0.0908255887
-0.1015021568
-0.0235564615
-0.0938703964
-0.1015021568
-0.0219896083
-0.0963952913
-0.1015021568
-0.019936770700000002
-0.09921317560000001
-0.1015021568
-0.0177219988
-0.1015021568
-0.1015021568
-0.016248351900000003
-0.1015021568
-0.1015021568
-0.020265346200000003
-0.1015021568
-0.1007807911
-0.021136292100000002
-0.1015021568
-0.09813339580000001
-0.021638296900000003
-0.1015021568
0.042566989300000004
0.1015021447
0.0857315371
-0.08951952680000001
-0.022804422300000002
-0.1015021568
-0.08540313100000001
-0.024313050300000003
0.1015021447
0.1015021447
-0.1015021568
-0.1015021568
-0.08101770380000001
-0.030117759100000002
-0.1015021568
-0.0785900929
-0.0315848236
-0.1015021568
-0.0739717044
-0.0331921997
-0.1015021568
-0.06956074620000001
-0.0348606324
-0.1015021568
-0.0694604977
-0.0401068778
-0.1015021568
-0.0652764024
-0.0425130354
-0.1015021568
-0.061088737600000005
-0.044531605800000006
-0.1015021568
-0.058170955700000006
-0.0463673452
-0.1015021568
-0.0551774036
-0.0498874651
-0.1015021568
-0.0531658391
-0.052687768100000004
-0.1015021568
-0.05013023950000001
-0.0557695292
-0.1015021568
-0.0464205731
-0.059117357200000005
0.0607285569
0.07036383530000001
0.1015021447
-0.1015021568
-0.0409230712
-0.06466610260000001
-0.1015021568
-0.038565531400000005
-0.0679401085
-0.1015021568
-0.0370765054
-0.07172932030000001
-0.1015021568
-0.1015021568
0.1015021447
0.1015021447
-0.030884003700000003
-0.07841109760000001
-0.1015021568
-0.027215283700000002
-0.0820985847
-0.1015021568
-0.0248346571
-0.0845832955
-0.1015021568
-0.025976461500000003
-0.08815523970000001
-0.1015021568
-0.024427225900000002
-0.09087753400000001
-0.1015021568
-0.1015021568
-0.1015021568
0.1015021447
-0.0195588514
-0.095985186
-0.1015021568
-0.0164686445
-0.09814130920000001
0.014156745900000002
0.1015021447
0.0788118738
-0.1015021568
-0.0204327376
-0.1015021568
-0.1015021568
-0.0202986817
-0.1015021568
-0.10081787760000001
-0.0194940922
-0.1015021568
-0.0991117776
-0.020082854
0.057881644700000005
0.047156737100000005
0.1015021447
-0.1015021568
-0.0960547852
-0.0214754672
-0.1015021568
-0.0913481998
-0.0204981865
-0.1015021568
-0.09129325370000001
-0.0233065844
-0.1015021568
-0.0879784103
-0.024749920800000002
-0.1015021568
-0.0852370464
-0.0267533299
-0.1015021568
-0.07923203420000001
-0.0281564701
-0.1015021568
-0.0744040737
-0.0300894451
-0.1015021568
-0.0713431246
-0.0329622876
-0.1015021568
-0.0717224354
-0.038619436900000005
-0.1015021568
-0.06663653920000001
-0.0408995367
-0.1015021568
-0.059639835200000005
-0.0429887711
-0.1015021568
-0.056175641500000005
-0.0475860451
-0.1015021568
-0.052940077300000006
-0.0511396578
-0.1015021568
-0.0469117121
-0.054941090600000006
-0.1015021568
-0.0420899468
-0.0590406674
-0.1015021568
-0.039915104900000005
-0.1015021568
0.1015021447
-0.1015021568
-0.06802200130000001
-0.1015021568
-0.0334938164
-0.0724516661
-0.1015021568
-0.029306962300000003
-0.0765275148
-0.1015021568
-0.0253654115
-0.0805840761
-0.1015021568
-0.0238353302
-0.08476662260000001
-0.1015021568
-0.0221528252
-0.0880063734
-0.1015021568
-0.0217883006
-0.0921833781
-0.1015021568
-0.020221604700000003
-0.09518714260000001
-0.1015021568
-0.0193724509
-0.0983266691
-0.1015021568
-0.018757432100000002
-0.1015021568
-0.1015021568
-0.0171661853
-0.1015021568
-0.09979130150000001
-0.0168411672
-0.1015021568
-0.09911979990000001
-0.019970977400000003
-0.1015021568
-0.09553178690000001
-0.0206860027
-0.1015021568
-0.09159193010000001
-0.0207264046
-0.1015021568
-0.08671031820000001
-0.021503200400000002
-0.1015021568
-0.08309931520000001
-0.023708485900000003
-0.1015021568
-0.0812785072
-0.027805908900000002
-0.1015021568
0.1015021447
-0.1015021568
0.1015021447
-0.0714617772
-0.0315413483
-0.1015021568
-0.06802851110000001
-0.0352893959
-0.1015021568
-0.0651612709
-0.039139422300000004
-0.1015021568
-0.0599949944
-0.043313281
-0.1015021568
-0.0549737485
-0.0479411922
-0.1015021568
-0.049589442100000006
-0.0511724609
-0.1015021568
-0.0460193371
-0.055087198100000005
-0.1015021568
-0.0419674827
-0.0603493187
-0.1015021568
-0.0382131431
-0.0642954191
-0.1015021568
-0.035289988800000005
-0.0686760426
-0.1015021568
-0.017815144600000003
-0.06654774940000001
-0.1015021568
-0.0288926946
-0.1015021568
0.1015021447
-0.1015021568
-0.0802316031
-0.1015021568
-0.024239809
-0.08386001800000001
-0.1015021568
-0.024538219200000003
-0.08814835480000001
-0.1015021568
-0.021449210200000002
-0.0447248186
-0.1015021568
-0.0154953568
-0.0480912927
-0.1015021568
-0.017351629900000002
-0.09874119090000001
-0.1015021568
-0.0208050909
-0.1015021568
-0.1015021568
-0.0199831379
-0.1015021568
0.1015021447
0.0199936044
0.1015021447
-0.0981734226
-0.0168320196
-0.1015021568
-0.0956085977
-0.0171396621
-0.1015021568
-0.0941956565
-0.019523979200000003
-0.1015021568
-0.0013071146
-0.1015021568
0.0773206335