-0.1015021568
-0.00023760770000000003
-0.0572768867
-0.1015021568
-0.1015021568
-0.1015021568
-0.1015021568
-0.1015021568
-0.1015021568
-0.051460416700000004
1.0623800000000002e-05
-0.0313582632
-0.1015021568
-0.1015021568
-0.1015021568
-0.1015021568
-0.1015021568
-0.033800127900000004
-0.006456354300000001
-0.1015021568
-0.1015021568
-0.1015021568
-0.1015021568
-0.025863689500000002
0.0012997457000000002
-0.0419585529
-0.1015021568
-0.1015021568
-0.1015021568
-0.1015021568
-0.1015021568
0.0006735586000000001
-0.0482097759
-0.1015021568
-0.1015021568
-0.1015021568
-0.0586055877
0.0016429259
0.0009491724000000001
-0.0548504979
-0.1015021568
-0.1015021568
-0.1015021568
-0.1015021568
-0.0484418418
-0.00023188440000000002
-0.1015021568
-0.1015021568
-0.1015021568
-0.1015021568
-0.0389814689
0.0023962114000000002
-0.0286064086
-0.1015021568
-0.1015021568
-0.1015021568
-0.1015021568
-0.1015021568
-0.030550612400000003
-0.0048441624
-0.1015021568
-0.1015021568
-0.1015021568
-0.07463586130000001
0.0009603649000000001
-0.0083307048
-0.08492942810000001
-0.1015021568
-0.1015021568
-0.1015021568
-0.1015021568
-0.1015021568
-0.0158311681
0.0020449847
-0.0466274589
-0.1015021568
-0.1015021568
-0.1015021568
-0.1015021568
-0.0105896296
-0.0172604443
-0.1015021568
-0.1015021568
-0.1015021568
-0.1015021568
-0.0060928461
-0.0223656521
-0.1015021568
-0.1015021568
-0.1015021568
-0.1015021568
-0.0019369317
-0.1015021568
-0.1015021568
-0.1015021568
-0.004772808700000001
-0.1015021568
-0.1015021568
-0.0714443411
7.381000000000001e-07
-0.1015021568
-0.1015021568
-0.1015021568
-0.1015021568
-0.0616775841
0.0019684522
-0.08981388350000001
-0.1015021568
-0.1015021568
-0.1015021568
-0.052228597300000006
0.0012259478
-0.0515227075
-0.1015021568
-0.1015021568
-0.1015021568
-0.0963552161
-0.021852103900000003
-0.1015021568
-0.1015021568
-0.0349362937
-0.1015021568
-0.1015021568
-0.1015021568
8.805170000000001e-05
-0.0727428405
-0.1015021568
-0.1015021568
-0.1015021568
-0.1015021568
0.0011039435
-0.0382530005
-0.1015021568
-0.1015021568
-0.1015021568
-0.05933720210000001
0.0017952649
-0.044178213200000004
-0.1015021568
-0.1015021568
-0.1015021568
-0.1015021568
-0.0091685814
-0.1015021568
-0.1015021568
-0.1015021568
0.0022868758
-0.1015021568
-0.1015021568
-0.0847511346
0.0023629727000000003
-0.0635993061
-0.1015021568
-0.1015021568
-0.1015021568
-0.026206978600000003
0.0023112573000000003
-0.0708583623
-0.1015021568
-0.1015021568
-0.1015021568
-0.0661150776
0.0021386145000000002
-0.07824445640000001
-0.1015021568
-0.1015021568
-0.1015021568
-0.056883854500000004
-0.08559382700000001
-0.1015021568
-0.1015021568
-0.008515012
-0.09328582120000001
-0.1015021568
-0.1015021568
0.0021796093
-0.10038819450000001
-0.1015021568
-0.1015021568
-0.1015021568
-0.08187963520000001
0.002266572
-0.0616509883
-0.1015021568
-0.1015021568
-0.1015021568
-0.0727534159
0.0021965009
-0.030846312200000003
-0.1015021568
-0.1015021568
1.936e-07
-0.0635636837
-0.007821851400000001
-0.1015021568
-0.1015021568
-0.1015021568
-0.0117361288
-0.1015021568
-0.1015021568
-0.009131458600000001
3.63e-08
-0.1015021568
-0.1015021568
-0.1015021568
-0.0896073728
-0.0044630608
-0.020628527700000003
-0.1015021568
-0.1015021568
-0.1015021568
-0.0800304406
-0.0020534789
-0.025355041800000002
-0.1015021568
-0.1015021568
-0.1015021568
-0.1015021568
-0.00020244510000000002
-0.0674973937
-0.1015021568
-0.1015021568
-0.0181827063
-0.07467858640000001
-0.1015017938
-0.0128678902
-0.0116445681
-0.1015021568
-0.1015021568
-0.1015021568
-0.0955617465
-0.0084079754
-0.0159337882
-0.1015021568
-0.1015021568
-0.1015021568
-0.0871116147
0.0021197385
-0.053517235200000006
-0.1015021568
-0.1015021568
-0.1015021568
-0.1015021568
-0.0019442764000000001
-0.025320012300000003
-0.1015021568
-0.1015021568
-0.06920409870000001
-0.06676982070000001
-0.1015021568
-0.1015021568
0.0019040439
-0.0739967514
-0.1015021568
-0.1015021568
-0.1015021568
-0.10134640560000001
0.0016193309
-0.08199827570000001
-0.1015021568
-0.1015021568
-0.1015021568
-0.0438077838
0.0007452632000000001
-0.0892701942
-0.1015021568
-0.1015021568
-0.1015021568
-0.08478628510000001
0.0020482396
-0.052847826900000006
-0.1015021568
-0.1015021568
-0.0016409536
-0.1015021568
-0.1015021568
-0.0227040407
-0.005089344700000001
-0.1015021568
-0.1015021568
-0.1015021568
-0.1015021568
0.0010955461
-0.035500722400000004
-0.1015021568
-0.1015021568
-0.1015021568
-0.050656432200000004
0.0016872482000000002
-0.0408420133
-0.1015021568
-0.1015021568
-0.1015021568
-0.09082583070000001
0.0019324063000000001
-0.046665053600000006
-0.1015021568
-0.1015021568
-0.0349457559
-0.09650315070000001
0.0003964928
-0.1015021568
0.0020512525
-0.1015021568
-0.1015021568
-0.1015021568
-0.1015021568
-0.021277668500000003
-0.0052120508000000005
-0.1015021568
-0.1015021568
-0.1015021568
0.0031719424
-0.0158063147
-0.008467059700000001
-0.0734865791
-0.1015021568
-0.1015021568
-0.1015021568
-0.0123815186
0.0013103574000000002
-0.1015021568
-0.1015021568
-0.08951892180000001
-0.0068350722
0.0063438848
-0.1015021568
-0.033851891700000004
-0.0203279879
-0.1015021568
-0.1015021568
-0.1015021568
-0.1015021568
-0.0274662256
-0.0026787464
-0.1015021568
-0.1015021568
-0.1015021568
-0.1015021568
-0.0191191374
0.0018713134
-0.0651267254
-0.1015021568
-0.1015021568
-0.1015021568
-0.1015021568
-0.0146464208
-0.008492372900000001
-0.1015021568
-0.1015021568
-0.1015021568
-0.0099536415
-0.0799878002
-0.1015021568
-0.1015021568
0.0018992281000000002
-0.0457773734
-0.1015021568
-0.1015021568
-0.1015021568
-0.1015021568
-0.0032078310000000004
-0.0205280251
-0.1015021568
-0.1015021568
-0.1015021568
-0.1015021568
-0.0261432116
-0.0028404024000000003
-0.1015021568
-0.1015021568
-0.1015021568
-0.1015021568
-0.0624229925
0.00047012130000000004
-0.005374916800000001
-0.1015021568
-0.1015021568
-0.1015021568
-0.008472178
-0.1015021568
-0.1015021568
-0.0461845263
0.0012622478
-0.1015021568
-0.1015021568
-0.1015021568
-0.1015021568
-0.0861551702
0.0018950899
-0.0454747282
-0.1015021568
-0.1015021568
-0.1015021568
-0.0779407101
-0.0030265851
-0.0204143456
-0.09436183790000001
-0.1015021568
-0.1015021568
-0.1015021568
-0.0257101526
-0.0029073154000000003
-0.1015021568
-0.1015021568
-0.1015021568
0.0004241776
-0.1015021568
-0.1015021568
-0.1015021568
-0.1010423931
0.0016904668000000001
-0.0718304037
-0.1015021568
-0.1015021568
-0.1015021568
-0.0465285293
0.0012093224
-0.0794247993
-0.1015021568
-0.1015021568
-0.1015021568
0.005103973600000001
0.0019244566000000002
-0.016633676400000002
-0.1015021568
-0.1015021568
-0.1015021568
-0.1015021568
-0.0036046142000000004
-0.1015021568
-0.1015021568
-0.1015021568
-0.0265968648
-0.10129471440000001
-0.1015021568
-0.1015021568
-0.1015021568
0.0002074908
-0.0302716227
-0.1015021568
-0.1015021568
-0.1015021568
-0.1001656271
0.0011459789
-0.034955641600000004
-0.1015021568
-0.1015021568
-0.1015021568
-0.1015021568
-0.0459800121
0.0011734459
-0.0790397168
-0.1015021568
-0.1015021568
-0.1015021568
-0.0391983856
0.0018618633000000002
-0.016502814900000003
-0.0862604886
-0.1015021568
-0.1015021568
-0.031561010800000004
-0.050954068000000005
-0.1015021568
-0.025049891900000003
-0.0031489766
-0.0998104437
-0.1015021568
-0.1015021568
-0.1015021568
-0.0601337814
0.0018623231000000002
-0.0638305492
-0.1015021568
-0.1015021568
-0.1015021568
-0.0526423447
0.0015932070000000001
-0.0346668872
-0.1015021568
-0.1015021568
-0.1015021568
-0.1015021568
-0.009921007800000001
0.0011360811
-0.1015021568
-0.1015021568
-0.1015021568
0.0018422976
-0.1015021568
-0.1015021568
-0.1015021568
0.0019137118
-0.051242471500000004
-0.1015021568
-0.1015021568
-0.1015021568
-0.1015021568
-0.0010644854000000001
-0.0003964928
-0.0991840872
-0.1015021568
-0.1015021568
-0.1015021568
-0.0193853616
0.0018640776000000002
-0.0634386302
-0.1015021568
-0.1015021568
-0.1015021568
-0.0977847827
-0.0088319352
-0.1015021568
-0.1015021568
-0.1015021568
0.0015553824
3.0976e-06
-0.1015021568
-0.1015021568
-0.0062442171
-0.016518036700000002
-0.08515241900000001
-0.1015021568
-0.1015021568
-0.1015021568
-0.07479418980000001
0.0018593586000000002
-0.0504917028
-0.1015021568
-0.1015021568
-0.1015021568
-0.1015021568
-0.0011042944000000002
-0.024802289600000003
-0.0985211161
-0.1015021568
-0.1015021568
-0.1015021568
-0.0057419219
-0.0626474959
-0.1015021568
-0.1015021568
0.0015095597000000002
-0.06938955540000001
-0.1015021568
-0.1015021568
-0.1015021568
-0.008718679200000001
-0.0121876524
-0.1015021568
-0.1015021568
-0.1015021568
-0.1015021568
-0.0052492704000000005
-0.0161435054
-0.084088829
-0.1015021568
-0.1015021568
-0.1015021568
-0.07284906640000001
0.0018125316
-0.0202449456
-0.1015021568
-0.1015021568
-0.0654822355
-0.0008372716000000001
-0.0562718607
-0.1015021568
-0.1015021568
0.0003841145
-0.0059279715
-0.1015021568
-0.1015021568
-0.1015021568
-0.0508101143
0.0015372203
-0.034313942300000004
-0.1015021568
-0.1015021568
-0.1015021568
3.63e-08
0.0016191010000000002
-0.039414068100000005
-0.1015021568
-0.1015021568
-0.1015021568
-0.1015021568
-0.036834529600000006
8.05013e-05
-0.08443931760000001
-0.1015021568
-0.1015021568
-0.0026275392
-0.0913501721
-0.1015021568
-0.1015021568
-0.0648134201
-0.0035931313000000004
-0.09820546340000001
-0.1015021568
-0.1015021568
-0.10132456510000001
0.00038615940000000004
-0.0298736053
-0.1015021568
-0.1015021568
-0.1015021568
-0.09526321530000001
-0.0139036018
0.0015330216
-0.0706955447
-0.1015021568
-0.1015021568
-0.1015021568
-0.0876534285
0.0016305839000000002
-0.1015021568
-0.1015021568
-0.1015021568
0.0018038438000000001
-0.1015021568
-0.1015021568
-0.1015021568
-0.0723903312
0.0018718216
-0.051054885200000004
-0.1015021568
-0.1015021568
-0.1015021568
-0.0237112205
0.0018871039
-0.0570261021
-0.1015021568
-0.1015021568
-0.1015021568
-0.0566332514
0.0004977456000000001
-0.0298914649
-0.1015021568
-0.1015021568
-0.1015021568
-0.1015021568
-0.0095264026
-0.1015021568
-0.1015021568
-0.1015021568
0.0015893713000000001
-0.1015021568
-0.1015021568
-0.1015021568
-0.0781752202
-0.0047768985000000005
-0.0168706065
-0.08444645660000001
-0.1015021568
-0.1015021568
-0.1015021568
-0.1015021568
-0.0705450449
-0.0023126851
-0.0016829769000000002
-0.0913220275
-0.1015021568
-0.1015021568
-0.06286058900000001
0.0018004074
-0.0569648519
-0.1015021568
-0.1015021568
-0.1015021568
-0.09901085150000001
0.0006192901
-0.0299648393
-0.1015021568
-0.1015021568
-0.1015021568
0.0014470753
-0.0702602351
-0.1015021568
-0.0851915262
1.452e-07
-0.1015021568
-0.1015021568
-0.1015021568
-0.0345763913
-0.00022051040000000002
-0.08471355200000001
-0.1015021568
-0.1015021568
-0.1015021568
-0.0022345917
-0.02139038
-0.1015021568
-0.1015021568
-0.1015021568
-0.1015021568
-0.0224418821
0.0018263256000000002
-0.057353854800000006
-0.1015021568
-0.1015021568
0.0005502233000000001
-0.0303476591
-0.1015021568
-0.09221531000000001
0.0014144416
-0.0351504516
-0.1015021568
-0.1015021568
-0.0847393976
0.0016319754
-0.040129492700000005
-0.1015021568
-0.1015021568
-0.1015021568
-0.0342764807
-0.00033961070000000003
-0.045585903000000004
-0.1015021568
-0.1015021568
-0.1015021568
-0.0694048619
0.0018694379000000001
-0.051244395400000003
-0.1015021568
-0.1015021568
-0.000401357
-0.025770991400000002
-0.1015021568
-0.1015021568
0.000693572
-0.030276269100000003
-0.1015021568
-0.1015021568
-0.09083900760000001
-0.0115033974
-0.0099668184
-0.1015021568
-0.1015021568
-0.1015021568
-0.0833538387
-0.007269498500000001
-0.0134363966
-0.1015021568
-0.1015021568
-0.1015021568
-0.1015021568
-0.0038976399000000004
-0.017265344800000002
-0.1015021568
-0.1015021568
-0.026188078400000002
0.0018067357
-0.1015021568
-0.1015021568
-0.020250523700000002
0.0017287996
-0.0969337413
-0.1015021568
-0.1015021568
-0.0520778676
-0.0066480667
-0.06296566540000001
-0.1015021568
-0.1015021568
-0.1015021568
-0.0100643081
-0.009738346200000001
-0.0696512663
-0.1015021568
-0.1015021568
-0.1015021568
-0.0368496909
0.0007298357000000001
-0.0760893012
-0.1015021568
-0.07344528180000001
-0.0031948477
-0.044438060700000004
-0.1015021568
-0.024977497600000002
-0.020958143800000002
-0.1015021568
-0.1015021568
-0.1015021568
-0.10057626480000001
0.0002866006
-0.0249300777
-0.1015021568
-0.1015021568
-0.1015021568
-0.050415509100000006
0.0015850032
-0.062526629
-0.10150207210000001
-0.1015021568
-0.1015021568
-0.0436113766
0.0013255429000000002
-0.034074604300000005
-0.1015021568
-0.1015021568
-0.0364214356
-0.038855435300000005
-0.1015021568
-0.0724026611
-0.0027473897
-0.016797716100000002
-0.1015021568
-0.1015021568
-0.1015021568
-0.024522840100000002
-0.0019277841000000001
0.0003964928
-0.0507510784
-0.1015021568
-0.0577645046
0.0017664548
-0.0250270471
-0.1015021568
-0.1015021568
-0.1015021568
-0.0944878957
-0.013787332900000001
-0.006797078200000001
-0.1015021568
-0.1015021568
-0.0884151356
-0.0098861356
-0.1015021568
-0.1015021568
0.0017305541
-0.039800905100000006
-0.1015021568
-0.1015021568
-0.1015021568
-0.0730984353
0.0018255633000000002
-0.0449378391
-0.1015021568
-0.1015021568
-0.1015021568
-0.0011173019
-0.0020548946
-0.09080627710000001
-0.1015021568
-0.1015021568
-0.1015021568
-0.0584385472
0.001826132
-0.09714505570000001
-0.1015021568
-0.09425711240000001
0.0010826717000000001
-0.1015021568
-0.1015021568
-0.08715579180000001
-0.0093020444
-0.0348750919
-0.1015021568
-0.1015021568
-0.0800529224
0.0017377778
-0.040024513100000006
-0.1015021568
-0.1015021568
-0.1015021568
-0.0725541652
0.0018072923000000002
-0.017736543
-0.1015021568
-0.1015021568
-0.1015021568
-0.0656083417
-0.0012310782
-0.0916900853
-0.1015021568
-0.1015021568
2.9995900000000002e-05
2.42e-08
-0.1015021568
-0.0950592093
0.0017094759
-0.1015021568
-0.1015021568
-0.1015021568
-0.1015021568
-0.011338268700000001
-0.0108162021
-0.1015021568
-0.1015021568
-0.1015021568
-0.1015021568
-0.007437567500000001
0.0005687847
-0.0788413978
-0.1015021568
-0.1015021568
-0.1015021568
-0.004260894
-0.0186549935
-0.1015021568
-0.1015021568
-0.0668530324
-0.0227951537
-0.1015021568
-0.1015021568
-0.1005668147
-0.0049977961
-0.0984645244
-0.1015021568
-0.1015021568
-0.0525868783
0.0016423693000000002
-0.0325124096
-0.1015021568
-0.1015021568
-0.1015021568
-0.046207201700000006
0.0011314589
-0.037096639800000004
-0.1015021568
-0.1015021568
-0.1015021568
-0.1015021568
-0.0090003309
-0.042369892400000005
-0.1015021568
-0.1015021568
-0.07379736760000001
-0.018534876800000002
-0.1015021568
-0.1015021568
-0.0658818864
-0.0027022809000000004
-0.0526051493
-0.1015021568
-0.1015021568
-0.1015021568
-0.09984959930000001
-0.0001723645
-0.0273899109
-0.1015021568
-0.1015021568
-0.1015021568
-0.0942689946
-0.0157420758
-0.008145562700000001
-0.06588122090000001
-0.1015021568
-0.1015021568
-0.1015021568
-0.044897848600000005
-0.0727395977
-0.1015021568
-0.1015021568
-0.038289506200000004
-0.041993062100000006
-0.1015021568
-0.1015021568
-0.1015021568
-0.0039806822
-0.0010315976
-0.047651687600000006
-0.1015021568
-0.1015021568
-0.1015021568
-0.0272971644
0.0019833957
-0.0529400531
-0.1015021568
-0.10149925280000001
-0.1015021568
-0.09921825760000001
8.30423e-05
-0.0274184911
-0.09860437620000001
-0.1015021568
-0.1015021568
0.0010432136
-0.0080954808
-0.1015021568
-0.1015021568
-0.0428368556
0.0011009306000000002
-0.036501089900000006
-0.1015021568
-0.1015021568
-0.07818861490000001
-0.005696014500000001
-0.014916650100000001
-0.1015021568
-0.1015021568
-0.1015021568
-0.1015021568
-0.0029014711
-0.0187964909
-0.08603707420000001
-0.1015021568
-0.1015021568
-0.1015021568
-0.0625541081
0.0017471553000000001
-0.0227545582
-0.1015021568
-0.1015021568
-0.0545637642
0.0016657949
-0.1015021568
-0.1015021568
-0.0105366437
-0.0074707336000000004
-0.1015021568
-0.1015021568
-0.1015021568
-0.0053225238
-0.0099567996
-0.1015021568
-0.1015021568
-0.1015021568
-0.07171686940000001
-0.0024114937
-0.013685995400000001
-0.1015021568
-0.1015021568
-0.1015021568
-0.1015017938
-0.0016392233
-0.018575678
-0.1015021568
-0.1015021568
-0.060004287200000006
-0.0028872657
-0.1015021568
-0.1015021568
-0.0181551909
-0.060394488
-0.1015021568
-0.1015021568
-0.1015021568
-0.0494734636
0.0016149749
0.0005300526
-0.1015021568
-0.1015021568
-0.1015021568
-0.042773330600000006
0.0010649936000000002
-0.0378724676
-0.1015021568
-0.1015021568
-0.1015021568
-0.0780461374
0.0018811144
-0.043258492200000005
-0.1015021568
-0.1015021568
-0.030900048300000003
-0.0488817978
-0.1015021568
-0.06313154430000001
0.0019385531000000002
-0.09422616060000001
-0.09555476480000001
-0.1015021568
-0.1015021568
-0.0184741832
-0.005989778300000001
0.00020142870000000002
-0.1015021568
-0.1015021568
-0.1015021568
0.001118524
-0.0092368859
-0.1015021568
-0.1015021568
-0.1015021568
-0.1015021568
-0.009590581
0.0008852118000000001
-0.1015021568
-0.1015021568
-0.0773707517
-8.51356e-05
-0.1015021568
-0.1015021568
-0.029728018100000003
-0.0016587043
-0.08840488690000001
-0.1015021568
-0.1015021568
-0.1015021568
-0.0625787316
0.0018504288000000002
-0.055227824300000006
-0.1015021568
-0.10150207210000001
-0.1015021568
-0.0553125848
0.00032852710000000004
-0.0291511627
-0.1001191631
-0.1015021568
-0.1015021568
-0.1015021568
-0.0468693379
-0.0337094021
-0.1015021568
-0.1015021568
-0.08405265
-0.013362187300000002
-0.1015021568
-0.1015021568
-0.0775115957
0.0018429147000000002
-0.044698900400000005
-0.1015021568
-0.1015021568
-0.1015021568
-0.1015021568
-0.0314147944
-0.0020268226
-0.09074698710000001
-0.1015021568
-0.1015021568
-0.1015021568
-0.06289070590000001
0.0021674851000000003
-0.055315222600000005
-0.1015021568
-0.1015021568
-0.1015021568
-0.09595538370000001
-0.029607296400000004
-0.1006903799
-0.1015021568
-0.1015021568
0.0015084586
-0.1015021568
-0.1015021447
-0.1015021568
-0.0412531108
0.0016838239000000002
-0.013110519400000001
-0.1015021568
-0.1015021568
-0.1015021568
-0.1015021568
-0.0050680124
-0.0169222856
-0.0824940732
-0.1015021568
-0.1015021568
-0.1015021568
-0.0684791393
0.0018953924000000002
-0.020999671
-0.1015021568
-0.1015021568
-0.1015021568
0.0018215461
-0.025045790000000002
-0.1015021568
-0.1015021568
0.0005983087
-0.029417241700000003
-0.1015021568
-0.1015021568
-0.10149944640000001
-0.08889578390000001
0.0012296383
-0.0340484199
-0.1015021568
-0.1015021568
-0.1015021568
-0.0819735312
0.0015519218
-0.013315287700000001
-0.1015021568
-0.1015021568
-0.1015021568
-0.1015021568
-0.0334863628
0.0017488372000000001
-0.017161478400000003
-0.1015021568
-0.1015021568
-0.06753600480000001
0.0018285399000000002
-0.1015021568
-0.1015021568
-0.0007069788000000001
-0.0564008104
-0.1015021568
-0.1015021568
-0.1015021568
-0.052750893800000004
0.0016557761000000001
-0.0624598733
-0.1015021568
-0.1015021568
-0.1015021568
-0.0121522599
0.0013242603000000002
-0.0695925329
-0.1015021568
-0.1015021568
-0.1015021568
-0.039775337800000005
0.0005941463
-0.07639093000000001
-0.1015021568
-0.07412816950000001
-0.004769239200000001
-0.08309365240000001
-0.1015021568
-0.06679244770000001
-0.0022518584
-0.021502365500000002
-0.1015021568
-0.1015021568
-0.099637692
-0.0005245834
-0.025778977400000003
-0.0957708466
-0.1015021568
-0.1015021568
-0.09433715390000001
0.0005021863
-0.030678908700000004
-0.1013874609
-0.1015021568
-0.1015021568
-0.1015021568
-0.011972115100000002
-0.0106320401
-0.1015021568
-0.1015021568
-0.08117398740000001
0.0004981449
-0.1015021568
-0.1015021568
-0.0051168843
-0.046091320000000005
4.84e-08
-0.1015021568
-0.1015021568
-0.068288891
0.0019474708
-0.0513168139
-0.1015021568
-0.1015021568
-0.1015021568
-0.0214188392
0.0018537926000000001
-0.0573964952
-0.1015021568
-0.1015021568
-0.1015021568
-0.0523496457
0.0016413771
-0.06388780640000001
-0.1015021568
-0.1015021568
-0.045874185500000005
-0.0707297998
-0.1015021568
-0.1015021568
-0.038805256600000004
0.0004400407
-0.1015021568
-0.1015021568
-0.1015021568
-0.07317903340000001
0.0017801036
-0.045830807
-0.1015021568
-0.1015021568
-0.1015021568
-0.06606322910000001
-0.1015021568
-0.022317627200000002
-0.0908244755
-0.1015021568
-0.1015021568
-0.1015021568
-0.05846559070000001
0.0017873394000000001
-0.1015021568
-0.1015021568
-0.1015021568
0.0008413009000000001
-0.10104760820000001
-0.1015021568
-0.1015021568
-0.0084990037
-0.033687682600000005
-0.1015021568
-0.1015021568
-0.1015021568
-0.1015021568
-0.0296559989
0.0005689783
-0.07366440070000001
-0.1015021568
-0.1015021568
-0.1015021568
-0.0678170757
0.0014986576
-0.0171688231
-0.1015021568
-0.1015021568
-0.1015021568
-0.1015021568
-0.0007442347
-0.0890750817
-0.1015021568
-0.1015021568
-0.016136741500000003
-0.055511375700000004
-0.1015021568
-0.1015021568
-0.0892497089
0.0011264374
-0.0293457791
-0.099871101
-0.1015021568
-0.1015021568
-0.1015021568
-0.007070223600000001
-0.010333508900000002
-0.06951322950000001
-0.1015021568
-0.1015021568
-0.1015021568
-0.07691654190000001
0.0016224769000000002
-0.014406417300000002
-0.1015021568
-0.1015021568
-0.1015021568
-0.0306196913
-0.018894428300000002
-0.0855513923
-0.1015021568
-0.0658875976
-0.0031611734000000003
-0.053600725200000005
-0.1015021568
-0.1015021568
-0.09895313450000001
-0.0005227442000000001
-0.028262865400000003
-0.0986113821
-0.1015021568
-0.1015021568
-0.0932910484
-0.0166843996
-0.0086136028
-0.1015021568
-0.1015021568
-0.1015021568
-0.1015021568
-0.045114583800000004
0.0014566464000000002
-0.011897845300000001
-0.1015021568
-0.1015021568
-0.07913725490000001
-0.0072702245
-0.0795984706
-0.1015021568
-0.0716691712
0.0018259868000000002
-0.047632763200000004
-0.1015021568
-0.1015021568
0.0006938019000000001
0.0018369978000000002
-0.053449680900000004
-0.1015021568
-0.1015021568
-0.1015021568
-0.0197548351
-0.0056742829
-0.0596615668
-0.1015021568
-0.1015021568
-0.1015021568
-0.014650958300000001
-0.0086098276
-0.0663201847
-0.1015021568
-0.0851340391
6.897e-07
-0.0373530872
-0.1015021568
-0.0783495086
3.1956100000000004e-05
-0.1015021568
-0.1015021568
0.0126877696
-0.07110437950000001
-0.0037923457
-0.0199098119
-0.1015021568
-0.1015021568
-0.1015021568
-0.0635375477
0.0018745199000000001
-0.0537992741
-0.1015021568
-0.1015021568
-0.1015021568
-0.09616484680000001
0.00042348790000000004
-0.0275298474
-0.09785334130000001
-0.1015021568
-0.0463690392
0.0011561308
-0.1015021568
-0.1015021568
-0.0082049253
-0.0369608536
-0.1015021568
-0.1015021568
-0.1015021568
-0.034512721100000004
-4.1624e-06
-0.1015021568
-0.1015021568
-0.1015021568
-0.0687131896
0.0017488735000000001
-0.047981085900000005
-0.1015021568
-0.1015021568
-0.1015021568
-0.1010329551
-0.0008892532000000001
-0.0034634919000000003
-0.0931132389
-0.1015021568
-0.05431671850000001
0.0003981384
-0.0602932231
-0.1015021568
-0.089497408
0.0013701314
-0.0669242772
-0.1015021568
-0.1015021447
-0.1015021568
-0.0406869034
0.0008539817000000001
-0.0736868462
-0.1015021568
-0.1015021568
-0.1015021568
-0.0341733766
0.0017129365000000001
-0.042918022400000005
-0.1015021568
-0.1015021568
-0.1015021568
-0.1015021568
-0.027991280900000002
-0.0016273411
-0.048449864100000004
-0.1015021568
-0.1015021568
-0.022315437100000002
-0.0036990426000000002
-0.1015021568
-0.1015021568
-0.0171262311
-0.0063905061
-0.0992034472
-0.1015021568
-0.1015021568
-0.1015021568
-0.046701039
0.0013605966000000001
-0.0675145273
-0.1015021568
-0.1015021568
-0.1015021568
-0.0402296081
0.0015309646
-0.0381022466
-0.1015021568
-0.1015021568
-0.1015021568
-0.1015021568
-0.033617054900000005
-0.0002017191
-0.1015021568
-0.1015021568
-0.1015021568
-0.0025464087000000002
-0.08802406360000001
-0.1015021568
-0.1004358201
-0.0008640126
-0.024764186700000003
-0.1015021568
-0.1015021568
-0.1015021568
-0.1015021568
-0.0172656352
-0.006603030500000001
-0.0996993052
-0.1015021568
-0.1015021568
-0.1015021568
-0.0469844089
0.001332936
-0.0337751535
-0.1015021568
-0.1015021568
-0.1015021568
-0.1015021568
-0.039690129600000006
-0.0740554243
-0.1015021568
-0.1015021568
-0.0321785585
-0.0432556729
-0.1015021568
-0.1015021568
-0.0663059309
-0.0019713199000000003
-0.0492860951
-0.1015021568
-0.1015021568
-0.1015021568
-0.0994484238
-0.0005294476
-0.025036763400000002
-0.0944658616
-0.1015021568
-0.1015021568
-0.07929856
-0.0164951314
-0.0067885477000000005
-0.061882509700000005
-0.1015021568
-0.1015021568
-0.1015021568
-0.0878042066
-0.011756214800000001
-0.0687163719
-0.1015021568
-0.1015021568
-0.039133638500000005
-0.039085940300000004
-0.1015021568
-0.1015021568
-0.1015021568
-0.1015021568
-0.0022913649
-0.0213372852
-0.1015021568
-0.1015021568
-0.1015021568
-0.09904343680000001
-0.0004454252
-0.0255803317
-0.1015021568
-0.1015021568
-0.1015021568
-0.09415907820000001
0.0004297799
-0.007123959700000001
-0.1015021568
-0.1015021568
-0.0461741203
0.0012062974
-0.1015021568
-0.1015021568
-0.008049404000000001
-0.0396127864
-0.1015021568
-0.1015021568
-0.07339810390000001
-0.0046462064
-0.0176255376
-0.0830356329
-0.1015021568
-0.1015021568
-0.1015021568
-0.0023129876
-0.021609837700000002
-0.1015021568
-0.1015021568
-0.1015021568
-0.0991871364
-0.0006651612
-0.0260574589
-0.1015021568
-0.1015021568
-0.052203030000000004
0.0005663526
-0.0632695811
-0.1015021568
-0.0454026364
-0.010581764600000002
-0.1015021568
-0.1015021568
-0.1015021568
-0.0387619265
0.0015865520000000002
-0.04008367
-0.1015021568
-0.1015021568
-0.1015021568
-0.032253409100000005
-0.0007666439000000001
-0.0836573914
-0.1015021568
-0.1015021568
-0.1015021568
-0.0655652899
0.0018225383000000002
-0.0220155749
-0.1015021568
-0.1015021568
-0.020453598
0.0017572346
-0.1015021568
-0.1015021568
-0.050919292600000006
-0.007528148100000001
-0.10107822120000001
-0.1015021568
-0.1015021568
-0.1015021568
-0.044267559600000006
0.0011852313
-0.0703978121
-0.1015021568
-0.1015021568
-0.1015021568
-0.0376572812
0.00037801610000000004
-0.040396890600000006
-0.1015021568
-0.1015021568
-0.1015021568
-0.1015021568
-0.0039497304
-0.0008645571000000001
-0.08404261910000001
-0.1015021568
-0.1015021568
-0.0253730224
-0.0513866309
-0.1015021568
-0.1015021568
-7.30235e-05
-0.026459251500000003
-0.1015021568
-0.1015021568
-0.1015021568
-0.1015021568
-0.0143094237
-0.0077545633000000004
-0.1013184062
-0.1015021568
-0.1015021568
-0.1015021568
-0.0432199537
0.0010730401
-0.035721934600000005
-0.1015021568
-0.1015021568
-0.1015021568
-0.1015021568
-0.006519455800000001
-0.07765246390000001
-0.1015021568
-0.1015021568
-0.0305741832
-0.0184321962
-0.1015021568
-0.1015021568
-0.0635388061
-0.0027701982000000003
-0.0518741641
-0.1015021568
-0.1015021568
-0.1015021568
-0.0970847977
9.220200000000001e-05
-0.0268427852
-0.0967440375
-0.1015021568
-0.1015021568
-0.1015021568
-0.0140355523
0.0014906716
-0.0644889344
-0.1015021568
-0.0896073728
-0.1015021568
-0.0845744746
-0.036147782
-0.1015021568
-0.1015021568
-0.1015021568
0.000195173
-0.1015021568
-0.1015021568
-0.1015021568
-0.029891343900000002
0.0017694435
-0.018841188300000002
-0.1015021568
-0.1015021568
-0.1015021568
-0.1015021568
-0.0012422707
-0.0229779363
-0.1015021568
-0.1015021568
-0.1015021568
-0.1015021568
-0.018613526800000002
0.0017149209
-0.0585144021
-0.1015021568
-0.1015021568
-0.1015021568
0.0014797574
-0.0317611327
-0.1015021568
3.872e-07
0.0009965802
-0.1015021568
-0.1015021568
-0.1015021568
-0.0058981329
7.665350000000001e-05
-0.07903268670000001
-0.1015021568
-0.1015021568
-0.1015021447
-0.0294764591
-0.0013308669
-0.08582530000000001
-0.1015021568
-0.1015021568
-0.1015021568
-0.0236656761
-0.0032043099
-0.0921075595
-0.1015021568
-0.1015021568
-0.0182182803
-0.027701098700000003
-0.09772039860000001
-0.1015021568
-0.048303684000000006
-0.032283513900000005
-0.1015021568
-0.1015021568
-0.041581480600000005
0.0014820927000000002
-0.011955634900000001
-0.1015021568
-0.1015021568
-0.1015021568
-0.0762017344
-0.0055523391
-0.0156928167
-0.1015021568
-0.1015021568
-0.1015021568
-0.1015021568
-0.0029542513000000003
-0.019605993000000002
-0.0863039034
-0.1015021568
-0.1015021568
0.0017871579
-0.0236764814
-0.1015021568
-0.1015021568
-0.0057982958000000005
-0.1015021568
-0.1015021568
-0.1015021568
-0.012762910600000002
0.0014381697
-0.0663408999
-0.1015021568
-0.1015021568
-0.1015021568
-0.040895096000000006
0.0008521788
-0.07307935360000001
-0.1015021568
-0.1015021568
-0.1015021568
-0.0345094299
-0.00013629440000000002
-0.07999762540000001
-0.1015021568
-0.1015021568
-0.0283920692
-0.0016170924
-0.0866946729
-0.1015021568
-0.022751872000000003
-0.023909466900000002
-0.1015021568
-0.1015021568
-0.1015021568
-0.0541280311
0.00040711660000000005
-0.028304683
-0.1015021568
-0.1015021568
-0.1015021568
-0.08912959220000001
-0.012577030400000001
-0.009116309400000001
-0.1015021568
-0.1015021568
-0.1015021568
-0.1015021568
-0.040408809100000005
0.0015232811
-0.0376380906
-0.1015021568
-0.1015021568
-0.0752024922
-0.0051834827
-0.0428523073
-0.1015021568
-0.1015021568
0.0017722386000000002
-0.0484908468
-0.1015021568
-0.1015021568
-0.1015021568
-0.1000964151
-0.0006899541
-0.0243158454
-0.1015021568
-0.1015021568
-0.101496736
-0.09495615360000001
0.00045298770000000004
-0.0062808801000000004
-0.09877797490000001
-0.1015021568
-0.1015021568
-0.1015021568
-0.0465718352
0.0011584056000000001
-0.033281727600000005
-0.1015021568
-0.1015021568
-0.0820738886
-0.0126745927
-0.1015021568
-0.1015021568
-0.0338759707
-0.00026930970000000004
-0.0807693029
-0.1015021568
-0.1015021568
-0.1015021568
-0.0676177766
0.0017559278
-0.020413728500000002
-0.1015021568
-0.1015021568
-0.1015021568
-0.10002939320000001
-0.0007687251000000001
-0.0038811597
-0.093683161
-0.1015021568
-0.1015021568
-0.1015021568
-0.0947608233
-0.006474613200000001
-0.1015021568
-0.1015021568
-0.1015021568
0.0013458104000000002
-0.1015021568
-0.1015021568
-0.1015021568
-0.008226136600000001
-0.012913253100000001
-0.0745298169
-0.1015021568
-0.1015021568
-0.1015021568
-0.0336974352
0.0017198819
-0.043550719300000006
-0.1015021568
-0.1015021568
-0.1015021568
-0.1015021568
-0.0025533904
-0.0207218913
-0.08800931370000001
-0.1015021568
-0.1015021568
-0.1015021568
-0.0039826666
-0.09398272070000001
-0.1015021568
-0.1015021568
-0.0065489919
-0.1015021568
-0.1015021568
-0.08800905960000001
0.0012971442000000001
-0.0337761336
-0.1015021568
-0.1015021568
-0.1015021568
-0.08131158860000001
0.0015234142000000001
-0.013124434400000001
-0.1015021568
-0.1015021568
9.91232e-05
-0.1015021568
-0.004885931600000001
-0.0168706065
-0.1015021568
-0.1015021568
-0.1015021568
-0.0273703936
-0.0493564566
-0.1015021568
-0.1015021568
-0.021864627400000003
-0.09431536180000001
-0.1015021568
-0.1015021568
-0.0165997238
-0.006722917300000001
-0.06174116960000001
-0.1015021568
-0.1015021568
-0.1015021568
-0.0460304933
0.0012736339
-0.0684865929
-0.1015021568
-0.1015021568
-0.1015021568
-0.039512925100000006
0.0006505444
-0.0752357309
-0.1015021568
-0.1015021568
-0.1015021568
-0.0172087652
-0.0821646386
-0.1015021568
-0.1015021568
-0.021082810100000002
-0.1015021568
-0.1015021568
-0.09940043520000001
0.0017622924
-0.0252932592
-0.0945939885
-0.1015021568
-0.1015021568
-0.09405682110000001
0.0005104869000000001
-0.0296139514
-0.1015021568
-0.1015021568
-0.1015021568
-0.1015021568
-0.0120316229
-0.009989796300000001
-0.0687535068
-0.1015021568
-0.1015021568
-0.1015021568
0.0006127561
-0.0755870302
-0.1015021568
-0.1015021568
0.0017403551
-0.08258442390000001
-0.1015021568
-0.1015021568
-0.1015021568
-0.027423561000000003
-0.0021645327
-0.0501320545
-0.1015021568
-0.1015021568
-0.1015021568
-0.0219631214
0.011894784
-0.056151489900000004
-0.1015021568
-0.1015021568
-0.1015021568
-0.09390236460000001
-0.0167213651
-0.0071116661000000005
-0.1001863907
-0.1015021568
-0.1015021568
-0.0120367291
-0.010265264900000001
-0.1015021568
-0.1015021568
-0.039614819200000005
0.0016028991000000001
-0.039454845100000004
-0.1015021568
-0.1015021568
-0.1015021568
-0.0049016737
-0.0005902985
-0.0828223341
-0.1015021568
-0.1015021568
-0.1015021568
-0.0272857178
-0.0023677522
-0.0505309794
-0.1015021568
-0.1015021568
-0.1015021568
-0.09916747390000001
-0.0006445912000000001
-0.025895597200000002
-0.1015021568
-0.1015021568
-0.0936920061
0.0016314914
-0.1015021568
-0.1015021568
-0.1015021568
-0.011825596200000002
-0.0104333944
-0.1015021568
-0.1015021568
-0.1015021568
-0.0806405226
0.0015870844
-0.0398130172
-0.1015021568
-0.1015021568
-0.1015021568
-0.1015021568
-0.004799210900000001
-0.0007225999000000001
-0.0831432987
-0.1015021568
-0.1015021568
-0.1015021568
-0.0661962444
-0.0023792593
-0.1015021568
-0.1015021568
-0.1015021568
0.0017775263
-0.1015021568
-0.1015021568
-0.1015021568
-0.0933708721
0.0016011446
-0.06274753870000001
-0.1015021568
-0.10150080160000001
-0.1015021568
-0.045294026800000005
0.0012007193000000002
-0.06943535390000001
-0.1015021568
-0.1015021568
-0.1015021568
-0.0802130296
-0.0077380831
-0.013921667100000002
-0.0761915462
-0.1015021568
-0.1015021568
-0.1015021568
-0.0177126939
-0.0829908387
-0.1015021568
-0.1015021568
0.0018114789000000001
-0.0505140757
-0.1015021568
-0.1015021568
-0.1015021568
-0.0210707464
-0.0046420319
-0.0954018692
-0.1015021568
-0.1015021568
-0.1015021568
-0.016190284000000003
-0.0073672665000000005
-0.1004774199
-0.1015021568
-0.1015021568
-0.1015021568
-0.045075089400000004
0.0012716495
-0.010554370200000001
-0.1015021568
-0.1015021568
-0.1015021568
0.0015700718000000002
-0.0140613495
-0.1015021568
-0.1015021568
-0.0043708104
-0.0007903599
-0.08328019810000001
-0.1015021568
-0.1015021568
-0.065423732
0.0017895416000000002
-0.021950247000000003
-0.1015021568
-0.1015021568
-0.1015021568
-0.0982515523
-0.0003718209
-0.026067526100000002
-0.09559678810000001
-0.1015021568
-0.1015021568
-0.1015021568
-0.0510660656
0.0006945763
-0.0305185232
-0.1015021568
-0.1015021568
-0.0442623808
0.0011470195000000002
-0.1015021568
-0.1015021568
-0.037498021
0.00037432560000000005
-0.1015021568
-0.1015021568
-0.1015021568
-0.1015021568
-0.07154431130000001
0.0016841143000000001
-0.0450687369
-0.1015021568
-0.1015021568
-0.1015021568
-0.0641352272
-0.0016251994
-0.0219456732
-0.08977209010000001
-0.1015021568
-0.1015021568
-0.1015021568
-0.0569772544
0.0016671743
-0.1015021568
-0.1015021568
-0.1015021568
0.0014832664000000001
-0.1015021568
-0.1015021568
-0.1015021568
0.0013274063
-0.0354112792
-0.1015021568
-0.1015021568
-0.1015021568
-0.1015021568
-0.036895041700000006
0.0003206379
-0.07725113110000001
-0.1015021568
-0.1015021568
-0.1015021568
-0.0709142764
0.0017167722000000002
-0.0458065344
-0.1015021568
-0.1015021568
-0.1015021568
-0.1015021568
-0.0027445825000000004
-0.1015021568
-0.1015021568
6.1952e-06
-9.82157e-05
-0.0964020552
-0.1015021568
-0.1015021568
0.0117797977
0.0015300813
-0.0311708342
-0.10080829440000001
-0.1015021568
-0.1015021568
-0.0848787654
0.0013528284
-0.011319356400000001
-0.1015021568
-0.1015021568
-0.1015021568
-0.1015021568
-0.036575323400000005
0.0002050103
-0.0409658689
-0.1015021568
-0.1015021568
-0.1015021568
-0.0011115423
-0.046407638200000004
-0.1015021568
-0.1015021568
0.0017668783
-0.0521848316
-0.1015021568
-0.1015021568
-0.09681765390000001
-0.0191563691
0.0017019013000000001
-0.0582605199
-0.1015021568
-0.1015021568
-0.1015021568
-0.0494155651
0.0014580621
-0.0316296057
-0.1015021568
-0.1015021568
-0.1015021568
-0.1015021568
-0.010096227900000001
0.0009553676
-0.0718207237
-0.1015021568
-0.1015021568
-0.0363822316
9.376290000000001e-05
-0.1015021568
-0.1015021568
-0.0303030222
-0.0012341032000000001
-0.1015021568
-0.1015021568
-0.1015021568
-0.1015021568
-0.024547754
-0.0031065177000000003
-0.052702263900000004
-0.1015021568
-0.1015021568
-0.1015021568
-0.0191936129
0.0017149814
-0.058865411000000006
-0.1015021568
-0.1015021568
-0.1015021568
-0.0908549312
-0.0142978561
-0.0084961481
-0.1015021568
-0.1015021568
-0.1015021568
0.0009430861
-0.1015021568
-0.1015021568
-0.0774343251
0.0016494841000000001
-0.0791462089
-0.1015021568
-0.1015021568
-0.1015021568
-0.1015021568
-0.0036026540000000003
-0.019468077200000003
-0.1015021568
-0.1015021568
-0.1015021568
-0.10147799310000001
-0.024634644100000002
-0.0032996337000000004
-0.0533439511
-0.1015021568
-0.1015021568
-0.1015021568
-0.0965368129
0.0017238628
-0.1015021568
-0.1015021568
-0.1015021568
0.0009315548000000001
-0.1015021568
-0.1015021568
-0.1015021568
-0.0100815143
0.0009383066000000001
-0.0372964229
-0.1015021568
-0.1015021568
-0.1015021568
-0.1015021568
-0.1015021568
-0.0362465422
-3.95549e-05
-0.07970256690000001
-0.1015021568
-0.1015021568
-0.1015021568
-0.0033570966
-0.019739335
-0.1015021568
-0.1015021568
-0.1015021568
-0.1011034739
-0.0240695257
-0.0033470052
-0.0535289117
-0.1015021568
-0.0961159991
0.00016066380000000002
-0.059400654500000004
-0.1015021568
-0.0484364815
-0.0088460438
-0.1015021568
-0.1015021568
-0.1014092288
-0.08339909270000001
0.0014530769
-0.0374243441
-0.1015021568
-0.1015021568
-0.1015021568
-0.035413154700000005
-8.08401e-05
-0.0424481794
-0.1015021568
-0.1015021568
-0.1015021568
-0.06894506190000001
-0.0030853185000000003
-0.019810386200000002
-0.1015021568
-0.1015021568
-0.0233361326
-0.0035185711000000003
-0.1015021568
-0.1015021568
-0.0181408524
0.0017041277000000002
-0.0981131283
-0.1015021568
-0.1015021568
-0.0133505471
-0.0507510784
-0.1015021568
-0.1015021568
-0.1015021568
-0.0829415191
-0.009120895300000001
-0.012450718500000001
-0.0734605157
-0.1015021568
-0.1015021568
-0.1015021568
-0.0349346602
-0.0001500158
-0.1015021568
-0.1015021568
-0.0686587396
0.0017821243
-0.1015021568
-0.1015021568
-0.0231570647
-0.0241446909
-0.1015021568
-0.1015021568
-0.1015021568
-0.09524985690000001
0.00031974250000000004
-0.0285936068
-0.1015021568
-0.1015021568
-0.1015021568
-0.047492100700000005
1.573e-07
-0.033049214
-0.1015021568
-0.053923020800000006
-0.1015021568
-0.040835951200000005
0.0014954148
-0.0378337355
-0.1015021568
-0.1015021568
-0.034417361
-0.0163045201
-0.1015021568
-0.1015021568
-0.0027099523000000004
-0.020237939700000002
-0.1015021568
-0.1015021568
0.0008048194
-0.022515909900000002
-0.0037427599000000003
-0.09333670170000001
-0.1015021568
-0.1015021568
-0.1015021568
0.0004428842
-0.006398443700000001
-0.09881452900000001
-0.1015021568
-0.1015021568
-0.1015021568
-0.012553895200000002
-0.009456113700000001
-0.1015021568
-0.1015021568
-0.08195693000000001
0.0007261331
-0.1015021568
-0.1015021568
-0.0052765075
-0.043413602100000004
-0.1015021568
-0.1015021568
-0.1015021568
-0.06754648340000001
0.0017843991000000001
-0.0489384016
-0.1015021568
-0.1015021568
-0.1015021568
-0.060369150600000004
0.0017775263
-0.0547594938
-0.1015021568
-0.1015021568
-0.1015021568
-0.0532871295
0.0004507129
-0.029179694500000002
-0.1015021568
-0.1015021568
-0.04615304210000001
-0.0677831473
-0.1015021568
-0.08133679290000001
0.0006729657
-0.07464093120000001
-0.1015021568
-0.1015021568
-0.1015021568
-0.033641968800000005
-0.0003859779
-0.0816685386
-0.1015021568
-0.1015021568
-0.1015021568
-0.0024443089000000004
-0.002039576
-0.08824776840000001
-0.1015021568
-0.1015021568
-0.1015021568
-0.0596509672
0.0017695887000000001
-0.09420855510000001
-0.1015021568
-0.1015021568
0.0016091548
-0.1015021568
-0.1015021568
-0.0457453447
-0.0099797654
-0.1015021568
-0.1015021568
-0.1015021568
-0.1015021568
-0.0079919169
-0.013414894900000002
-0.1015021568
-0.1015021568
-0.1015021568
-0.0736809293
0.0017193858000000002
-0.017245041000000003
-0.1015021568
-0.1015021568
-0.1015021568
-0.1015021568
-0.027086902700000002
-0.0022382943
-0.1015021568
-0.1015021568
-0.0990475871
-0.0254067814
-0.1015021568
-0.1015021568
-0.0162609964
-0.029758231800000003
-0.1015021568
-0.1015021568
-0.1015021568
-0.0455044942
0.001233837
-0.0689724926
-0.1015021568
-0.1015021568
-0.1015021568
-0.0391627269
4.84e-07
-0.0393196034
-0.1015021568
-0.1015021568
-0.1015021568
-0.0734731844
0.0017281099000000001
-0.1015021568
-0.1015021568
-0.1015021568
-0.0023277496000000003
-0.1015021568
-0.1015021568
-0.059308924400000004
-0.004513421
-0.1015021568
-0.1015021568
1.5488e-06
-0.1015021568
6.05e-08
0.0107972898
-0.10044460470000001
-0.1015021568
-0.1015021568
-0.08725813360000001
-0.011933600800000001
-0.0104835247
-0.1015021568
-0.1015021568
-0.1015021568
-0.0804634996
-0.008045435200000001
-0.1015021568
-0.1015021568
-0.1015021568
-0.0048142028
-0.0833538387
-0.1015021568
-0.06612824240000001
-0.002285811
-0.08969121370000001
-0.1015021568
-0.1015021568
-0.1015021568
-0.021295165100000003
0.0017820154000000002
-0.0568773689
-0.1015021568
-0.1015021568
-0.1015021568
-0.016028192400000002
0.0016182419000000002
-0.0633140002
-0.1015021568
-0.1015021568
-0.1015021568
-0.08675259560000001
0.0012845602
-0.1015021568
-0.1015021568
-0.1015021568
-0.007581424400000001
-0.1015021568
-0.1015021568
-0.1015021568
-0.0044261316
-0.018130143900000003
-0.0837763586
-0.1015021568
-0.1015021568
-0.1015021568
-0.0655083352
0.0018381352000000001
-0.051218162600000006
-0.1015021568
-0.1015021568
-0.1015021568
-0.09814249500000001
-0.0004260531
-0.0264879527
-0.0961236221
-0.1015021568
-0.1015021568
-0.1015021568
0.0015738107000000002
-0.1011353816
-0.1015021568
-0.1015021568
-0.011186292700000001
-0.0708527721
-0.1015021568
-0.1015021568
-0.037806486300000004
0.0016434704
-0.0146379629
-0.0776979478
-0.1015021568
-0.1015021568
-0.1015021568
-0.031587425100000004
-0.0009718962
-0.08445708040000001
-0.1015021568
-0.1015021568
-0.1015021568
-0.0645063342
0.0018478031000000001
-0.0225769544
-0.1015021568
-0.1015021568
-0.1015021568
-0.0002484372
-0.0268187788
-0.1015021568
-0.1015021568
-0.015097520900000001
-0.0313241654
-0.1015021568
-0.1015021568
-0.1015021568
-0.0436757607
0.0013933513
-0.035988509700000004
-0.1015021568
-0.1015021568
-0.1015021568
-0.0783013627
0.0016513475
-0.0411143359
-0.1015021568
-0.1015021568
-0.1015021568
-0.1015021568
-0.0309189001
0.0017898078
-0.046536091800000005
-0.1015021568
-0.1015021568
-0.0250376346
-0.0029990939000000003
9.91232e-05
-0.1015021568
-6.99622e-05
-0.0586229512
-0.1015021568
-0.1015021568
-0.091162005
0.0008800209000000001
-0.008286745500000001
-0.1015021568
-0.1015021568
-0.1015021568
-0.0845911726
0.0014087667000000001
-0.0366281762
-0.1015021568
-0.1015021568
-0.1015021568
-0.0774378946
0.0016850944000000002
-0.0152922825
-0.1015021568
-0.1015021568
-0.030477056500000002
0.0018095429000000002
-0.1015021568
-0.1015021568
-0.024623814600000002
-0.0233678104
-0.1015021568
-0.1015021447
-0.1015021568
-0.0560368787
0.0017338453
-0.059105438700000006
-0.1015021568
-0.1015021568
-0.1015021568
-0.0491945586
0.0014909257000000002
-0.0656845596
-0.1015021568
-0.1015021568
-0.1015021568
-0.042499144600000004
0.0009740500000000001
-0.07257872820000001
-0.1015021568
-0.0769225919
-0.006192671100000001
-0.0420624556
-0.1015021568
-0.06984937960000001
0.0018060702000000002
-0.019517324200000002
-0.1015021568
-0.1015021568
-0.10123878820000001
-0.0013573901
-0.023690432700000003
-0.1015021568
-0.1015021568
-0.1015021568
-0.055347602200000005
0.0017048779000000001
-0.059772185000000005
-0.1015021568
-0.1015021568
-0.1015021568
-0.048589074600000004
0.0009832823000000001
-0.0325916162
-0.1015021568
-0.1015021568
-0.0418588368
0.0009000948000000001
-0.1015021568
-0.1015021568
-0.0058076854
-0.0159517567
-0.1015021568
-0.1015021568
-0.1015021568
-0.1015021568
-0.0031561277
-0.0015014164000000001
-0.0865660862
-0.1015021568
-0.1015021568
1.2487200000000001e-05
-0.023532309900000003
-0.0034814483000000004
-0.053666295100000004
-0.1015021568
-0.1015021568
-0.1015021568
-0.09551360060000001
-0.0253755392
-0.0060020356
-0.1015021568
-0.1015021568
-0.0893627834
0.0014015067
-0.1015021568
-0.1015021568
-0.08252111670000001
0.0008355171000000001
-0.0732183342
-0.1015021568
-0.1015021568
-0.1015021568
-0.0754533252
0.0016580993
-0.042553788200000005
-0.1015021568
-0.1015021568
-0.1015021568
-0.1015021568
-0.0027943498
-0.0015991844000000002
-0.0867577623
-0.1015021568
-0.1015021568
-0.1015021568
-0.060797805200000006
-0.024119547100000003
-0.1015021568
-0.1015021568
-0.1015021568
-0.0061638368
-0.1015021568
-0.1015021568
-0.1015021568
0.001084039
-0.0092440249
-0.06702969240000001
-0.1015021568
-0.1015021568
-0.1015021568
-0.0400893207
0.0007504178
-0.073961129
-0.1015021568
-0.1015021568
-0.1015021568
-0.074877341
0.0017171594000000001
-0.0164215997
-0.1015021568
-0.1015021568
-0.1015021568
-0.1015021568
-0.0204883613
-0.1015021568
2.42e-08
-0.0996281935
0.0017670961000000002
-0.1015021568
-0.1015021568
-0.1015021568
-0.0533979534
0.0004478573
-0.0066392821
-0.0991293347
-0.1015021568
-0.1015021568
-0.1015021568
-0.012533071100000001
-0.00968484
-0.1015021568
-0.1015021568
-0.1015021568
-0.1015021568
-0.0399192794
0.0015450611000000002
-0.038626031400000004
-0.1015021568
-0.1015021568
-0.1015021568
0.0017535199000000001
-0.017018710500000003
-0.1015021568
-0.0896073728
-0.0019822704
-0.1015021568
-0.1015021568
-0.09924861650000001
-0.0217928502
0.0017900377000000002
-0.0555865772
-0.1015021568
-0.1015021568
-0.1015021568
-0.0166700127
-0.006869351500000001
-0.0620645421
-0.1015021568
-0.1015021568
-0.1015021568
-0.045779273100000004
-0.010058052400000001
-0.0687817119
-0.1015021568
-0.1015021568
0.0015771140000000001
-0.0126877696
-0.1015021568
-0.1015021568
-0.0004946964
0.0507510784
-0.1015021568
-0.1015021568
-0.026916631500000003
0.0018152178
-0.050108532100000006
-0.1015021568
-0.10131630080000001
-0.1015021568
-0.0589831924
0.0017787605
-0.056142499600000006
-0.1015021568
-0.1015021568
-0.1015021568
-0.051954544400000004
0.0006344272000000001
-0.030102646200000003
-0.1015021568
-0.1015021568
-0.011526423700000002
0.0012286703000000002
-0.1015021568
-0.1015021568
-0.007514233100000001
-0.039630125700000005
-0.1015021568
-0.1015021568
-0.0725693023
-0.0043495991000000005
-0.0006837589
-0.08312487040000001
-0.1015021568
-0.1015021568
-0.1015021568
-0.001980528
-0.0218245643
-0.1015021568
-0.1015021568
-0.1015021568
-0.0981864422
-0.00033072930000000003
-0.004728486400000001
-0.0956470878
-0.1015021568
-0.1015021568
0.0015768115000000002
-0.030693114100000002
-0.1015021568
-0.08580929170000001
0.0011748616000000001
-0.1015021568
-0.1015021568
-0.1015021568
-0.1015021568
-0.0378089184
0.00039600880000000005
-0.0770436887
-0.1015021568
-0.1015021568
-0.1015021568
-0.031527300200000004
-0.0008282329
-0.0457560169
-0.1015021568
-0.1015021568
-0.1015021568
-0.10149944640000001
-0.001702712
-0.0026535300000000003
-0.0903538702
-0.1015021568
-0.09757615450000001
-0.00016345890000000001
-0.0575136716
-0.1015021568
-0.0919195497
0.0007883392000000001
-0.031035955500000004
-0.1015021568
-0.1015021568
-0.1015021568
-0.08523837740000001
0.0013772946
-0.035838760100000006
-0.1015021568
-0.1015021568
-0.1015021568
-0.07842500050000001
-0.0068211814
-0.0147822191
-0.0779615463
-0.1015021568
-0.1015021568
-0.1015021568
-0.0712985966
0.0018046787000000001
-0.1015021568
-0.1015021568
-0.1015021568
-0.0016765397000000001
-0.09126411690000001
-0.1015021568
-0.1015021568
-0.0199794837
-0.0272157919
-0.09706312660000001
-0.1015021568
-0.1015021568
-0.1015021568
-0.050221183100000004
0.0015789774000000002
-0.0652177537
-0.1015021568
-0.1015021568
-0.1015021568
-0.08514035530000001
0.0014610629
-0.0116066467
-0.1015021568
-0.1015021568
-0.1015021568
-0.1015021568
-0.006752417100000001
-0.1015021568
-0.1015021568
-0.1015021568
-0.030746559800000003
-0.047037733600000006
-0.1015021568
-0.1015021568
-0.06355568560000001
0.0018800133000000001
-0.0233574528
-0.0919303429
-0.1015021568
-0.1015021568
-0.0967545887
-0.0193642592
-0.005488221200000001
-0.0974416025
-0.1015021568
-0.1015021568
-0.1015021568
-0.0492274948
0.0015508328
-0.032070190900000003
-0.1015021568
-0.1015021568
-0.1015021568
-0.0098846594
-0.036795749100000004
-0.1015021568
-0.1015021568
-0.036128276800000005
-0.0792659747
-0.1015021568
-0.1015021568
-0.030047240300000003
-0.0012568996000000001
-0.0473903518
-0.1015021568
-0.1015021568
-0.1015021568
-0.0245582326
-0.0030668176
-0.09211634410000001
-0.1015021568
-0.1015021568
-0.1015021568
-0.0558408466
0.0017375479000000002
-0.09793242690000001
-0.1015021568
-0.1015021568
-0.0905489827
-0.032612101500000004
-0.1015021447
-0.1015021568
-0.08413682970000001
-0.037273759600000005
-0.1015021568
-0.1015021568
-0.07694157680000001
0.0017370881000000002
-0.04258232
-0.1015021568
-0.1015021568
-0.1015021568
-0.0698407402
0.0018650698
-0.048037350900000005
-0.1015021568
-0.1015021568
-0.1015021568
-0.0627083226
0.0018987683000000002
-0.0240516056
-0.1015021568
-0.1015021568
-0.1015021568
0.0017450136
-0.060241447200000006
-0.1015021568
-0.1015021568
0.0014859768
-0.1015021568
-0.1015021568
-0.1015021568
4.9005e-06
-0.012483860400000001
-0.0736872697
-0.1015021568
-0.1015021568
-0.1015021568
-0.0060217828
-0.016108693700000003
-0.1015021568
-0.1015021568
-0.1015021568
-0.1015021568
-0.003175161
-0.020131629100000003
-0.1015021568
-0.1015021568
-0.1015021568
-0.023825734900000003
-0.054453811500000004
-0.1015021568
-0.1015021568
-0.0184423965
-0.0606341648
-0.1015021568
-0.1015021568
-0.0895274523
-0.013409522500000002
0.0014664958
-0.0671061523
-0.1015021568
-0.1015021568
-0.1015021568
-0.0412748787
0.0008772621000000001
-0.07392738210000001
-0.1015021568
-0.1015021568
-0.1015021568
-0.0757731645
-0.005675686500000001
-0.0162560596
-0.080645169
-0.1015021568
-0.1015021568
-0.0028977443000000004
-0.0017274081000000002
-0.1015021568
-0.1015021568
-0.022969926100000003
-0.0243701381
-0.1015021568
-0.1015021568
-0.1015021568
-0.0949867424
0.0003306809
-0.006197414300000001
-0.0987865175
-0.1015021568
-0.1015021568
-0.0888061834
-0.0128609811
-0.0093901082
-0.06747279440000001
-0.1015021568
-0.1015021568
-0.1015021568
-0.0820917845
0.0015325739
-0.0128381242
-0.1015021568
-0.1015021568
-0.07506848470000001
0.0017211282000000002
-0.1015021568
-0.1015021568
-0.0677663646
-0.0019000146000000002
-0.0878229979
-0.1015021568
-0.1015021568
-0.1015021568
-0.06044991810000001
0.0017992579000000002
-0.055142083700000004
-0.1015021568
-0.1015021568
-0.1015021568
-0.0532714358
0.0004596064
-0.029122981800000003
-0.0992830531
-0.1015021568
-0.1015021568
-0.1015021568
-0.0465419482
0.0013182103
-0.1015021568
-0.1015021568
-0.1015021568
0.0015372808
-0.1015021568
-0.1015021568
-0.1015021568
-0.0050119531
-0.0438569461
-0.1015021568
-0.1015021568
-0.1015021568
-0.1015021568
-0.027725238200000002
-0.0019495641000000002
-0.0882354385
-0.1015021568
-0.1015021568
-0.1015021568
-0.0598938384
0.0017909452
-0.0250836509
-0.1015021568
-0.1015021568
-0.1015021568
-0.1015021568
0.0016365129000000002
-0.1015021568
-0.1015021568
-0.1015021568
0.0013010162000000002
-0.1015021568
-0.1015021568
-0.0809856751
0.000622908
-0.0752793756
-0.1015021568
-0.1015021568
-0.1015021568
-0.0332557489
-0.0005465691
-0.0820486722
-0.1015021568
-0.1015021568
-0.1015021568
-0.0667327947
0.0017749248
-0.0497449634
-0.1015021568
-0.1015021568
2.42e-08
-0.0218274562
-0.1015021568
-0.1015021568
-0.1015021568
0.0005270397
-0.09978158520000001
-0.1015021568
-0.1015021568
0.0012005741
-0.0343585671
-0.1015021568
-0.1015021568
-0.1015021568
-0.08042392050000001
0.0015565440000000002
-0.0392720504
-0.1015021568
-0.1015021568
-0.1015021568
-0.07336894290000001
0.0017210919000000002
-0.044581845
-0.1015021568
-0.1015021568
-0.1015021568
-0.026961655600000002
-0.0890801637
-0.1015021568
-0.1015021568
-0.0005574833
-0.0950128179
-0.1015021568
-0.1015021568
-0.016333281800000002
-0.030064736900000003
-0.1002508111
1.23904e-05
-0.1015021568
-0.1015021568
-0.0116659367
-0.0104601959
-0.1015021568
-0.1015021568
-0.1015021568
-0.0800017152
-0.007795134600000001
-0.014004782
-0.1015021568
-0.1015021568
-0.1015021568
-0.1015021568
-0.0175429551
-0.1015021568
-0.1015021568
-0.0656055345
-0.021844081600000002
-0.1015021568
-0.1015021568
-0.0983241281
-0.00044196460000000003
-0.0047296238
-0.0568311832
-0.1015021568
-0.1015021568
-0.1015021568
-0.051469854700000005
0.0015927593000000001
-0.06312778120000001
-0.1015021568
-0.1015021568
-0.1015021568
-0.0861880217
0.0012458039
-0.010728005200000001
-0.1015021568
-0.1015021568
-0.1015021568
-0.07922422970000001
-0.014285635100000001
-0.07693763220000001
-0.1015021568
-0.1015021568
-0.0008448704000000001
-0.1015021568
-0.1015021568
-0.1015021568
-0.06465494640000001
-0.0018556560000000002
-0.0026417204000000003
-0.0902361009
-0.1015021568
-0.1015021568
-0.0976520215
-0.0002900975
-0.0049934885000000005
-0.0961062465
-0.1015021568
-0.1015021568
-0.1015021568
-0.0505751081
0.0007268712000000001
-0.030983816600000002
-0.1011418914
-0.1015021568
-0.0438038876
0.0012858912
-0.0357587186
-0.1015021568
-0.1015021568
0.0016063113000000001
-0.0407392722
-0.1015021568
-0.1015021568
-0.1015021568
-0.071380199
0.0017658498000000002
-0.0461178916
-0.1015021568
-0.1015021568
-0.1015021568
-0.0640867304
0.0017760743000000002
-0.0226357241
-0.1015021568
-0.1015021568
-0.1015021568
-0.1015021568
-0.0198942392
0.0017169174
-0.058061039300000006
-0.1015021568
-0.1015021568
-0.0501127187
-0.0313403552
-0.1015021568
-0.1015021568
-0.010515492900000001
-0.0113459522
-0.1015021568
-0.1015021568
2.47808e-05
-0.1015021568
-0.036998944400000004
0.00017770060000000002
-0.0781092994
-0.1015021568
-0.1015021568
-0.1015021568
-0.030946040400000003
0.0017685844
-0.0188581888
-0.1015021568
-0.1015021568
-0.1015021568
-0.1015017938
-0.024985544100000003
-0.052224047700000005
-0.1015021568
-0.1015021568
-0.056405844000000004
-0.0270606336
-0.1015021568
-0.1015021568
0.0008376104
-0.0651190903
-0.1015021568
-0.1015021568
-0.1015021568
-0.042723781100000004
0.0009511084
-0.0718989139
-0.1015021568
-0.1015021568
-0.1015021568
-0.0364633742
8.691430000000001e-05
-0.0415382836
-0.1015021568
-0.1015021568
-0.1015021568
-0.030440030500000003
-0.0012561252000000001
-0.1015021568
-0.1015021568
-0.1014456135
-0.0232707805
-0.1015021568
-0.1015021568
2.8193000000000003e-06
-0.027594158900000002
-0.1015021568
-0.1015021568
-0.1015021568
-0.0905949506
0.0008785326000000001
-0.0321239149
-0.1015021568
-0.1015021568
-0.1015021568
9.801e-06
0.0014189791000000002
-0.0368835709
-0.1015021568
-0.1015021568
-0.1015021568
-0.0769646031
0.0016734179
-0.1015021568
-0.1015021568
-0.1015021568
0.0017692499000000002
-0.1015021568
-0.1015021568
-0.062247348900000006
-0.0033521840000000002
-0.1015021568
-0.1015021568
-0.1015021568
-0.1015021568
-0.018694028100000003
-0.005804902400000001
-0.0977428562
-0.1015021568
-0.1015021568
-0.09011606890000001
0.0009658704000000001
-0.008694503400000001
-0.1015021568
-0.1015021568
-0.1015021568
-0.1015021568
-0.009538454200000001
-0.0727599741
-0.1015021568
-0.1015021568
-0.0059927912
-0.07973507960000001
-0.1015021568
-0.1015021568
-0.0032563641000000003
-0.019713791900000003
0.0507510784
-0.1015021568
-0.1015021568
-0.1015021568
-0.0237074211
0.0018089137000000001
-0.0536076101
-0.1015021568
-0.1015021568
-0.1015021568
-0.054932499600000004
0.00020047280000000002
-0.028103084900000002
-0.0980832534
-0.1015021568
-0.1015021568
-0.1015021568
0.0009996294
-0.1015021568
-0.1015021568
-0.1015021568
-0.0095276247
-0.0731787551
-0.1015021568
-0.1015021568
-0.0353440153
0.0017027725000000001
-0.0159529546
-0.1015021568
-0.1015021568
-0.1015021568
-0.1015021568
-0.0031919679000000003
-0.0198141977
-0.08655840270000001
-0.1015021568
-0.1015021568
-0.1015021568
-0.06175296710000001
0.0018066873
-0.0239124798
-0.1015021568
-0.1015021568
-0.1015021568
0.0002221318
-0.0282112589
-0.1015021568
-0.1015021568
-0.0477763176
-0.0328476522
-0.1015021568
-0.1015021568
-0.1015021568
-0.0413768091
0.0015109996
-0.0374142769
-0.1015021568
-0.1015021568
-0.1015021568
-0.0757022101
0.0016760557
-0.0161764416
-0.1015021568
-0.1015021568
-0.1015021568
-0.10149944640000001
-0.0288640055
0.0017871942
-0.048208081900000005
-0.1015021568
-0.1015021568
-0.0232032746
0.0018153388000000002
-0.1015021568
-0.1015021568
-0.0543734191
-0.0061921629
-0.09839842210000001
-0.1015021568
-0.1015021568
-0.1015021568
-0.0475422915
0.0013836592
-0.0668707226
-0.1015021568
-0.1015021568
-0.1015021568
-0.0410817627
0.0007811034
-0.0377901392
-0.1015021568
-0.1015021568
-0.1015021568
-0.1015021568
-0.005603739900000001
-0.0002196029
-0.1015021568
-0.1015021568
-0.1015021568
-0.0016677309000000002
-0.1015021568
-0.1015021568
-0.0009612724
-0.024268256100000003
-0.1015021568
-0.1015021568
-0.1015021568
-0.053973453600000006
0.0016596239000000001
-0.0604871982
-0.1015021568
-0.1015021568
-0.1015021568
-0.012850901800000002
0.0013842158000000001
-0.0671739486
-0.1015021568
-0.1015021568
-0.1015021568
-0.0405410863
0.0007689671000000001
-0.1015021568
-0.1015021568
-0.1015021568
0.0016824445000000001
-0.1015021568
-0.1015021568
-0.0678668672
0.0017863835
-0.08756922460000001
-0.1015021568
-0.1015021568
-0.0607594482
0.0018013996000000002
-0.0245628064
-0.1015021568
-0.1015021568
-0.1015021568
-0.0536038349
0.0016518799
-0.028812253800000003
-0.1015021568
-0.1015021568
-0.1015021568
-0.0883639647
0.0011333586
-0.06740942670000001
-0.1015021568
-0.1015021568
-0.008310461500000001
-0.1015021568
-0.1015021568
-0.0743571499
-0.00035201320000000005
-0.08113607810000001
-0.1015021568
-0.1015021568
-0.1015021568
-0.027910936900000002
-0.0019152848000000002
-0.0878135478
-0.1015021568
-0.1015021568
-0.09956656820000001
-0.0007692696
-0.004184688200000001
-0.0940680257
-0.1015021568
-0.1015021568
-0.1015021568
-0.052978664200000004
0.00047839770000000006
-0.09926302760000001
-0.1015021568
-0.1015021568
-0.0122807498
-0.0680945287
-0.1015021568
-0.1015021568
-0.08119819950000001
0.0006317894
-0.07503006720000001
-0.1015021568
-0.1015021568
-0.1015021568
-0.0048537577
-0.016984806300000002
-0.08172415020000001
-0.1015021568
-0.1015021568
-0.1015021568
-0.027420003600000003
0.0017822816000000001
-0.049490706100000004
-0.1015021568
-0.1015021568
-0.1015021568
-0.09923224520000001
-0.004194235100000001
-0.1015021568
-0.1015021568
-0.1015021568
0.0005010368
-0.09947763320000001
-0.1015021568
-0.1015021568
-0.087670913
0.001191971
-0.0340703693
-0.1015021568
-0.1015021568
-0.1015021568
-0.08090631120000001
0.001561384
-0.0389591081
-0.1015021568
-0.1015021568
-0.1015021568
-0.1015021568
-0.0048857017
-0.0172070954
-0.0821201953
-0.1015021568
-0.1015021568
-0.1015021568
-0.0021393647
-0.0886559982
-0.1015021568
-0.1015021568
0.0017760743000000002
-0.055856915400000005
-0.1015021568
-0.1015021568
-0.1015021568
-0.016609984600000002
-0.0069225552000000004
-0.0998340266
-0.1015021568
-0.1015021568
-0.1015021568
-0.0120128921
-0.0101167979
-0.06892765000000001
-0.1015021568
-0.1015021568
-0.1015021568
-0.08081940900000001
0.0015480498000000002
-0.013624926700000001
-0.1015021568
-0.1015021568
-0.1015021568
0.0017325143000000002
-0.017466156400000002
-0.1015021568
-0.1015021568
-0.0023657194
-0.0022383911
-0.089058783
-0.1015021568
-0.1015021568
-0.0988293031
-0.0005785857000000001
-0.025669339300000003
-0.1015021568
-0.1015021568
-0.1015021568
-0.0933308937
0.0005696438
-0.0072015812
-0.10019225920000001
-0.1015021568
-0.1015021568
-0.1015021568
-0.045227331600000004
0.0012521322
-0.0347542734
-0.1015021568
-0.1015021568
-0.0387147123
0.0005077160000000001
-0.1015021568
-0.1015021568
-0.07300078830000001
-0.0045849804
-0.017553131200000002
-0.1015021568
-0.1015021568
-0.1015021568
-0.026531210200000002
0.0018112611
-0.050692224
-0.1015021568
-0.1015021568
-0.1015021568
-0.0583685124
-0.0004461633
-0.025983007600000003
-0.09549506340000001
-0.1015021568
-0.1015021568
-0.1015021568
-0.05157347910000001
-0.0302086664
-0.1015021568
-0.1015021568
-0.0863705986
-0.0106847719
-0.1015021568
-0.1015021568
-0.07949912960000001
0.0004109644
-0.0401086807
-0.1015021568
-0.1015021568
-0.1015021568
-0.1015021568
-0.0043149447
-0.018148172900000002
-0.1015021568
-0.1015021568
-0.1015021568
-0.1015021568
-0.0261811451
0.0017900256000000002
-0.051121616700000004
-0.1015021568
-0.1015021568
-0.1015021568
-0.057960331000000004
0.0045547425
-0.1015021568
-0.1015021568
-0.0925052018
-0.0076710854
-0.1015021568
-0.1015021568
-0.1015021568
-0.0110782034
0.0011412236
-0.035543955700000004
-0.1015021568
-0.1015021568
-0.1015021568
-0.0790850676
0.0016090701
-0.040527122900000004
-0.1015021568
-0.1015021568
-0.1015021568
-0.1015021568
-0.0042119132
-0.0009437637
-0.0459438089
-0.1015021568
-0.1015021568
-0.0645859401
-0.0027931640000000003
-0.0516166277
-0.1015021568
-0.09757967560000001
0.0017265248000000002