voltage
0.0056253263000000005
0.1015021447
-0.1015021568
-0.0815631597
0.0018116846
-0.0022416702000000004
-0.0003683603
0.012938203300000001
0.053836566300000006
-0.0527993059
0.0039322338000000005
0.0037108401000000004
0.0038720121000000002
0.0045644225
0.035095505500000006
0.1015021447
-0.1015021568
0.0945450077
0.1015021447
-0.1015021568
-0.1015021568
-0.030807047700000003
-0.1015021568
0.1015021447
0.09246920430000001
0.09243911160000001
0.0053025104
0.0055676698
-0.061612982200000006
-0.1015021568
-0.07412732250000001
0.0001063832
-0.1015021568
-0.1015021568
-0.0218903278
0.1015021447
0.0079608683
0.1015021447
-0.1015021568
0.1015021447
0.1015021447
-0.1015021568
-0.1015021568
-0.060385485600000004
0.1015021447
-0.1015021568
-0.1015021568
-0.1015021568
0.0442563429
-0.0578781115
0.1015021447
0.0826200584
-0.0267587507
0.0753029464
0.0726958199
0.1015021447
-0.1015021568
0.1015021447
-0.1015021568
0.1015021447
0.0306437945
0.0296098132
0.0277309615
0.039537113000000006
0.0350877494
0.0297235411
0.0358504366
-0.1015021568
0.1015021447
0.1015021447
0.032331623500000004
0.031625249700000004
-0.1015021568
-0.1015021568
-0.0036740319000000002
-0.1015021568
-0.1015021568
0.1015021447
-0.1015021568
-0.05982704640000001
-0.1015021568
0.1015021447
0.047036015400000006
0.041450461800000005
0.1015021447
-0.1015021568
0.046303469300000004
0.1015021447
-0.1015021568
0.029340757600000003
0.0280019773
-0.1015021568
0.1015021447
0.1015021447
-0.1015021568
0.0033146498
-0.036728206900000004
0.1015021447
0.1015021447
0.1015021447
-0.0331156793
-0.1015021568
0.0647336569
-0.06007136960000001
-0.1015021568
-0.1015021568
-0.1015021568
0.0323024383
0.031038206100000004
0.1015021447
0.013949860100000001
0.07599527210000001
0.0284153738
0.0276742851
-0.047579136
-0.1015021568
-0.1015021568
0.026748840800000003
0.0306948444
0.0331624821
0.0898457307
-0.1015021568
-0.1015021568
0.0426710251
-0.1015021568
-0.1015021568
0.1015021447
-0.031821160800000005
-0.1015021568
-0.1015021568
0.0075172097
-0.0041580319
-0.06768972320000001
-0.1015021568
0.0123420121
-0.0204510086
-0.056710981800000004
0.1015021447
-0.1015021568
-0.1015021568
-0.0965780739
0.0635791233
0.1015021447
-0.1015021568
-0.0898311502
0.1015021447
0.0341113762
0.031074590800000003
0.033105854100000005
0.0377614864
0.0001322409
0.0511081373
0.022619994100000002
0.1015021447
-0.1015021568
-0.1015021568
0.0085434349
-0.08936450160000001
-0.05771722990000001
0.027759251300000003
0.028058121300000002
0.0237249782
-0.1015021568
0.0368430843
0.0381885438
0.0335185488
0.0317950248
0.1015021447
0.1015021447
-0.040983220300000005
0.013256397000000001
-0.1015021568
0.1015021447
0.029225856
-0.1015021568
-0.1015021568
-0.0020935057
0.1015021447
-0.1015021568
0.1015021447
0.0962791434
-0.1015021568
0.0630979063
0.0906086599
-0.1015021568
0.0273540586
0.0264501886
0.027194508000000003
0.024103611400000002
0.025426492300000002
0.026071688500000002
0.024420994400000003
0.1015021447
-0.1015021568
0.0206405914
-0.1015021568
0.050459335300000005
0.0267221966
0.1015021447
-0.049552718600000004
0.1015021447
0.1015021447
-0.1015021568
0.0676050111
-0.1015021568
-0.0911555557
-0.0371149834
-0.1015021568
-0.0081736347
0.025991284000000003
0.1015021447
-0.015859712
0.1015021447
-0.053169699
-0.08635128700000001
-0.0231770539
-0.1015021568
0.07239480820000001
-0.0275340703
0.031128375300000004
0.032132384900000005
-0.1015021568
0.013033914300000001
0.0312191011
-0.0806219854
0.1015021447
0.030938381100000002
0.1015021447
0.1015021447
-0.1015021568
-0.015859712
-0.1015021568
0.1015021447
0.047579136
0.047579136
0.1015021447
0.1015021447
0.047579136