0.006412225600000001
0.0026230259
0.0011619025
0.1015021447
0.1015021447
-0.1015021568
0.0006975287
0.008499511900000001
0.0048034338000000005
0.0023329526000000003
0.0015077568000000001
0.0007154488000000001
0.00040505960000000003
0.0050941847000000005
0.0027896187
0.000876282
0.0208558262
-0.0406717542
0.020400309600000003
0.004992980300000001
0.0011218152
0.0006250013
0.00040446670000000005
0.0005980183000000001
0.0053706939
0.0020653369
0.0007114316000000001
0.0005646223000000001
0.0006912609000000001
0.1015021447
0.007794529600000001
0.0040046886
0.0030455579000000003
0.00014227180000000002
-0.08242847910000001
0.1015021447
0.005921546400000001
0.1015021447
-0.1015021568
0.0003146
0.00038647400000000004
0.0013185854
0.1015021447
0.0029638103
0.0009404241000000001
0.0007367932000000001
0.0013976105
0.0003781734
0.0041577536
0.0009271020000000001
0.00036258860000000005
0.0002257376
0.0002458478
0.0020391283
0.0035374834000000003
0.0028554911000000004
0.0011949476
0.0011394933
-0.1015021568
0.0046445124
0.0029228034
0.0005543373
0.0001022692
0.0003281278
0.0011422158
0.005873642500000001
0.1015021447
-0.1015021568
-0.1015021568
-0.1015021568
0.0006832870000000001
0.0007032762
0.0065171447000000006
0.0018106561000000001
0.0007569276
0.0006007771000000001
3.0479900000000003e-05
-0.023666051200000003
0.0028400273000000003
0.00038584480000000004
-0.0004920102
0.000589875
0.007629316200000001
0.0018173474000000001
0.0003690863
0.0018116604000000002
0.0076919821000000005
0.000556237
0.0279038705
0.0038937921
0.000459921
-0.1015021568
0.0035611752000000003
0.0019613979
2.8265600000000003e-05
0.0007391769
0.0007331511000000001
0.008538280300000001
0.0019169546000000002
0.0006961493000000001
0.0002582261
0.0004354911
0.0043432708
0.1015021447
0.0006909342
0.0006263323000000001
0.0053299411
0.0152867286
-7.062770000000001e-05
0.005735521
0.0009601592000000001
0.0010521918000000001
-5.81889e-05
0.0047184313
0.0001760308
0.00031309960000000005
0.00018165730000000002
0.0029015921
0.0017434164000000002
0.000360217
0.00039220940000000005
-1.1979e-06
0.0055033341
0.0042258161
0.0010896534
0.00048241490000000006
-0.1015021568
0.0038422945
0.0007623242000000001
0.0005120115
0.0052123533
0.0004876058
0.0005148913000000001
0.004741566500000001
0.0012929092000000001
0.0005123261
0.0006850536
9.767120000000001e-05
0.006883460100000001
0.0026695141
0.0010780737000000002
0.0004246132
0.0061958292
0.0026110348
-0.0681442597
-0.1015021568
-0.1015021568
0.0018856519000000002
0.00693088
0.0005532241000000001
-0.1015021568
0.004626894800000001
0.0005969898000000001
-0.1015021568
0.0046746051000000005
0.0009768693
0.0003393566
0.00046851200000000003
0.0033021626
0.0013382358000000002
0.0001590424
0.0002057
0.0011645403
0.0047138454000000005
0.0022321959
0.0002801513
0.1015021447
0.003997271300000001
0.0030842174000000003
0.0002524302
0.00019599580000000003
0.0054150283
0.0013572328000000002
0.0017357813000000001
0.0023629969000000003
0.00042760190000000004
-6.886110000000001e-05
0.0018966508000000002
0.0026566881
0.0020978496
0.0005321338
0.0002082289
0.0022009779
0.0041193119
0.0009524636000000001
-0.00027670280000000004
0.00027195960000000004
0.0008519368
0.0045918169
-0.1015021568
-0.1015021568
0.0020516639000000003
0.0
0.00042160030000000005
0.0078721511
0.0006679079
0.00015030620000000002
9.878440000000001e-05
0.0048616711
0.0009590581000000001
0.0078121472
0.00010518530000000001
0.0044229735
0.0038421614000000003
0.00021554940000000002
-7.335020000000001e-05
-8.482100000000001e-06
0.006924539600000001
0.0038695074000000005
0.0005551843
-0.00028338200000000005
-0.0002219261
0.0035578235
0.0006592806
0.0009850368000000002
0.0044560791
0.0001924142
0.0013104784
-0.1015021568
0.0005402408
0.0006412758
-0.1015021568
0.0081297117
0.0016658433
0.0007364302
0.0005286006
0.1015021447
0.0034493954
0.0030666361000000002
0.0006101546
0.00011433290000000001
3.025e-07
0.0038748798
0.0021012013
0.00027996980000000003
0.0040313449
0.0031565149000000003
0.00038711530000000004
0.0006359639
-0.1015021568
0.08399821210000001
0.0003312254
7.05551e-05
0.007653225800000001
0.0020822043
0.0016429138
0.0002018885
0.0004970559
0.0047240457
0.0018391758
0.0007435692000000001
0.00016802060000000002
0.00022204710000000002
0.0022385121000000003
0.007058510800000001
0.0032789911000000002
0.0009995084
0.0018192229000000002
0.0022509751
0.0004949384
0.0011262196000000001
0.0063887758000000005
0.0014011558000000001
0.0005664494
0.0004368463
0.0009290864000000001
0.0044064691
-0.1015021568
-0.1015021568
-0.011970239600000002
-0.0037903734000000002
0.0020580769
0.1015021447
0.1015021447
0.0005435804
0.0007560322000000001
0.0069185138000000005
0.0022321717
0.0003869217
0.1015021447
0.1015021447
0.0011169389000000001
-3.38437e-05
0.0048026715
0.0013548007
-0.0109334632
-0.0251883401
0.0012516482
0.0045632609
0.0016144546000000002
0.0007836202
0.1015021447
0.1015021447
0.0049084618000000005
0.0017248429000000002
0.0005414871
0.0007140694
0.00034754830000000003
0.0006813994000000001
0.0055307043000000005
0.0008248086000000001
0.0002795826
0.0044658922
0.0029106671
0.0003931774
0.0046541198
0.0021045893
0.000695024
0.0009036643000000001
0.0005454438
0.0037924909000000002
0.0016249574000000001
-0.1015021568
0.1015021447
-0.0005410878
0.007548585000000001
0.0050122314
0.0013810577
0.0009718478
0.00035021030000000004
0.0005713136
0.005543227800000001
0.0020322434
0.0010069499000000001
0.0005054654
0.006086650900000001
0.0024001197000000003
0.00021681990000000002
0.0024790601
0.0007657364000000001
0.1015021447
0.0003685539
0.0096767814
0.0040698834
0.0016060693
0.0011939070000000001
-0.0001762486
0.0009783455
0.004723501200000001
0.0025257419
0.0002999953
0.00028727820000000004
0.00033636790000000005
0.0034195326
0.0026556838
0.0010092489
0.0011589985
0.0033532367
0.0020384144000000002
0.00039220940000000005
0.0030705202000000003
0.0040265049
0.00048132590000000004
0.0007859918
0.00022475750000000002
0.0065140229
0.0024566509
0.0005891369000000001
0.0006359518
0.0011396627
0.0047007048
0.0026571842
-0.1015021568
0.0988535152
0.000182589
0.007451276800000001
0.0039768344
0.0024116268000000003
0.00034120790000000004
0.000590359
0.0019369559
0.00040762480000000004
0.000182105
-0.1015021568
0.0012351559
0.0007773524000000001
-0.0001332936
0.008734675400000001
0.0030969708000000004
0.0008645329000000001
0.0008632987000000001
0.00034341010000000003
0.0033534303000000002
0.0041758189
0.0004895055000000001
0.0005465207
0.1015021447
0.0031426604000000004
-0.1015021568
-0.1015021568
0.1015021447
0.0008954363000000001
0.0044180367
0.0028973208000000004
0.0007357163000000001
0.006773943
0.0018929966
0.0008431038
0.0006738732
0.0029550136
0.0024140710000000003
0.0009314338
0.00043787480000000004
0.0003975455
0.0029182538000000003
0.0069211758
0.0027746994000000004
0.0007889926000000001
0.0002732906
0.0008628268000000001
0.007177611100000001
0.0027287678000000003
0.0010555556000000001
0.002973696
0.0011116028
0.0016274863000000001
0.0010790901
0.0005349773000000001
0.0025994914000000004
0.0005602058000000001
0.0002586859
0.0030638894000000003
0.0029826016000000003
0.0030697458000000003
9.529960000000001e-05
-0.00011745470000000001
0.0013031458000000002
0.00041132740000000004
0.0018833892000000001
0.1015021447
-0.1015021568
0.00022506000000000002
0.0036115838
0.004111894600000001
0.0008995866000000001
0.0011602569
0.0006051815
0.0054381877
0.0010436976
0.0011337095
0.0031815498000000004
0.0009502614
0.0003467739
0.0048058054
0.0032530003000000004
0.0023008755
0.00021433940000000002
0.00013634280000000002
0.0013543651
0.0025819222
0.0011249612000000001
0.0003285513
0.0002794011
0.0004126705
2.0570000000000002e-07
0.0025216279
0.0007482156000000001
0.00037684240000000004
-0.00010772630000000001
0.0040095286
0.0010522644000000002
0.0004363139
0.002332517
-0.1015021568
-0.1015021568
0.1015021447
0.0040484059000000005
0.0018734188000000002
0.0010457304
0.0009180996
-1.0164000000000001e-06
0.004783444600000001
0.002603436
0.0002726372
0.0003771086
1.5488e-06
0.0034710302000000005
0.0063621921000000005
0.0020199498000000003
0.00045142680000000005
-9.38234e-05
0.0008780002
0.0010598874000000002
0.0005846478
0.0001859044
0.0025683339
0.0005365866
0.0003409175
0.0005382201
0.0049407083
0.0004780226
0.0001925836
6.0500000000000005e-06
0.0006791488
0.0031097363
0.005246547900000001
0.0026130676000000004
0.0006196168000000001
0.00019767770000000002
0.0005140927000000001
0.0074901057
0.0033455895
0.0013438623
0.0006782413
-0.1015021568
0.0024249731
0.0017678463
0.0005629646
0.0007474533
0.0007079468
0.1015021447
0.0006992469
0.0005179768
0.0010043363
0.0009790594000000001
7.368900000000001e-06
0.0003834369
0.0036143426
0.0012863026
0.00033844910000000003
0.0010085834
0.0037329226000000003
0.0011379445
0.0006532911
0.0002306381
0.0017725774000000001
0.004444426800000001
0.0021325403
0.000538329
0.00031636660000000004
0.0004622321
0.0059791182
0.0013852564
0.00015722740000000002
0.0010711646
0.0011186692000000002
0.0021551310000000002
0.0035724403
0.0010002465000000002
0.0002967283
0.0004901105
0.0051182758000000005
0.0031899109
0.0005695712
0.0005921498
0.0005993614
0.0043048049000000005
0.0025822005000000004
0.0010685026
0.0001474869
-0.1015021568
0.0039118453
0.0020675028
-0.1015021568
0.029197856600000002
0.0078830895
0.001864126
1.4023900000000001e-05
0.0075291766000000005
0.0039164191000000004
0.0044622743
-0.0034711754
0.0047246507
0.0020570121
0.0006391583
0.00038571170000000003
0.004265383100000001
0.0032816894
0.0013362393
0.00045963060000000003
0.00039537960000000005
0.0018505377000000002
0.0058046483000000005
0.0009869728
8.86688e-05
-0.1015021568
0.0022364309
0.0008996229000000001
0.0011429297
0.0052033872
0.0005596008
0.0002774893
0.0040231048
0.0031840424000000003
0.0006604664000000001
0.0003317699
0.0006400174
0.0040456229
0.0013339887000000002
0.00048649260000000003
0.0006119333
0.0014357255
0.0048033733
0.0031063967000000002
0.0012436864
0.0007902026
0.0001752806
0.0033814176
0.0005013272
0.0002908356
0.007683669400000001
0.1015021447
0.0004297678
0.0016651778000000002
0.0017435374000000002
0.0007298357000000001
0.00016114780000000002
0.005367245400000001
0.005811436400000001
0.0016142852
0.0007690276
0.0005755486
0.0045309781
0.0030786393000000003
0.0010604682
0.0005608713
0.1015021447
0.0060617249
0.0028953122
1.59478e-05
0.1015021447
0.0038841121000000004
7.26484e-05
0.0007460376000000001
0.0053028371
0.0008866517
-8.23526e-05
0.0003968074
-0.1015021568
0.0015808166
0.0006320193
0.0001851058
0.1015021447
0.0042442444000000005
0.0027010225
0.0011794596
0.0007016306000000001
0.00037738690000000004
0.009426008900000001
0.0006791367
0.0003889424
0.0046081761
0.0046520023
0.00042614990000000005
0.005991000400000001
0.0013984091
0.0009842261
0.00046295810000000006
0.1015021447
0.0038983054
0.0005492069000000001
0.0002937638
0.00012038290000000001
0.007217045
0.0018630007
0.0009602923000000001
0.00035940630000000004
0.0002888996
0.0018917624
0.06664338780000001
0.0021276761000000003
0.00044684090000000003
6.44083e-05
0.0024714613
0.0008137371000000001
-6.399690000000001e-05
0.0021419541
0.0002090759
-0.00010822240000000001
0.0006829724
0.0042278247000000005
0.0008432732
0.00036319360000000003
0.0001949552
0.0031539618
0.0020817203
0.0017274323000000002
0.0009880376
0.00042846100000000004
0.0040988024000000005
0.0011443454
0.0010855999000000001
0.0007744726000000001
-0.1015021568
0.0006412879
0.0003421275
0.0018187631000000002
0.0019098882
0.0010952678
0.0001096623
0.009282865900000001
0.0017397743
0.000604274
0.00046697530000000006
0.0019694202
0.004869560300000001
0.0014374558
0.0006667463000000001
0.0007715323
0.0793609234
0.0034554333
0.0015389143
0.00031930690000000003
0.0003045449
0.0012129887000000002
0.1015021447
0.0005316619
-0.1015021568
0.0015228213
0.000496221
0.0027964915
0.0013693691
0.00046134880000000004
0.00028347880000000004
0.00011098120000000001
0.0048314574
0.004375251100000001
0.0008269261000000001
0.0006810969
0.0004223868
0.0039550181
0.0017040188000000001
0.0003609309
0.0003864256
-1.85251e-05
0.005673448
0.0033896456000000004
0.0003205653
0.0007336593
0.0012602876000000001
0.1015021447
0.0035644664
0.0052432446
0.0868172217
0.1015021447
0.1015021447
0.0074795303
0.004436089900000001
0.0010713461
0.00048554880000000004
0.0001949673
0.0016563448000000002
0.0030401250000000003
-0.1015021568
0.0240107923
-7.258790000000001e-05
0.0005378571
0.0096653711
0.0016089491000000002
0.00028084100000000004
0.0005497514
0.0036948923
0.0009773049000000001
0.0002951311
0.0032948179
0.0019175596
0.0003238928
0.0005932751
0.0017391814000000002
0.1015021447
0.0023366068
0.0013159355
0.0005615973
0.00022099440000000002
0.0085234336
0.0058684758
0.0018636299000000002
0.0008305198000000001
0.0006631405000000001
0.0009591307000000001
0.0031312743000000004
0.0013545708
0.0091187899
0.0010209980000000002
0.0022822899
0.0079168727
0.0009589613
0.0042312974
0.0008891564
0.0005300526
8.117890000000001e-05
0.0014131106000000002
0.004035095900000001
0.1015021447
0.0007543987
0.0008179479000000001
0.0033571571000000004
0.0031787668000000002
0.0016427928000000002
0.0004099964
0.00028305530000000004
0.0007831483000000001
0.010571479600000001
0.0041544019
0.0021055936
0.0006338948
0.0007379911
0.0036108457000000004
0.0002619166
0.0034608420000000004
0.0027056205000000003
0.0006416751
0.00044207350000000003
0.0014316236000000001
0.0053598886
0.0017052288
0.0005241357
0.0012281984000000001
0.00038169450000000003
0.008458008900000001
0.0033237006000000004
0.0032004621000000003
0.000808159
-0.0002599685
0.0025680798000000003
0.1015021447
0.0026948999
0.0003866192
0.0014657698
0.0064166179
0.0025559193000000003
0.0003471611
0.0030062087
0.0063247668
0.0011887766
0.00039398810000000004
0.0071059549
0.007593693800000001
0.0013672274
0.0002380433
-2.5276900000000002e-05
0.0011803308
0.0049731363
0.0015665144
0.0007752591000000001
0.0015697693
0.0002583229
0.004241195200000001
0.0023222683000000003
0.0006423769
0.0006814841
0.0048064346
0.0017207289
0.0005145283
0.0044700304
0.0017133842000000002
0.0010401765
0.0009467766000000001
0.005965820300000001
0.0022242099000000003
0.0008696512000000001
0.0005684096000000001
0.0011880627000000002
0.0031501503
0.0009455908000000001
0.0005353645
0.00021582770000000003
0.00042304020000000003
0.1015021447
0.0020106933
0.0613898219
0.1015021447
0.0046700676
0.0009000948000000001
0.0008062956
0.0089770626
0.0012764653000000002
-5.334890000000001e-05
0.0039489318
-0.1015021568
-9.77438e-05
0.0001699445
0.0005311295
0.0043443598
0.0016289262
0.0011214159
1.5403300000000002e-05
0.0013076228
0.004794407200000001
0.0018581728000000002
0.0009396376000000001
0.0006207663
0.00043234510000000003
0.006244761600000001
-0.0002055306
-0.000294393
0.0058462723
0.0005696317
0.0306576248
0.0062718414
-0.1015021568
0.1015021447
0.0008467217000000001
0.0025660833000000004
0.0024419615
0.0014213507
0.0005628920000000001
9.030230000000001e-05
0.0080504446
0.0021395099000000002
0.007355844100000001
0.0003640164
0.0005198402
0.0007519182
0.0039186213
0.0016751603
0.0003891723
0.095158272
0.0059881569
0.0006695656
0.0002455816
0.0054729147
0.0013024803
0.0005296533
0.0002460656
0.0006210446000000001
0.004375771400000001
0.0026894307000000003
0.0010094425
0.1014500905
0.0014302926
0.0074969422
0.0026216828
0.0007931913
0.0010974458000000001
0.00046824580000000006
0.0018159801
0.0044964084000000005
0.0017947083000000002
0.0004941035
0.0022797852
0.0031911693000000003
0.0005262774
0.0047091143
0.0035730453
0.0005191868
0.0012926188
0.001247026
0.0038843299000000005
-0.1015021568
0.0003793229
0.0003407239
0.0002231361
0.0030669265000000004
0.0035359709
0.0018824938000000001
0.1015021447
-0.0839217522
0.0007344216000000001
0.0066508013
0.0030725288
0.0008973723
0.0002728429
0.0035173974000000004
0.002721411
0.0001626482
0.0041712814
0.0031116481000000003
0.0009139493
0.0006168943000000001
0.0011390577
0.0035581381000000002
0.0009084438
0.0004634179
0.00034123210000000005
0.1015021447
0.0056343166000000005
-0.1015021568
0.0010319969000000002
0.0003009391
-0.0001534522
0.0011189959
0.0085348318
0.0043702417
0.0009858717000000002
0.00043118350000000003
0.0052974768
0.0012379873000000002
0.0012661924
0.0043611546
0.0020354983000000003
0.0005063366
0.0006199919000000001
0.0038236363
0.0029338991000000003
0.0017015020000000001
0.0005167184
-0.00011872520000000001
0.0008440234000000001
0.0036820058
0.0013181377
0.0006309908000000001
0.0001654554
0.000853171
0.0024908576
0.0024739539
0.0013784441000000002
0.1015021447
0.0033153516000000004
0.0034689369
0.0010046993
0.0071640833000000004
0.0012743478000000002
0.0005857973000000001
0.0010521918000000001
0.0050368428
0.0025508736
0.0001342374
6.185520000000001e-05
0.0008450035
0.0057539493
0.0026693568
-0.1015021568
0.1015021447
0.0005169362
0.0042882763
0.0032298530000000004
-0.1015021568
-0.0642972341
0.0062698933
0.0007879883000000001
0.0005902985
0.0050255535
0.0015999104
0.1015021447
0.0080826427
0.0027847303
0.0021373803
0.0005212801000000001
0.0004242744
0.0021459108000000003
0.0022828102
0.0005000688
0.0002777797
3.0855000000000004e-06
0.0037990491
0.0043703869
0.0016342381000000001
0.00025743960000000003
-0.00040709240000000004
0.0014899456
-0.0838768007
0.0006207784
0.0005025977
0.0022782364
-2.40911e-05
0.0038503652
0.0020817808
0.0004035592
0.0003680336
9.22988e-05
0.0067091596
0.0043325018
0.00036014440000000004
0.0008717445000000001
0.0007063859
0.0038678255000000003
0.0015748876
0.1015021447
-0.1015021568
-1.7835400000000002e-05
0.0007897186
0.0047767412
0.0017391935000000002
0.00022722590000000002
0.0008160361
0.0014590785
0.0007556571
4.7553000000000004e-05
0.0029805809000000003
0.0015165777
0.0005011336000000001
0.0007679144000000001
0.0011441155
0.0033904079
0.0005338641
0.0010408541000000002
0.0006039715000000001
0.0003096511
0.004560853
0.0035326434000000004
0.00115555
0.00047527590000000003
-0.0002678577
0.0059850109000000005
0.0055753533000000004
0.0007788770000000001
0.00035168650000000004
0.0020781750000000002
0.0009761917000000001
0.0007272221000000001
0.0003794439
0.0065072348
-0.1015021568
0.0831027274
-0.00024076580000000002
0.0018092404
0.0046496065
0.0024559975000000003
0.00034607210000000004
0.0001030073
0.0018244259
0.0038994428
0.0017922762
0.00035557060000000003
0.0005042796
1.5367e-06
0.0046296173000000005
0.0035363702
0.0011017413000000002
0.00039925160000000003
0.0014562108000000002
0.0012817651
0.0003238323
0.0065043913000000005
-0.0418106304
0.0007473686000000001
0.0004539799
0.00023236840000000002
0.0040642569
0.0048782481
0.0018072802000000002
0.0005381959000000001
0.0003465561
0.0010316823
0.0048554638
0.0018036623
0.0012291422
0.00046186910000000004
0.0008316814
0.0041143025
0.0017928933000000001
0.0006687549
-6.52432e-05
0.0010256323000000002
0.0019796568
0.0005498240000000001
0.002268145
0.0048633288
0.0005773394000000001
0.0008944078000000001
0.0007761061000000001
0.004230402
0.0048699596
0.0020866813
0.0009704321000000001
0.00033994950000000004
0.0010187837000000001
0.004865083300000001
0.1015021447
0.1015021447
0.0003791172
0.00014073510000000002
0.0027795152000000003
0.0054470812
0.0016186170000000001
0.0006798022
0.0026663681
0.0008882731000000001
6.0814600000000006e-05
0.0037992306000000004
0.0004962089
0.0003263491
0.1015021447
0.0041817963
0.0032257027000000002
0.0008340530000000001
0.0001648262
0.0010105436
0.005836180900000001
0.0022602316000000003
0.0005749678000000001
0.0004553593
0.0005218851000000001
0.0052973558
-0.1015021568
0.0010390028
0.0006186367
0.006915609800000001
0.0019601879000000003
0.0006833354
0.0043393262
0.00045133
-0.00014443770000000002
4.08859e-05
0.0036078449
0.0013618308000000001
0.0010139074
0.00041764360000000003
0.0014803140000000002
0.006248524700000001
0.0020873347
0.0006232589
0.1015021447
-0.1015021568
0.0073173298
0.0011123046000000001
0.00020936630000000002
-0.0002180541
0.00029625640000000003
0.0023928476000000002
0.0007091568
0.00016515290000000002
0.0058422914000000005
0.0008476171000000001
0.0002355144
0.004589445300000001
0.000962797
0.0010506793
0.00046252250000000005
0.0007760698000000001
0.0032908128000000004
0.0016608339
0.00011020680000000001
0.0006299744000000001
0.0003594789
0.0040351685
0.0021958596000000003
0.0005176138
0.00022057090000000002
0.0007388623000000001
0.0030933166000000002
0.1015021447
0.00039631130000000004
0.00010413260000000001
0.0122912768
0.0009767846
-0.0002025661
0.0002128753
0.0055492173
0.001589214
-1.1664400000000001e-05
-0.0001784629
-0.1015021568
0.0028614927
0.0006659356000000001
0.0003374327
-5.2211500000000007e-05
0.0020117823000000003
0.005090349
0.1015021447
0.1015021447
0.0012461306
0.0003220173
0.0036447741000000004
0.006029962400000001
0.000659208
-6.88974e-05
0.0085897174
0.0003398043
0.0795550074
0.0038294806000000003
0.0009089520000000001
-0.1015021568
0.1015021447
0.0001475837
0.0055634953000000004
0.0015113263
0.0009813947
0.0006987266000000001
0.00037301880000000003
0.0055251746
0.0028894074000000002
0.0013448666
0.0006071054000000001
0.00032830930000000004
0.0007464853000000001
0.0076805960000000005
-0.1015021568
0.0002677851
0.0008275069000000001
0.0059139839
0.0010201631
0.00019391460000000002
0.0044770121
0.0011134178
0.0004751428
0.0004298646
0.0010020131
0.0042722801
0.0015100316000000002
0.1015021447
-0.1015021568
0.0011978879
0.0034957868
0.1015021447
0.1015021447
0.0010592703
-0.1015021568
0.1015021447
0.008138798800000001
-0.1015021568
0.0005054049000000001
0.0018138142
0.0061186191
0.0005527159
0.00027531130000000003
0.1015021447
0.0019126228000000002
0.1015021447
-0.1015021568
-0.06216561340000001
0.0668578724
0.0016763582
0.0006213713
0.0002610696
0.0006669883000000001
0.0076078992000000005
0.0027900543000000002
0.00039164070000000003
0.0006280626000000001
0.0007543261000000001
0.00028453150000000004
0.0046820708
0.0014813909
0.0010454037000000001
0.0007573027000000001
0.0036791986
0.000625207
0.0024808388000000002
0.0027892436
0.0002041149
0.0004504951
0.0008376709000000001
0.0032382625
0.0016352666
0.0002444079
0.00034080860000000005
0.0027588968
0.0033163196
0.0009183174
0.0008276642
0.0002634049
0.0004088469
0.0059968084
0.0027423319
-0.1015021568
0.0001422839
0.0031473068
0.0014911314
-0.0504713627
0.0027532098000000002
0.0007119398
0.00041132740000000004
0.005134985900000001
0.0021175605000000003
0.0015353690000000002
0.0005733948
0.0006665043
0.0058002197
0.0025745291000000003
0.0003632541
-1.00309e-05
-0.0002156825
1.21e-08
0.0031225744
0.0017719119
0.0006584941000000001
-0.0002617714
0.0032171601
0.0011369886
0.0009466314000000001
0.0046502236
0.0009287113
0.0003175524
0.0060173179
0.0023293468
0.00027446430000000003
0.00039081790000000004
0.0007177357000000001
0.0033813934
0.0018207596000000001
0.0006240575000000001
0.0004770304
0.0006770434
0.0032084118000000003
0.0018040858
0.0002957603
0.00036660580000000005
0.0007046919
0.010983666100000001
0.0002038971
0.00026866840000000004
0.0005768191
0.0006838678000000001
0.00017250970000000002
-0.043797486700000006
-0.1015021568
0.038369620300000004
0.00031475730000000003
0.0007681806
0.007246302800000001
0.0028587339000000003
0.0006263565000000001
0.0006168459000000001
-0.0001481645
0.0022164417000000002
0.0044218724000000004
0.0015448191
0.0013126201
0.00010282580000000001
0.0007274762000000001
0.006588909800000001
0.0035120008
0.0001428042
0.0025125529000000002
0.006815421800000001
0.00047606240000000005
0.0014829397000000002
0.0054922868
0.0012725086
0.0015824864
0.0002495625
0.1015021447
-0.0005171056
0.0017218421000000002
0.0002828738
0.00034299870000000003
0.00044759110000000004
0.0097934375
0.0030608765000000003
0.0005470168
0.00047364240000000006
9.141550000000001e-05
0.0014413520000000001
0.0037245615
0.0020057928
0.00048821080000000005
0.0011871673000000001
0.005223775700000001
0.0010335699000000001
0.0011017776000000002
0.0080372072
0.0036628031
0.1015021447
-0.1015021568
0.0015889720000000001
0.0074105361
0.0009628696000000001
-0.1015021568
-0.0646597985
0.001458655
0.0079598398
0.002322353
0.0007900211
0.0005211228
0.00038723630000000005
0.0020697655
0.0041249505
0.0017838788
0.0001258521
0.0017800552
0.0075031979
0.0009380767000000001
-0.0003099899
0.004777285700000001
0.0009956001000000002
0.0010140284
8.20138e-05
0.0006625355000000001
0.005721134100000001
0.0010701119
0.0005636059
0.0004314739
0.0036899434000000004
0.0020724275
0.0012128919
0.00033054780000000005
0.0005467506
0.005816845100000001
0.0021570670000000004
0.0004014417
0.0002585649
0.006248004400000001
0.002372447
0.00043693100000000005
0.006148058400000001
0.0030296101000000003
0.004129258100000001
0.0009503703000000001
0.000136367
0.0013693328
0.0017187324
-0.1015021568
-0.1015021568
-0.1015021568
0.013783485100000001
0.0048067613
0.0017507974
0.0005680224000000001
5.54664e-05
0.0006408523
0.006811670800000001
0.0018226714
0.1015021447
-0.1015021568
0.0039887166
0.0036131326000000004
0.0006396544
0.0021258006
0.0016114296000000001
0.0013778512
0.0025885893
0.007535928400000001
0.0028857774
0.0008368723000000001
0.0003351095
0.0006230169000000001
0.00265837
0.0017157679
0.0010616782
0.0005348926
0.0003218963
0.0052098849000000004
0.0023052073
0.001656006
0.0001200804
0.0078158498
0.0014466881
0.0005308996
0.0022939543
0.0016237716000000002
0.0011402919000000002
0.000141449
0.0037701906000000003
0.005022722100000001
0.0013737614000000002
0.0005007101000000001
0.0003859174
0.0027356769
0.004161625600000001
0.0024570502
0.00038974100000000003
0.0004015264
0.0008983766000000001
0.0025081969
0.0006798385
0.001139215
0.00042493990000000003
0.0003327016
0.0029679848
0.0022613206
0.0004568355
0.0006876914000000001
0.00015670710000000002
0.014557340600000001
0.0025329293000000003
0.0005400472000000001
0.0006263928000000001
-7.946070000000001e-05
0.0089862828
0.0055504999
0.0006443371000000001
0.0007238583000000001
0.00011528880000000001
0.0024975368
0.007813938000000001
0.0004229918
-0.1015021568
-0.1015021568
0.0009399038
0.0005136208000000001
0.0044467863
0.0033193204000000003
0.0006952297
0.00019139780000000003
0.00045111220000000005
0.0016204683
0.0043848827
0.0021143298
0.0007272221000000001
0.1015021447
0.0012820071000000002
0.005711393600000001
0.0013019479
0.0003997598
0.0005279956000000001
0.0002835514
0.0060936084000000005
0.0046178319
0.0008672554000000001
0.0001440868
0.0016095541
0.0019222786000000001
0.00013015970000000002
0.0009117108000000001
0.0026968601
0.0003132206
0.0007396367
0.0004301913
0.0012212167
0.0024964962
0.0020095801
0.0011635239000000002
-2.6607900000000003e-05
0.0017730493000000002
0.0045842423
0.0034459953000000004
0.0005011941000000001
0.0004900621
0.000374374
0.0025542979000000004
0.004145944
0.0010133266000000001
0.00033880000000000005
0.0049035855
0.0023156254
0.0003088888
0.0040155181000000005
0.0017719119
0.0006111831000000001
0.00011540980000000001
-0.00019609260000000002
0.0019762567000000003
0.0042600591000000005
0.0073672907
0.0029244974
0.0007103063000000001
0.0019015755000000001
0.0027473413
0.0015949373000000001
0.0005699584
0.0007945828
-0.1015021568
0.0037227949
0.0032802253000000004
0.0006552029
0.00012809060000000002
0.0013118941000000001
0.005414447500000001
0.00032755910000000003
0.009448781100000001
0.0021440474
-0.1015021568
-0.1015021568
0.0006124294000000001
0.009519541900000001
0.0038582181
0.0014502818000000002
0.0007013886
-0.1015021568
-0.1015021568
0.0031518806000000003
0.0019624385
0.0011297044000000002
0.00034205490000000004
0.0012705847000000002
0.0040086816
0.0033119152000000004
0.0005445726
0.0005293024000000001
0.0078565058
0.0005987806
0.0005822036000000001
-0.0005546640000000001
-0.0697777839
0.00018857850000000002
0.0009604375
0.0043239471
0.0035823986000000003
0.0009211851000000001
-0.0003833401
0.0015343284
0.0061338772
0.0023453551
-0.1015021568
0.1015021447
0.06962113730000001
0.004665009800000001
0.0042063593
0.002398704
0.0009795918
0.00023354210000000003
0.0021383725
0.0008006449000000001
0.00047692150000000006
0.0034893254000000003
0.0008772863
0.0008294671000000001
0.0012484417000000001
0.0052462454
0.0047611685
0.0007421535
0.00027258880000000004
-0.0001374923
0.0005842727000000001
0.0036912623000000004
0.0005999543000000001
0.0006497579
-5.9556200000000004e-05
0.00040879850000000005
0.003945555900000001
0.002194335
0.000255794
0.00048216080000000003
-0.1015021568
0.0032002685
0.0011853039
0.0005634728
0.009607920300000001
3.22828e-05
0.0005590684
0.0007847213
0.0052320521000000005
0.0026200009000000002
0.0007703223
0.0009579207
9.08468e-05
0.0011859694000000002
0.0022967978
0.0008100708
0.0006382629
0.0007989509000000001
0.00032501810000000003
0.0079764289
0.0032822581
0.0013623269000000002
0.0005138991
-0.1015021568
0.0019531578000000003
0.0004832014
0.00020613560000000002
0.0016349883
0.0005640536
0.0002860682
-0.1015021568
-0.1015021568
0.0027446067000000004
0.0003350127
0.0004331679
0.0022180994
0.005414253900000001
0.0016359563000000001
0.0010083656
0.0007126779000000001
-3.9095100000000005e-05
0.0056397132
0.002668534
0.0005119389000000001
0.0005487713000000001
0.09074140900000001
0.0033975953000000003
0.002130084
0.0010998779
0.0007190788
0.0015328038000000002
0.0007828458000000001
0.0019121146000000001
0.0004412023
0.007513845900000001
0.0008995503
0.0009057576000000001
5.9532000000000005e-05
0.0014882395
0.0026451568000000003
0.0010138469
0.0006474468
0.0007624452
0.0009866219000000001
0.005344449
0.1015021447
-0.1015021568
0.0016306807
0.1015021447
0.006612069200000001
0.0007140815
0.0012822733000000001
0.0014501366
0.0012880571
0.000156937
0.0002455695
0.005327859900000001
0.0039112887
0.00036868700000000003
0.0009126183
0.0004266218
0.0030806358000000002
0.004125737
0.0009159216000000001
0.0002503248
-1.3031700000000001e-05
0.00034238160000000004
0.005054992800000001
0.1015021447
0.0025478486000000003
0.0005458431
0.1015021447
0.0052363718
0.0014385811
0.0005891127000000001
0.0013560591
0.0017241653
0.0010120561000000001
-0.0983368936
0.0046004684
0.0017439488000000002
0.0007418873000000001
0.00011248160000000001
0.0001068672
0.0045997424000000006
0.0026513399000000003
0.000879186
0.00015088700000000002
0.0007643328
0.005780387800000001
-0.059759625200000006
0.00033296780000000004
0.0006571026
0.00022537460000000002
0.0009727674000000001
0.0015742221000000002
0.0011892606000000001
0.00041927710000000005
0.0016367428000000001
0.00035783330000000005
1.39755e-05
0.007322726400000001
0.0023750364
0.0009895864000000001
0.0003633388
0.0002651352
0.0020422622
0.0001096865
0.0027862428000000002
0.0002741134
-0.1015021568
0.1015021447
0.0094716259
0.0021522996
0.00048707340000000006
0.0007412581000000001
0.0007710362000000001
0.0011437646
0.0026383324000000003
-0.1015021568
0.1015021447
0.0041908229
-0.1015021568
0.0005614763000000001
0.006035371100000001
0.0021793068
0.0008499161000000001
0.00044845020000000005
-0.0001258521
0.0082247814
0.0028281209000000002
0.000603064
0.00010755690000000001
0.0001343705
0.0016371784000000001
0.0047189637
0.0011729014
0.0011611886
0.0009460748
-0.0001819477
0.0021615077000000003
0.0016452370000000001
0.0006287523
0.00018905040000000002
0.0031511546000000004
0.00035835360000000004
0.0002991846
0.1014380752
0.0068811490000000005
0.0087176386
0.1015021447
-0.1015021568
0.0025325421
0.0068806771000000004
0.0028032554000000003
0.00031064330000000003
0.0003807265
0.0012168849
0.0031630973000000002
0.0016934918000000001
0.0010965625
0.0006775758000000001
0.0009250813
0.0021233443
0.0026217554
0.0011959156
0.00036012020000000003
0.0044203478
0.0007429763
-0.0001217744
0.0049015164
0.0015128509000000001
0.0009984073
0.0007532976000000001
0.0001805804
0.0040164619000000006
0.0028417576
0.0009140703000000001
0.0006188061
7.37616e-05
0.0008524450000000001
0.004593680300000001
0.0016173828000000002
0.0010829016
6.0270100000000004e-05
0.0012475947000000001
-0.1015021568
0.0004209953
0.0005213769
0.0002596176
0.0040522174000000005
0.0009234599
0.0002368938
0.0013516184
0.006485249100000001
0.1015021447
0.0015100437
0.0009092182
0.004795544600000001
0.0020376521
0.0003146121
0.0004066447
8.401030000000001e-05
0.0086067421
0.0028733023
0.00024750550000000003
0.0006288249
0.0005207598
-0.024901509600000003
0.0034436116000000003
0.002870483
0.000182952
-0.00012427910000000001
0.001245816
9.89901e-05
0.0006481607000000001
0.002523455
0.0006162893
9.20326e-05
0.0002899644
0.0019135908000000002
0.0079486352
0.0033120967000000003
0.0029889783000000003
0.0016008905000000002
0.00039886440000000005
-0.0002900491
0.0022087098
0.005158556700000001
0.0003089009
0.0010820425
0.0006253280000000001
0.005765323300000001
-0.1015021568
0.0008899913
0.0009044508000000001
0.0003009391
0.0012013969
0.008855808500000001
0.000242968
0.0009353663000000001
0.008111682700000001
0.0007657364000000001
0.0010692044000000002
0.005530099300000001
0.0011379082
0.0002829827
0.00039758180000000004
0.0029240134
0.0037112636000000004
0.0003106191
0.00043662850000000006
3.7994000000000004e-06
0.00394218
0.0039633066
0.0007331753000000001
0.00040635430000000004
0.00044292050000000003
0.0037182574
0.0014216411
0.0007980918000000001
0.0008456932000000001
0.0050042454
0.0009775348
-0.1015021568
0.0023090309
0.0008183351
0.00044092400000000004
0.0012951477
0.0061275731
0.0015253502
0.00045227380000000005
0.00028958930000000003
0.0010040217000000001
0.007249364100000001
0.0019189511000000002
0.0009923089
0.00023045660000000002
-2.1767900000000002e-05
0.0047382511
0.0026966302000000003
0.1015021447
-0.0831055346
0.0037819518000000002
0.001851058
0.0007726334
0.0069607670000000005
0.0007756463000000001
0.00020889440000000002
-0.1015021568
0.0026568454000000003
0.0010113301
-0.1015021568
-0.1015021568
0.0017062089000000002
0.0038706932
0.0017601507
0.0007884239000000001
0.0007488811000000001
0.0011653389
0.004486680000000001
0.0017954222000000001
0.0141434238
-0.0384587731
0.001376375
0.0016638831000000001
0.0005662195
0.0026039684
0.0006449179
0.0005047878000000001
0.0054345456
0.002544025
0.0006150914
0.0006131312
0.0005836798000000001
0.0077579029
0.004388754700000001
-0.0418574332
-0.025551073900000002
0.0010979298000000001
0.0046187999000000006
0.0031216427000000002
0.0007135249000000001
0.060424568600000006
0.0775266844
0.006475436
0.0014833874
-1.0769e-06
0.00028039330000000003
0.0028696723000000003
-0.0192257626
0.0025766103
0.0030331917
0.0009830766
0.0004014417
0.0007384509000000001
0.0062616411000000005
0.0016247517
0.0006954596
0.0006152003000000001
0.0010373693000000001
0.0049995506
0.0021017095
0.0007761787
0.0012911184
-4.5810600000000005e-05
0.008034605700000001
0.0010357358000000001
0.0001733204
0.0031892333
0.0026662108000000003
0.00034574540000000003
0.006093814100000001
0.0015947558
0.00027849360000000003
6.42268e-05
0.0013653156000000002
0.0055426954
0.0014140181
-0.1015021568
0.000151008
0.0054106481
0.0035343253
0.0009354389000000001
0.0006136273
0.0005614400000000001
0.0024140831
0.0033380512000000004
0.0008485972
0.0006089688
0.0018368647000000001
0.0035508781000000004
0.0004930145
0.004144927600000001
0.0207065848
0.0003238928
0.0009788416
0.1015021447
0.0035704196000000002
0.0009539519000000001
0.00044641740000000003
0.0009975845
0.009014088600000001
0.004361941100000001
0.0001593207
0.0001851179
0.0006890345
0.0051376842
0.0016767696
0.0010857935
0.0009028657000000001
-5.21873e-05
0.0018184848
0.0010052559000000001
-0.0002225674
0.0107787526
0.0013375461
0.00041046830000000004
0.0084575249
0.0009961688
0.0005620813000000001
2.4563e-06
-7.094230000000001e-05
0.0045413478000000005
0.0020188124
0.0007969907
0.0001412312
0.0001957538
0.0048231447
0.0043322598
0.0019878364000000003
0.0006950603
0.0001313455
0.004587352
0.0009090246
0.0003293983
0.0010546239
0.0021569823
0.0008110751
0.0024889095000000003
0.0018402043000000001
0.0008289589000000001
0.00022484220000000001
0.0003364768
0.005122704400000001
0.0024606318000000003
0.00032048060000000004
0.0003234693
0.0006573809
0.0053935266
0.0024896234
0.0054771739
0.0005066149
-0.0001139457
0.0024074644000000004
0.0029008661000000002
0.00036459720000000005
0.0013564100000000002
0.0066684068
0.0010095151000000001
0.0030520556000000003
0.0047911886
0.00028557210000000003
0.0003359686
0.0001959111
0.0089919456
0.0019605509
0.00022024420000000001
0.0003184478
0.0002503369
0.0066355069
0.0017396654000000002
-0.000107811
0.0012076284
0.0011568326
0.1015021447
0.0036671712000000004
0.0010412171000000001
0.0007921144
0.0054221189
0.0021912011000000003
0.0015900368
0.005756526600000001
0.0012386649
0.00036532320000000004
0.0004313771
0.007642541500000001
0.008623645800000001
0.0011086867
0.0005627831
0.0004914778
0.0021263209
0.010699909
0.0041374014
0.0005702125
0.0012535479000000001
0.0004940914
0.0024707837
0.0030257381
0.0012545401
-0.08067901270000001
-0.08074694210000001
0.0021769836
0.0021258853
-9.29764e-05
0.006380172700000001
-0.1015021568
0.00039099940000000003
0.0010348404000000001
0.0040898968
0.0022634623
0.0005038803000000001
0.00010378170000000001
0.00026696230000000003
0.0069048045
0.0035594933
0.0013725514
0.0006929670000000001
8.34658e-05
0.0006592564
0.007919062800000001
0.0012106776
0.0008993688000000001
0.0008994777000000001
0.0002545114
0.0016263368000000002
0.0005835467
0.00034545500000000005
0.0033923197
0.0004469014
0.0003890513
0.0028173156
0.0044524128000000005
0.0028074904000000003
0.0004500837
0.0001459018
0.0002281697
0.0098312016
0.09864187410000001
0.09393179180000001
0.0006527224
0.0005580036
0.0017559762
0.0061627599
0.1015021447
-0.0496942644
0.0694711457
0.0006478461
0.0011500929
0.00048537940000000006
0.0002065833
0.0025960187
0.0019678714
0.0011155716
0.0005674174
0.0034312091
0.0025885772
0.0007982612
0.00018661830000000002
0.0013303829
0.0053405407
0.0027629987000000003
0.0006659477000000001
0.0002903153
-0.0002204499
0.0019010068
0.0037859206
0.0012863994
0.0005184366
0.0003886641
0.0029984163000000004
0.0024017048
0.0011365288
0.0010012024
0.0021356863
0.0006924346
0.0003958394
0.0009259646
0.0068364516000000005
0.0013971144
0.0002116048
0.00013364450000000002
0.004717669000000001
0.0022573639
0.0011403645
0.00022935550000000002
-0.0003399979
0.0010439033
0.0047204641
0.005230878400000001
-0.087864392
-0.07117847990000001
0.1015021447
0.0015839868000000002
0.1015021447
0.0006885021
0.0086710899
0.0003786211
0.00041102490000000005
0.007265033600000001
0.0020403746
0.0003835458
0.0007379669
0.00035494140000000003
0.0060591113
0.0034258125
0.0008015282000000001
-0.1015021568
-0.1015021568
0.005540069700000001
0.0036578421
0.00048542780000000003
0.0018485533
0.0
0.0032137721
0.0018987199000000002
0.00042645240000000004
0.0011296318000000001
0.0024519924
0.0330398728
0.0040609052
0.0025769854
0.0006908616000000001
0.00041120640000000003
0.1015021447
0.1015021447
0.0022140459000000003
0.00023453430000000002
0.0005666067
0.0005682281000000001
0.0025495547
0.0014994078000000002
0.0004960637000000001
0.0002083257
0.00047320680000000005
0.007094605100000001
0.0039078523
6.285950000000001e-05
-0.1015021568
0.005017216600000001
0.0006009102
0.0040307278
0.0030666724
0.0007179293000000001
0.0008686711
0.0041955903000000004
0.0024876390000000003
0.0010439759
0.0002654619
0.0001517098
0.006755768800000001
0.0
0.0012269158000000001
0.00040263960000000003
0.0003216906
0.0014625996000000002
0.0028209819
0.0016248001
2.5676200000000003e-05
0.0001304622
0.0062222798
0.0015442383000000002
0.0011285791
0.0020665227
0.0020123389
0.0008981951000000001
4.0087300000000005e-05
0.0061059262
0.0032649672
0.0013845788
-2.9173100000000004e-05
0.0005271970000000001
0.00011292930000000001
0.0035191761
0.0023188198
0.0003682393
7.54314e-05
0.0005119631000000001
0.0022303204
0.0021582891000000003
0.0017737753
0.0007021993
0.0003781492
4.7553e-06
0.0029596116000000002
0.0010374903000000002
0.0013964247
-0.1015021568
0.1015021447
8.601890000000001e-05
0.1015021447
0.0030611306000000002
0.00042919910000000004
0.0006552876
0.1015021447
-0.1015021568
0.0915396581
-0.1015021568
0.0006569211
0.0003968679
0.0015102857000000001
0.005683684600000001
0.0021848365
0.0006133732
0.0017026394
0.00016114780000000002
0.0060080614000000004
0.0009061811000000001
0.0002775861
0.0003717483
0.0015986762000000001
0.00048089030000000003
-7.901300000000001e-05
0.006938055300000001
0.0025007675000000003
0.0012822612
0.0012740937
0.0003887488
0.0061512528000000006
0.0017076125
0.0011336853
0.0008483673
0.0007328244
0.0017945389000000001
0.0015409471
0.0012923647
0.0007685315000000001
0.0005531394
0.0004906308
0.0082191428
0.005271256100000001
0.0005521835
0.0003863409
0.004866027100000001
0.0011789514
0.0011144584000000002
0.0043408266
0.0008802024000000001
0.0013433299000000002
0.00027756190000000004
0.00022854480000000001
0.006585521800000001
0.0026769556
0.0008166411
0.0007240519000000001
1.6105100000000003e-05
0.0050898529000000005
0.003588739
0.0018255028000000002
0.00034954480000000003
0.00041109750000000003
0.0012162678
0.0059207115
0.1015021447
0.0005530426
0.0008718897000000001
0.0049122007
0.0006953386000000001
0.0014621277000000002
0.0034661418
0.000632225
0.0007343369
0.0044769516
0.0035588036000000003
0.0012182038
0.0007982975000000001
0.1015021447
0.0164483528
0.0070081869
0.0018917624
0.0005068690000000001
-0.1015021568
-0.1015021568
0.0053475708000000005
0.0031947993
0.0003361622
-3.50416e-05
0.0006556143
0.0022845889
0.0005167426
0.00024051170000000002
0.0051649455
-0.00048406050000000003
0.0006372828
0.0022415129
0.0014181684000000002
0.0014747601000000001
-0.0002976721
0.004200732800000001
0.0020493891
0.0013519088
0.000611292
0.00019382990000000003
0.0044180367
0.0018119024000000001
0.0018916293
0.0013962311000000002
0.0003419944
0.0019672664
0.0039661743
0.002417217
0.0399967799
0.0063999078
0.0037312286000000003
-0.0949929255
0.0093037021
0.0013880031
0.0003147331
0.0003433617
0.005187221600000001
0.0028676153
0.0005894999
0.0008244335
0.0005273906000000001
0.0090154438
0.0019051692
0.0011730103
0.0008337747
7.11117e-05
0.0047427039
0.004661718600000001
0.0008928469000000001
0.0006675086
0.0008136766
0.0009655558
0.0015908959
0.0004503015
0.0003672713
0.0047986301
0.0010864953000000001
0.0004441547
0.0056100803000000005
0.0013103453000000002
0.0010294196000000002
-4.38504e-05
0.0002338809
0.0014465066000000002
0.1015021447
0.013868657000000001
0.035720518900000005
-0.0106149307
0.0008368481000000001
0.0068506449
0.002358653
0.0005196224
9.41501e-05
0.00044694980000000004
0.003851914
0.0034081223
0.0010815948
0.00025966600000000003
-0.0063916919
0.0011604868000000001
2.54584e-05
0.0023127456000000004
0.0029883733
0.0006429093000000001
0.00032734130000000003
0.0009391294000000001
0.0069092694
0.0022060599
0.0004387823
0.1015021447
0.1015021447
0.0011696344
0.0030831284000000002
0.0030372331000000003
3.70139e-05
0.00032374760000000003
0.0005670665
0.0025338247000000003
0.0016967104
0.0005449356000000001
0.0006438894000000001
0.0031480691000000003
0.0013861639
0.0003615843
0.0043394714
0.0027487691000000003
0.0013531793
0.00036669050000000004
0.0757464114
0.008010913900000001
0.0018209169000000002
0.0006412516
0.0011150876
0.00029129540000000004
0.0042460594
-0.1015021568
0.0010872213
0.00037505160000000004
0.0003859174
0.0012561978000000002
0.0042959961
0.0025540075000000002
0.0033772673000000003
-0.0002067043
0.0033051634000000004
0.0012750859000000001
0.0008865186000000001
0.0041721042
-0.07720490910000001
0.0001660846
-0.0001442562
0.0009809833
0.0037890908000000004
0.0022301752
-0.1015021568
0.1015021447
0.1015021447
0.0067743181
0.0037757566
0.0011947419000000001
0.0006331446000000001
0.0005285159
0.0030215636000000003
0.0036585802000000003
0.0012071928
0.0003390178
0.0019270460000000002
0.0012405404000000002
0.0013485087
0.005406304200000001
0.0019898934
0.0005910971
0.00047919630000000003
0.0033185581
0.0023479566
0.0007856893
0.0007307069
0.1015021447
0.007083448900000001
0.0010620049000000002
0.00020704310000000002
0.0004893119000000001
0.00039685580000000005
-0.1015021568
-0.1015021568
0.0020402536000000003
0.1015021447
0.0032235005000000004
0.0018214372
0.0007496434000000001
0.0034203312
0.0009556096
0.0004066326
0.0005859304
0.0026730594000000003
0.0020690516000000003
0.0005953684
0.0003989975
0.0009823748
-0.043824106700000004
0.0021545865
0.0004959548
0.0005894999
0.0003369366
0.005083318900000001
0.0158400616
0.0009203139000000001
7.37616e-05
0.1015021447
0.0013808278000000001
0.0005572897
-0.00014232020000000002
0.0015198326
0.00011602690000000001
0.0009578602000000001
0.0018709141
0.0006233194
0.0006600066000000001
0.0008924476000000001
0.0018339607000000002
0.0036386273000000003
0.0014840166
0.0002421815
0.0002260401
0.0015011986
0.0040664591
0.0023388574000000003
0.0007649136000000001
-5.7801700000000006e-05
0.0012618122
0.004587606100000001
3.6517800000000005e-05
2.34256e-05
0.005502838
0.0001601556
-3.93371e-05
0.0014516249000000002
0.0028550071
0.1015021447
0.0928085609
-2.9705500000000002e-05
0.0016812950000000002
0.0032981333
0.0023007061
0.0008137129
3.97727e-05
0.0003822753
0.007406470500000001
0.0041045257
0.0022685927
0.0006401263000000001
0.0008600075
0.0010051228
0.0025730287
0.0008935003000000001
0.0003097479
0.003533926
0.0006862394000000001
-0.00028791950000000004
0.0069026023
0.0024367706
0.0010431531
0.0013480489
-0.00010199090000000001
0.0007539026000000001
0.0054672519
0.0009667174000000001
0.0009630027
0.0006165676
0.0016323989
0.0071926877
0.0032036686000000004
0.0005547487
0.0005166579
-0.0002243461
0.0007756826000000001
0.0025091286
0.00034969000000000005
0.00021170160000000003
0.004316384600000001
0.0006640601000000001
0.0005475613
0.0047819805000000005
0.0027843189000000003
0.08561087590000001
-0.1015021568
0.1015021447
0.0022771716000000003
0.0038927878000000003
0.0020904081000000002
0.0011259897
0.1015021447
0.0008040087000000001
0.0051858785
0.0023837726000000004
0.0005514454
0.0005945456
-0.00032124290000000005
0.0057153624
0.0022079959000000002
-8.35989e-05
-8.05497e-05
0.0017837941
0.0004927846
0.0008269019000000001
0.0068583284000000005
0.0010667602
0.0006284498000000001
0.0009779583
-0.1015021568
0.0037537951000000003
0.0028625938000000004
0.0021429705000000003
0.0005773757
0.00047803470000000003
0.0032830325
0.0036056911000000003
0.0014513103
-0.1015021568
0.1015021447
0.1015021447
0.1015021447
0.0025302189
-0.1015021568
-0.00010510060000000001
0.0022933735
0.0001823228
0.0027366691
0.0022589248
0.00036996960000000004
0.0009125820000000001
0.0004338818
0.0055842468000000004
0.0030919856000000004
0.0005593104000000001
0.00029606280000000004
0.0005120962
0.0055983554
0.0012624535000000001
0.0005571203
0.0008996713000000001
0.0015568586000000001
0.0059477671
0.0033943404
0.000641905
0.0019465391000000002
0.0027824071000000002
0.0009791441
0.004041920300000001
0.0038941672
0.00044051260000000004
-0.00013025650000000002
0.0046526073
0.0063124853
0.001407472
0.0005949328
3.40615e-05
0.0026907012000000003
0.004375819800000001
0.0006813631000000001
0.0002748394
-5.34336e-05
0.0021120913
0.0072216672
0.0018337187
0.00015198810000000002
0.0009563114000000001
0.0019209113
0.00045488740000000004
-7.4657e-06
0.005273422000000001
0.0005138749000000001
0.0008209850000000001
0.0038638204
0.0012733798
0.0012769251000000002
0.0009755988000000001
0.00038943850000000004
-0.1015021568
0.0017376326
0.0008729545000000001
0.0004929419000000001
0.0009781398
0.0111018226
0.0024097755
0.023217165400000003
0.008234219400000001
3.8211800000000006e-05
0.0007050065
0.0010530872000000001
0.0005449114000000001
0.0037385491000000003
0.00019518510000000002
0.0003497021
0.005788434300000001
0.0039967268
0.1015021447
-0.1015021568
-0.00015198810000000002
0.0028109873
0.0042840413
0.003192101
0.0010669296
0.0007090358000000001
0.0013107204000000002
0.0031181821
0.0027283564
0.0013248774
0.00031170810000000004
0.1015021447
0.0021656096
0.0023541760000000004
-0.1015021568
0.00031244620000000004
0.0044849618
0.0006110621
0.00022422510000000002
0.0048912677
0.0010882619000000002
0.0006662381
0.0028378009
0.00039418170000000003
0.0022285538
0.002121977
0.0012740816
0.0010009725
5.763230000000001e-05
0.0041010046
0.004401883200000001
0.0017701574000000002
0.0006324428
0.0006504597000000001
0.00010156740000000001
0.0039682555
0.0030588074000000003
0.0001766721
-0.0001107755
0.0014675606000000001
-0.1015021568
0.0006296961
0.1015021447
0.1015021447
0.0008985944000000001
0.0002667808
0.0003584988
0.0082263786
0.0029796613000000003
0.0009614176000000001
0.0005819858000000001
0.0002127301
0.1015021447
0.1015021447
0.0014573845
0.0014490234000000002
0.0006776363
1.92148e-05
0.004088928800000001
0.000474199
0.0003484558
0.0005567452
0.0006449058
0.0001319868
0.0032833471000000003
0.0029892929
0.0009031924000000001
0.0007017637
0.00027944950000000004
0.0055092389
0.0065542433
0.0006927613000000001
0.0003889545
0.0003642342
0.0015241765
0.0043167476
0.0032583848000000003
0.0014460831000000002
0.0006489956000000001
0.0006827667
0.0108380305
0.0054113741000000005
0.0002718628
0.0005642472
0.0009385728000000001
0.0028863098000000004
0.0018850953000000001
0.0007535396
0.0059238696
-0.1015021568
0.00022686290000000002
4.34269e-05
0.0061740492
0.0024521013
0.0006388437000000001
0.0006472169
0.00022507210000000002
0.0005621176
0.0087883752
0.0026103451
0.0009313733000000001
0.1015021447
-0.00022236170000000002
0.0020475015000000004
0.005900456100000001
0.0013907982
0.00027648500000000003
0.0009994237000000002
0.0018075343
0.0007589967000000001
0.004912708900000001
0.0006759060000000001
0.0004970196
0.0005800014
0.002753597
0.0041862612
-0.1015021568
0.00040519270000000004
0.0011228195000000001
0.0076241616
0.0025858668000000003
0.0006828514000000001
-0.1015021568
0.1015021447
0.0019255093
0.0030339298
0.0036564264
0.00045312080000000005
0.0032671936
0.0034128292
0.000793397
0.0037532869
0.0008014919000000001
0.0005479001000000001
0.0038553504
0.0060889378
0.0020222609
0.0006724938000000001
0.00015992570000000002
0.0007804379
0.0082632473
0.0025941553
0.0006915755
0.0009112268000000001
0.0012171632000000001
0.0030525759000000004
0.0024455189
0.0009967254
0.00010407210000000001
0.0017147031000000002
-0.1015021568
0.0003520253
0.0037598935000000004
0.0017089798
0.0002414313
0.0033592867
0.0015254833
0.0007032399
0.0004964509
0.00012418230000000002
0.0059507074000000005
0.0015813248000000001
-0.1015021568
-0.1015021568
0.042140718400000006
0.0033549186000000003
0.0034406592
0.0009024906
0.00022397100000000003
0.00034693120000000004
0.0003042424
0.0031559341
0.0009438726000000001
0.0005514454
0.001225125
0.0009606916
0.00036721080000000003
0.0001260578
0.0039777298
0.0021613141
0.0007411855000000001
0.0003968921
0.1015021447
0.0051218937
0.0019953747
0.0013605724000000001
0.00035336840000000004
0.0012673661
0.005347534500000001
0.0028659576000000003
0.0005212801000000001
0.0006586877
0.0011647823000000002
0.0013021173
0.0035322078
0.000748143
0.0004413959
0.00035665960000000004
0.0018450806000000002
8.88866e-05
0.0040247262
0.0014271466
0.0010191951000000001
0.0003293257
0.0005555231000000001
0.0031448626
0.0020879155000000003
0.0013291366
0.0005914480000000001
0.0006217464000000001
0.0006846785
0.0028859831
0.0022557425
0.0006480276
0.00047975290000000005
0.0013938837
0.005834305400000001
0.0027345516
0.0006664801
-0.0001489026
0.0018106319000000001
0.0015816031
0.0001863884
-0.1015021568
0.0019670486
0.0012414237
-0.1015021568
-0.1015021568
0.0020713385
0.0027961648
0.0013761814000000001
0.0013826428000000002
1.8319400000000003e-05
0.0043218659
0.005775088
0.0021252077000000003
0.0005090712
-0.1015021568
-0.1015021568
0.0031160283000000004
0.0021957628000000002
-0.07632735660000001
0.00044909150000000005
0.0021498675000000004
0.0025520473
-7.9739e-06
0.0033652399
0.0022793859
0.0001759703
0.000280478
0.0007745331
0.0025267946000000004
0.0019556746000000003
0.0013652793000000002
0.0011333344
5.1231400000000006e-05
0.0036365219
0.0538728179
0.0013414544
-0.1015021568
0.0680977836
2.3413500000000002e-05
1.21e-08
0.0055611358
0.0010158071000000001
-0.00018635210000000001
0.0029422844
0.00032705090000000004
0.0006808791
0.0054582858000000005
0.0010762829000000001
0.0008568373
0.00022930710000000003
0.0044308143000000005
0.0018260231000000002
0.00045681130000000005
4.47337e-05
5.1255600000000004e-05
0.0062706193
0.0019822825000000003
0.0014996014
0.0018784645000000002
0.0009690769
0.0014289616
0.0041677724
0.0028908957000000003
0.0009691616000000001
0.0016675978
0.0035829673000000004
0.0006930759
0.00018096760000000002
0.0014026925
0.0039585634
0.000982157
0.0014643783
0.00042952580000000005
0.0046985994000000005
0.00218042
0.0002741981
0.0006080008000000001
0.0011502139
0.0072159681
0.0101520089
0.0004091373
0.00044365860000000003
-8.57406e-05
0.0008719260000000001
0.0033751135
0.0024556829
0.0009216691000000001
0.00012697740000000002
-0.1015021568
0.0011375936
0.00018430720000000002
0.0040792004
0.0013898302000000002
0.0008297333
9.52633e-05
0.0012074711000000001
0.0035906629000000004
0.0014810884000000001
0.0006225571000000001
0.000719587
0.0017607073000000001
0.007761678100000001
0.0014354956000000002
0.0005168515
0.0002115685