192 0 0 196 0 0
192 0 0 203 74 117
192 0 0 0 173 138
192 0 0 8 83 172
192 0 0 128 0 0
192 0 0 127 255 255
192 0 0 235 127 225
192 0 0 127 255 255
192 0 0 128 0 0
192 0 0 128 0 0
192 0 0 101 90 27
192 0 0 1 252 150
192 0 0 128 0 0
192 0 0 230 211 253
192 0 0 127 255 255
192 0 0 127 255 255
192 0 0 128 0 0
192 0 0 128 0 0
192 0 0 127 255 255
192 0 0 127 255 255
192 0 0 33 72 170
192 0 0 145 139 161
192 0 0 127 255 255
192 0 0 128 0 0
192 0 0 24 116 46
192 0 0 127 255 255
192 0 0 51 41 158
192 0 0 96 217 30
192 0 0 128 0 0
192 0 0 152 243 30
192 0 0 128 0 0
192 0 0 128 0 0
192 0 0 127 255 255
192 0 0 127 255 255
192 0 0 127 255 255
192 0 0 12 174 143
192 0 0 10 33 16
192 0 0 127 255 255
192 0 0 128 0 0
192 0 0 127 255 255
192 0 0 137 33 198
192 0 0 122 228 139
192 0 0 8 87 185
192 0 0 14 227 104
192 0 0 10 207 55
192 0 0 7 234 35
192 0 0 8 63 137
192 0 0 128 0 0
192 0 0 128 0 0
192 0 0 11 190 110
192 0 0 135 7 118
192 0 0 127 255 255
192 0 0 172 108 210
192 0 0 127 255 255
192 0 0 111 76 98
192 0 0 225 147 46
192 0 0 127 255 255
192 0 0 127 255 255
192 0 0 127 255 255
192 0 0 90 85 242
192 0 0 128 0 0
192 0 0 127 255 255
192 0 0 127 255 255
192 0 0 128 0 0
192 0 0 128 0 0
192 0 0 234 112 107
192 0 0 75 249 73
192 0 0 128 0 0
192 0 0 127 255 255
192 0 0 212 206 155
192 0 0 202 139 123
192 0 0 127 255 255
192 0 0 128 0 0
192 0 0 49 80 43
192 0 0 44 46 201
192 0 0 34 214 168
192 0 0 127 255 255
192 0 0 127 255 255
192 0 0 12 197 187
192 0 0 127 255 255
192 0 0 127 255 255
192 0 0 24 189 165
192 0 0 171 145 167
192 0 0 127 255 255
192 0 0 128 0 0
192 0 0 27 22 233
192 0 0 236 224 11
192 0 0 128 0 0
192 0 0 45 152 60
192 0 0 127 255 255
192 0 0 128 0 0
192 0 0 34 10 108
192 0 0 35 176 190
192 0 0 138 63 204
192 0 0 128 0 0
192 0 0 138 228 124
192 0 0 127 255 255
192 0 0 149 11 119
192 0 0 127 255 255
192 0 0 161 231 226
192 0 0 128 0 0
192 0 0 127 255 255
192 0 0 16 137 173
192 0 0 128 0 0
192 0 0 128 0 0
0 0 0 0 0 0
192 0 0 224 177 11
192 0 0 37 249 43
192 0 0 127 255 255
192 0 0 128 0 0
192 0 0 73 98 80
192 0 0 128 0 0
192 0 0 127 255 255
192 0 0 152 31 39
192 0 0 120 153 246
192 0 0 34 54 201
192 0 0 127 255 255
192 0 0 27 138 204
192 0 0 128 0 0
192 0 0 45 44 128
192 0 0 85 184 216
192 0 0 89 170 85
192 0 0 90 247 52
192 0 0 92 255 182
192 0 0 92 249 95
192 0 0 128 0 0
192 0 0 108 74 119
192 0 0 109 132 217
192 0 0 109 150 70
192 0 0 110 14 127
192 0 0 108 158 78
192 0 0 108 20 120
192 0 0 110 4 237
192 0 0 108 189 79
192 0 0 107 81 118
192 0 0 108 78 33
192 0 0 106 18 92
192 0 0 108 55 174
192 0 0 110 35 109
192 0 0 109 18 175
192 0 0 106 73 32
192 0 0 107 165 225
192 0 0 106 186 88
192 0 0 109 90 209
192 0 0 109 59 153
192 0 0 110 17 66
192 0 0 127 255 255
192 0 0 113 246 12
192 0 0 112 174 185
192 0 0 110 147 173
192 0 0 111 58 162
192 0 0 113 224 159
192 0 0 112 133 71
192 0 0 107 116 175
192 0 0 109 102 175
192 0 0 109 197 225
192 0 0 108 24 166
192 0 0 107 238 59
192 0 0 109 88 191
192 0 0 108 123 79
192 0 0 108 45 106
192 0 0 104 162 146
192 0 0 107 110 201
192 0 0 106 149 86
192 0 0 107 211 166
192 0 0 107 126 182
192 0 0 110 62 186
192 0 0 109 122 180
192 0 0 106 123 216
192 0 0 106 112 203
192 0 0 108 244 156
192 0 0 108 112 0
192 0 0 107 43 111
192 0 0 107 116 128
192 0 0 107 40 126
192 0 0 107 235 41
192 0 0 108 86 162
192 0 0 109 58 181
192 0 0 108 105 243
192 0 0 109 25 198
192 0 0 108 203 28
192 0 0 109 72 233
192 0 0 106 93 24
192 0 0 109 58 18
192 0 0 108 22 236
192 0 0 108 100 235
192 0 0 108 159 90
192 0 0 109 223 209
192 0 0 111 1 176
192 0 0 109 73 102
192 0 0 108 103 176
192 0 0 110 39 149
192 0 0 109 139 43
192 0 0 110 134 161
192 0 0 110 129 30
192 0 0 110 163 191
192 0 0 109 113 72
192 0 0 108 190 66
192 0 0 109 77 30
192 0 0 107 238 17
192 0 0 109 69 87
192 0 0 110 187 69
192 0 0 111 85 52
192 0 0 111 60 82
192 0 0 110 177 64
192 0 0 111 206 236
192 0 0 110 216 169
192 0 0 108 254 42
192 0 0 109 93 193
192 0 0 108 180 100
192 0 0 109 219 69
192 0 0 108 189 67
192 0 0 109 84 179
192 0 0 108 172 210
192 0 0 109 238 19
192 0 0 109 156 206
192 0 0 112 87 143
192 0 0 112 79 17
192 0 0 114 239 36
192 0 0 113 23 198
192 0 0 110 211 122
192 0 0 111 84 116
192 0 0 108 145 37
192 0 0 108 164 41
192 0 0 108 165 52
192 0 0 109 96 109
192 0 0 108 149 197
192 0 0 108 7 74
192 0 0 108 248 15
192 0 0 108 72 229
192 0 0 107 228 138
192 0 0 116 89 49
192 0 0 114 190 186
192 0 0 112 240 81
192 0 0 113 190 158
192 0 0 110 39 213
192 0 0 110 81 144
192 0 0 108 106 144
192 0 0 109 142 155
192 0 0 108 207 155
192 0 0 116 74 185
192 0 0 116 96 157
192 0 0 117 106 186
192 0 0 116 169 43
192 0 0 111 187 56
192 0 0 112 80 33
192 0 0 109 199 100
192 0 0 110 150 87
192 0 0 105 194 2
192 0 0 107 143 69
192 0 0 105 113 151
192 0 0 108 29 104
192 0 0 108 132 9
192 0 0 108 56 111
192 0 0 106 16 66
192 0 0 108 219 30
192 0 0 109 140 208
192 0 0 109 185 254
192 0 0 108 97 46
192 0 0 108 173 236
192 0 0 107 201 151
192 0 0 108 154 189
192 0 0 107 253 123
192 0 0 108 32 173
192 0 0 108 33 66
192 0 0 107 179 242
192 0 0 107 76 8
192 0 0 107 60 142
192 0 0 107 203 231
192 0 0 109 148 189
192 0 0 109 182 178
192 0 0 108 154 11
192 0 0 109 199 183
192 0 0 108 113 179
192 0 0 108 166 146
192 0 0 107 164 196
192 0 0 109 2 88
192 0 0 107 22 70
192 0 0 108 244 106
192 0 0 109 100 45
192 0 0 110 13 33
192 0 0 109 206 231
192 0 0 109 235 239
192 0 0 109 6 242
192 0 0 108 235 230
192 0 0 109 183 146
192 0 0 109 227 235
192 0 0 109 191 243
192 0 0 110 9 0
192 0 0 110 145 181
192 0 0 109 103 31
192 0 0 108 61 19
192 0 0 111 6 217
192 0 0 111 95 162
192 0 0 110 244 105
192 0 0 111 87 134
192 0 0 110 44 42
192 0 0 49 40 115
192 0 0 128 0 0
192 0 0 86 245 215
192 0 0 107 231 56
192 0 0 109 76 141
192 0 0 108 120 99
192 0 0 109 244 12
192 0 0 110 84 34
192 0 0 110 85 88
192 0 0 109 242 207
192 0 0 110 130 143
192 0 0 109 133 254
192 0 0 110 251 195
192 0 0 109 156 216
192 0 0 109 205 104
192 0 0 110 191 233
192 0 0 110 225 35
192 0 0 109 62 43
192 0 0 109 217 131
192 0 0 108 79 222
192 0 0 109 67 118
192 0 0 109 169 8
192 0 0 111 50 163
192 0 0 111 53 145
192 0 0 109 177 253
192 0 0 107 235 128
192 0 0 110 203 106
192 0 0 110 125 209
192 0 0 110 91 219
192 0 0 110 81 112
192 0 0 110 195 247
192 0 0 109 24 159
192 0 0 109 56 23
192 0 0 109 19 173
192 0 0 108 242 199
192 0 0 109 25 230
192 0 0 110 219 106
192 0 0 110 13 48
192 0 0 108 142 18
192 0 0 109 42 186
192 0 0 109 54 90
192 0 0 109 181 251
192 0 0 109 162 107
192 0 0 109 222 29
192 0 0 110 167 233
192 0 0 110 246 18
192 0 0 111 78 103
192 0 0 111 88 195
192 0 0 109 89 86
192 0 0 110 46 39
192 0 0 109 172 195
192 0 0 109 208 253
192 0 0 109 43 82
192 0 0 110 163 21
192 0 0 109 29 245
192 0 0 110 42 149
192 0 0 108 196 137
192 0 0 109 101 117
192 0 0 108 131 137
192 0 0 109 124 243
192 0 0 109 25 170
192 0 0 110 127 121
192 0 0 110 202 12
192 0 0 110 177 74
192 0 0 109 199 230
192 0 0 110 40 233
192 0 0 111 10 132
192 0 0 109 199 147
192 0 0 110 92 128
192 0 0 110 230 195
192 0 0 111 83 247
192 0 0 108 141 57
192 0 0 109 37 156
192 0 0 110 173 91
192 0 0 112 43 114
192 0 0 110 24 64
192 0 0 117 53 161
192 0 0 114 167 182
192 0 0 111 176 80
192 0 0 119 57 30
192 0 0 117 155 66
192 0 0 114 67 152
192 0 0 113 14 143
192 0 0 127 255 255
192 0 0 102 162 249
192 0 0 108 155 135
192 0 0 109 189 159
192 0 0 116 19 73
192 0 0 115 219 178
192 0 0 71 49 144
192 0 0 78 71 138
192 0 0 84 14 198
192 0 0 87 94 50
192 0 0 91 244 224
192 0 0 93 127 65
192 0 0 128 0 0