-0.059252925600000006
0.0425950734
0.1015021447
0.0106861513
-0.0067438382
-0.1015021568
-0.1015021568
-0.058858030000000006
-0.034833238
-0.0122840168
0.0933308937
0.1015021447
0.009008740400000001
-0.011665779400000001
-0.1015021568
-0.1015021568
-0.0299402884
-0.0054700954000000005
0.1015021447
0.0043884643000000004
-0.0838809026
-0.08163629210000001
0.0025950870000000003
0.1015021447
0.1015021447
0.0018460849
-0.027348359500000002
-0.1015021568
-0.1015021568
-0.023224147100000002
0.0682624404
0.1015021447
-0.0022897677
-0.1015021568
-0.0642253238
-0.020473575100000002
0.0211150324
0.1015021447
0.1015021447
2.10782e-05
-0.0498229237
-0.1015021568
-0.1007898177
-0.032391119200000006
0.0320464144
0.094943255
-0.0085251881
-0.1015021568
-0.0284479228
0.0424374588
0.1015021447
0.0812058346
0.007552299700000001
-0.014121522800000001
-0.1015021568
-0.0820563557
-0.024947308100000003
0.0011545941000000001
0.1015021447
0.0029655406000000002
-0.0870549867
-0.1015021568
-0.0134957471
0.1015021447
0.1015021447
0.0010048687000000001
-0.031087586200000003
-0.1015021568
-0.1015021568
-0.0350639124
0.0171284575
0.1015021447
0.0003964807
0.0001792978
-0.0032146312000000004
-0.1015021568
-0.0562100539
-0.0164880287
0.0781905388
0.1015021447
-0.006191969300000001
-0.1015021568
-0.09257394190000001
-0.014538513000000001
0.0861025715
0.0896279549
-0.0108082403
-0.1015021568
-0.0823889
0.0002140369
0.1015021447
0.005066524100000001
-0.1015021568
-0.0386867371
0.0071727469000000006
0.0020826036000000003
-0.1015021568
-0.0097358657
0.1015021447
-0.0021572364
-0.1015021568
-0.029818078400000003
-0.007326586300000001
0.0717151391
0.1015021447
-0.0044323026
-0.1015021568
-0.04862065560000001
-0.0044692439
0.1015021447
0.016007803900000003
-0.05883230540000001
-0.1015021568
-0.0432268991
-0.011585048200000002
0.08724611830000001
0.1015021447
-0.0001449217
-0.1015021568
-0.0381820703
0.1015021447
-0.0005177469
-0.0832139264
-0.0344271499
0.1015021447
-0.028959970600000003
-0.1015021568
-0.014886025
0.0651326423
0.0349230684
-0.0028942958
-0.1015021568
-0.0499141819
-0.005359525600000001
0.0728378134
0.1015021447
-0.0507303995
-0.10145569280000001
-0.0439002036
-0.0022084194000000002
0.0808598714
0.0912246104
-6.1952e-05
-0.1015021568
-0.039183901900000005
0.0025781107
0.1015021447
-0.0507510784
-0.0680114017
-0.0089359468
0.1015021447
-0.023462057300000002
-0.030945024
0.059405760700000004
0.0434868313
-0.0327871764
-0.0997959842
-0.027286129200000002
0.0228831933
0.1015021447
0.0283375345
-0.0437592507
-0.1015021568
-0.045307699800000004
0.030921126500000003
0.1015021447
-2.86649e-05
-0.0556070383
-0.1015021568
-0.0395720457
0.0014495195000000002
3.0855000000000004e-06
-0.0001390169
-0.1015021568
-0.0695294919
0.046769561300000005
0.0694041722
-0.019071100400000002
-0.0609685967
0.0979437283
-0.0012776148
-0.1015021568
-0.0123779491
0.061725984100000006
0.1015021447
4.8884e-05
-0.10074087320000001
-0.09287097270000001
-0.010488316300000002
0.0694051886
0.1015021447
-0.005421598600000001
-0.1015021568
-0.0825127556
-0.0090511509
0.0343221703
0.1015021447
0.013141217100000002
-0.1015021568
-0.1015021568
-0.0173052022
0.0047911281
0.0781058993
-0.1015021568
-0.1015021568
-0.0062432733
0.1015021447
-0.0224455
-0.1015021568
-0.0046233979
0.0998090038
0.045636432600000006
-0.0312665331
-0.1015021568
-0.047186733
-0.0029983195000000003
0.1015021447
0.1015021447
-0.0038743232000000003
-0.1015021568
-0.085131486
-0.008129009900000001
0.0716133297
0.1015021447
-2.4768700000000002e-05
-0.1015021568
-0.0754092449
-0.006805887
0.037583906800000004
0.08621815070000001
-0.1015021568
-0.031535842800000005
0.0083381705
0.06962060490000001
-0.0766731383
-0.0276565465
0.013885609100000001
0.1015021447
-0.0011953227
-0.08788426020000001
-0.1015021568
-0.023860256200000002
-0.0026821707
0.1015021447
0.0370646232
-0.035453508200000004
-0.1015021568
-0.020672632200000002
0.0268306368
0.1015021447
0.023528619400000002
-0.005133110400000001
-0.1015021568
-0.07830390370000001
-0.0062649202
0.0743776594
0.1014990592
-0.0578235163
-0.0320845899
-0.005102799900000001
0.08207553420000001
-0.00024720300000000004
-0.1015021568
0.0118535835
0.1015021447
-0.0007543261000000001
-0.1015021568
-0.05036937180000001
-0.0096046896
0.0175558053
0.1015021447
0.0007591540000000001
-0.0303362367
-0.1015021568
-0.0207954956
0.023729043800000002
0.1015021447
0.0295769617
-0.0036779765
-0.1015021568
-0.0817334672
-0.0062931011
0.0691586148
0.018420906900000002
-0.006771293100000001
-0.1015021568
0.0367839758
0.1015021447
0.0097640103
-0.1015021568
-0.012132536900000001
0.1015021447
0.0044990946000000006
-0.07453215220000001
-0.0528011814
-0.0023868581
0.014451284100000001
0.1015021447
0.0016246791000000002
-0.0859878756
-0.0960402047
-0.0216091843
0.0201497186
0.1015021447
0.0003954159
-0.034323888500000004
-0.1015021568
-0.039553617400000005
0.0009087463000000001
0.1015021447
0.1015021447
-0.0049059813
-0.1015021568
-0.004597879
0.1015021447
0.013968421500000001
-0.1015021568
-0.0033187517000000002
0.1015021447
-0.000229053
-0.1015021568
-0.0557942374
0.0123110361
0.08683792480000001
0.1015021447
-0.0007092657000000001
-0.07932508320000001
-0.0990318087
-0.0080036781
0.053331100900000004
0.1015021447
0.0008499161000000001
-0.1015021568
-0.089154615
-0.006320749600000001
0.0233825361
0.1015021447
0.030137881400000004
-0.0389975498
-0.1015021568
-0.016206280200000003
2.4768700000000002e-05
0.018919366400000002
-0.0496746261
-0.030887355400000004
0.0747216624
0.010203905800000001
-0.1015021568
-0.026936136700000002
0.0100234343
0.1015021447
0.0707109238
-0.0004113637
-0.1015021568
-0.1015021568
-0.0510063763
-0.008986343300000001
0.0145900469
0.0895261455
0.0533044567
-0.0245307051
-0.0930303781
-0.0067081674
0.0202054028
0.1015021447
0.0003947746
-0.09405494560000001
-0.08316991870000001
-0.0172527245
0.0261324305
0.1015021447
2.5325300000000003e-05
-0.1015021568
-0.0324286534
0.032423232600000004
0.1015021447
0.014084569400000002
-0.008542321700000001
-0.1015021568
-0.0025107984
0.038592332900000005
-0.0002281576
-0.1015021568
0.0450176023
0.062275384600000004
-0.0202780875
-0.09679074350000001
-0.0005198644
0.09206016380000001
0.1015021447
-0.0016946413
-0.08793942410000001
-0.0873093045
-0.0057313586
0.058161469300000004
0.1015021447
0.0001636525
-0.0971090945
-0.07731357920000001
-0.004411345400000001
0.0653742551
0.09997091390000001
-0.0063273562
-0.1015021568
-0.0299047386
0.07246464940000001
-0.00010409630000000001
-0.0593048709
-0.0578543471
0.07973689460000001
-0.016366544700000003
0.0016059725000000002
-0.008182177300000001
0.08739183860000001
0.0019701825
-0.0237334482
-0.1015021568
-0.042227983600000005
0.0006088357000000001
0.0943031166
0.039723937
-0.0325193671
-0.1015021568
-0.016290714
0.025516939800000003
0.10096155300000001
0.025769878200000002
-0.0423672667
-0.1015021568
-0.0316008198
0.0046694505
0.1015021447
-0.008183399400000001
-0.027046912200000002
-0.0019787856
0.1015021447
-0.0642869249
-0.023382487700000003
0.043759274900000006
0.0632769984
-0.019394351900000002
-0.0952673172
-0.0205326836
-3.5501400000000005e-05
0.08999401620000001
0.046389899600000006
-0.0275552937
-0.0856252386
-0.0051321545000000005
0.0568980841
0.1015021447
0.00018018110000000002
-0.0949910984
-0.1015021568
-0.0147620726
0.0278481863
0.1015021447
-1.58752e-05
-0.1015021568
-0.0020686886
0.1015021447
0.085245952
-0.1015021568
-0.0008755681000000001
0.07026973360000001
-0.0689393144
-0.0480800881
-6.4251000000000005e-06
0.1015021447
0.0019552511000000003
-0.023037105300000003
-0.1015021568
-0.0408471679
0.0011783948
0.09218067980000001
0.039785417100000005
-0.0314727776
-0.1015021568
-0.0348301525
0.0029608821000000002
0.09888923440000001
0.0256572756
-0.041330248300000004
-0.1015021568
-0.0122808103
0.030691916200000002
-4.54234e-05
-0.1015021568
-0.059831704900000005
0.008231109700000001
0.0078174954
-0.1015021568
-0.007424644700000001
0.08108015190000001
0.0033745569
-0.1015021568
-0.092508614
-0.0055206129
0.0167680348
0.1015021447
0.0010983896000000002
-0.0269783536
-0.1015021568
-0.0041386961
0.0557679441
0.1015021447
0.00017478450000000002
-0.0933901716
-0.1015021568
-0.0129550949
0.0275611259
0.096462168
-0.005997679600000001
-0.0634633384
0.033445162300000005
0.1015021447
-0.0101167979
-0.0230349515
0.0769130571
0.0053247381
-0.1015021568
-0.046179916200000004
0.00037432560000000005
0.0841121578
0.1015021447
-0.0010133871000000002
-0.1015021568
-0.0390635432
0.0195204702
0.0912294262
0.038723654200000006
-0.0312652384
-0.1015021568
-0.0138372938
0.0032191324
0.0626458624
0.10094278590000001
-0.0044555467
-0.1015021568
-0.0285419277
0.1015021447
-4.49999e-05
-0.1015021568
-0.0091950441
0.1015021447
-0.0623988893
-0.0991952192
6.259330000000001e-05
0.1015021447
0.0030482199000000003
-0.0728852091
-0.1015021568
-0.018522655800000003
0.0169543022
0.1015021447
0.0008111356
-0.0265529055
-0.0826605571
-0.0043005941
0.021897043300000002
0.1015021447
0.028125348900000003
-0.0032177288000000003
-0.1015021568
-0.030836341800000003
0.0042666415000000004
0.10056853290000001
-1.81621e-05
-0.1015021568
-0.0261995492
0.0331102585
0.08315239790000001
-0.1015021568
-0.007400735100000001
0.0391132863
0.06924940110000001
-0.0156738439
-0.1015021568
-0.044259658300000004
0.0005758874
0.0833710933
3.2549000000000004e-06
-0.022738078000000002
-0.1015021568
-0.0375417867
0.0016904910000000001
0.0901758066
0.0390937811
-0.0023632147
-0.1015021568
-0.0751804944
-0.0023624040000000002
0.09649457180000001
0.025722470400000003
-0.0960235551
-0.0012377574
0.1015021447
0.09023074060000001
-0.1015021568
-0.0005965542000000001
0.1015021447
-0.00020449000000000002
-0.1015021568
-0.0197516649
0.041933021900000006
0.1015021447
0.0033546282
-0.072236879
-0.08960186730000001
-0.0043878956
0.0481365346
0.1015021447
0.0010564631000000001
-0.08236218320000001
-0.1015021568
-0.014297626200000002
0.021644843
0.1015021447
0.00018344810000000002
-0.0914643356
-0.07021184720000001
0.0042577359
0.0195396245
-0.0453771296
-0.1015021568
0.0068748812
0.010929095100000001
0.0003964928
-0.0213803249
0.0388452592
0.1015021447
-0.0003775563
-0.1015021568
-0.0929972362
-0.0050684843
0.00017563150000000002
0.1015021447
0.0018685788000000001
-0.07709632370000001
-0.0369795844
0.0017077940000000001
0.0894777092
0.1015021447
-0.0022585497
-0.086771762
-0.07458577940000001
0.0032495276
0.09578823430000001
0.0247777871
-0.1015021568
-0.026810490300000003
0.0054361912
0.0890871091
-0.1015021568
-0.0005248254000000001
0.1015021447
0.0075762577
-0.06111988300000001
-0.0474708168
-0.0059350258
0.0121492591
0.07879486120000001
0.059274705600000005
-0.018793962
-0.1015021568
-0.039795544800000006
0.0011287243
0.0859063095
0.0438849576
-0.0015785539000000002
-0.0821695875
-0.07845511740000001
-0.0026482302
0.0545213779
0.1015021447
-0.003279947
-0.1015021568
-0.0017673865
0.0613265147
0.09338809040000001
-0.0455099876
-0.024420704
0.0683533598
0.0816311012
-0.010157599100000001
-0.0991526635
-0.006394341800000001
1.452e-07
0.1015021447
0.0048403993
-0.0157641341
-0.1015021568
-0.0174579163
0.014523738900000001
0.08236074330000001
0.051407721200000006
-0.0227097398
-0.1015021568
-0.035998722100000005
-0.0032325755000000003
0.0513002611
0.1015021447
0.00041195660000000004
-0.0865875395
-0.07288654010000001
0.0243044835
0.023951453900000003
-0.004482566
-0.1015021568
0.005572122600000001
0.08740087730000001
0.012194839800000001
-0.0506784179
-0.0538376069
-0.0003474152
0.07156704720000001
0.0071199909
-0.012668772600000001
-0.1015021568
-0.0180960824
0.00033285890000000004
0.0787664383
0.059348636600000004
-0.0189426831
-0.1015021568
-0.0379460235
0.0012090078
0.048022770400000005
0.1015021447
-0.0016212669000000002
-0.0820162926
-0.0766594169
0.0025226322
0.1015021447
-0.0033292666
-0.09080736610000001
-0.027103056200000003
0.0613078686
-1.9602e-05
-0.09814421320000001
-0.057073449400000004
-0.0005515180000000001
0.0003964807
0.009415179400000001
-0.05611364110000001
-0.09781528680000001
-0.019510681300000002
0.010583337600000001
0.1015021447
0.06356795500000001
-0.0157478354
-0.1015021568
-0.041344284300000006
0.0007610537000000001
0.045237786
0.1015021447
-0.0507510784
-0.1015021568
-0.0348778749
0.0018512153000000001
0.1015021447
-0.031101670600000002
-0.1015021568
-0.0113153755
1.5367e-06
-0.0405281272
-0.025165507400000002
0.0057820576
0.1015021447
-0.0080347509
-0.1015021568
-0.05313049500000001
-0.00027087060000000003
0.0721355052
0.07020290530000001
-0.012881466400000001
-0.1015021568
-0.0450276332
0.0003490003
0.0790451134
0.054255722400000005
-0.0006723849
-0.1015021568
-0.037811943400000006
0.0012425611000000001
0.0858362384
0.1015021447
-0.026801391100000002
-0.0123844226
0.0221929972
0.1015021447
-0.0357288074
-0.0099836374
0.09811529420000001
-2.17074e-05
-0.09765710350000001
-0.022843493200000002
0.0071422549000000005
0.0682587136
0.1015021447
-0.00011214280000000001
-0.1015021568
-0.048243982600000006
-0.0054054814
0.07522135610000001
0.0623333073
-0.0156998347
-0.1015021568
-0.015858731900000003
0.0007933244
0.0821774041
0.04890391660000001
-0.022572053900000003
-0.1015021568
-0.013153619600000001
0.1015021447
0.0003788873
-0.0856348702
-0.010698094
0.1015021447
-0.0401009851
-0.061426763200000005
-0.0007460255
0.1000339791
0.0129038393
-0.007875684300000001
-0.10027221600000001
-0.052140206800000005
-0.00018164520000000001
0.0710532086
0.07201767540000001
-0.012602029
-0.1015021568
-0.0169024779
0.0121612986
0.07785875680000001
0.056759224500000004
-0.0006542954000000001
-0.1015021568
-0.0138566538
0.016761476600000002
0.1015021447
-0.0263030889
-0.0755538641
-0.0018277292000000002
0.09139586170000001
-0.0032746109
-0.1015021568
-0.008935329700000001
0.0043142913
0.1015021447
-1.7303e-05
-0.1015021568
-0.021832695500000002
0.0068914098000000005
0.1015021447
0.0098666546
-0.010019647000000001
-0.1015021568
-0.047549442600000005
0.00012545280000000002
0.07409293430000001
0.1015021447
-0.0003839693
-0.0656700033
-0.08910067320000001
-0.0034116434000000004
0.0442565486
0.1015021447
0.0017787726
-0.0801522392
0.0017587108000000002
0.050538336200000006
0.00041966430000000003
-0.1015021568
-0.0013196502000000002
0.024010272000000003
0.1015021447
2.5906100000000003e-05
-0.1015021568
-0.023787861900000002
0.0054147379
0.09928161320000001
0.0858854854
-0.007651919000000001
-0.1015021568
-0.0201767137
0.008397605700000001
0.1015021447
0.0724692353
-0.0124057186
-0.1015021568
-0.0928795879
-0.004165207200000001
0.0411260971
0.1015021447
0.0031356787
-0.1015021568
-0.0027948701
0.0470425857
0.1015021447
-0.08016660190000001
-0.0116502067
0.0532929133
0.030059291900000003
0.0017824873
-0.06596518280000001
-0.0009840083
0.0263906445
0.09636905850000001
0.018462095300000002
-0.005879946600000001
-0.1015021568
-0.021774240400000002
0.006733601600000001
0.06655503360000001
0.07979814480000001
-0.0098197792
-0.1015021568
-0.0965552654
-0.0051749038
0.037844407700000006
0.1015021447
-0.0003614512
-0.1015021568
-0.015550665900000002
0.0806309273
0.1015021447
-0.0009666448000000001
-0.08104756660000001
0.0185236964
0.1015021447
-0.0021600436
-0.1015021568
-0.0106900959
0.0236756223
0.09344475470000001
0.09545681530000001
-0.038846735400000006
-0.1015021568
-0.0247062398
0.005335858000000001
0.0988812726
0.0839834138
-0.007432630700000001
-0.09890800150000001
-0.0527762191
-0.006519455800000001
0.0349762116
0.1015021447
3.0855000000000004e-06
-0.0594285208
-0.09367060120000001
0.00030907030000000004
0.1015021447
-0.0006004988
-0.1015021568
0.0161703553
0.0426414648
-0.0795868062
-0.031354475900000005
0.0209999009
0.10006952890000001
0.0001773981
-0.08834230570000001
-0.1015021568
-0.009345314
0.026214008700000003
0.1015021447
-1.4157e-05
-0.09565100820000001
-0.0566652922
-0.00046177230000000004
0.0663313167
0.1015021447
-9.25045e-05
-0.1014124837
-0.0480725014
4.59074e-05
0.0732716831
-0.0003453098
-0.0891819489
-0.015495719800000002
0.013737638200000001
0.0018297257000000002
-0.1015021568
0.0180560193
0.1015021447
-0.0020869959
-0.1015021568
-0.028152537600000003
0.003036495
0.055831565900000005
0.09718341270000001
-0.004154051000000001
-0.1015021568
-0.023608213200000002
-0.0006375127
0.0625320498
0.08699293790000001
-0.007352226200000001
-0.1015021568
-0.051830059600000006
-0.0001261667
0.1015021447
0.0080197348
-0.058909067800000006
-0.0438013708
0.0398872628
0.1015021447
-0.0005808605
-0.036322869
0.0463117336
0.0011224686000000002
-0.07892316960000001
-0.0303398546
0.0202624664
0.1015021447
0.0318394076
-0.033579774800000003
-0.1015021568
-0.0082089667
0.025528410600000002
0.1015021447
-4.4407000000000005e-06
-0.0950242403
-0.05581172190000001
-0.006015418200000001
0.030865986800000002
0.0999549903
0.011551059300000001
-0.0531671217
-0.1015021568
-0.017165398800000002
0.009317726
0.0058914174000000005
-0.1015021568
-0.0396014124
0.042470806400000005
-0.0507510784
-0.1015021568
-0.0795629934
-0.0113821917
0.048510606100000006
0.1015021447
-0.0020042198
-0.1015021568
-0.027486771400000002
0.0028578748
0.0549018624
0.09790585530000001
2.5168e-06
-0.1015021568
-0.022820055500000002
0.004928983400000001
0.06153780490000001
0.08833963160000001
-3.57676e-05
-0.09803426050000001
-0.051198052400000006
-3.9373400000000005e-05
0.0335567848
0.0765179316
-0.0580606279
-0.043407854600000004
-0.0036280277
0.0751363173
-0.0005338036
-0.0363811547
0.0010256081000000002
0.1015021447
0.0012740816
-0.07797410610000001
-0.1015021568
-0.0302825369
0.0020618642
0.0884528876
0.10120506550000001
-0.0027624058
-0.1015021568
-0.025046334500000003
-0.0007342764000000001
0.0581170744
0.1013039104
-2.1417e-06
-0.0420935042
-0.1015021568
-0.0002879921
0.0648310861
0.1015021447
9.907480000000001e-05
-0.1015021568
0.00011714010000000001
0.0363415756
0.0681370844
-0.1015021568
-0.014473003600000001
0.042372469700000005
0.1015021447
-0.0202998554
-0.1015021568
-0.0118991158
0.0014971088
0.08550185490000001
0.0371340167
-0.0019037898000000002
-0.1015021568
-0.0283307343
-0.0012587872
0.055183683500000004
0.09569114390000001
4.6681800000000004e-05
-0.0370027922
-0.1015021568
-0.007656613800000001
0.0280608801
0.0972635631
0.013587162600000001
-0.006803297600000001
-0.0199498629
0.033689231400000005
0.1015021447
-0.0111878536
-0.0434760744
0.0393660553
0.1015021447
-0.0169157274
-0.1015021568
-0.0130480713
0.0010442784
0.0455798046
0.1015021447
0.0010466863000000001
-0.0776434373
-0.1015021568
-0.0104142159
0.0200987655
0.00019334590000000002
0.000200618
-0.08659581590000001
-0.1015021568
-0.025116623400000003
0.0037910389000000004
0.09447508180000001
0.0191352909
-0.0051891092
-0.1015021568
-0.0002776224
0.09946740870000001
0.010929760600000001
-0.053923020800000006
-0.0041869146
0.1015021447
-0.013868487600000002
-0.0882415732
0.0006987629
0.1015021447
0.0018427816000000001
-0.020378323900000002
-0.1015021568
-0.0331834877
0.0015561447000000002
0.08571964280000001
0.0348379086
-0.028115523700000002
-0.1015021568
-0.028011100700000003
0.0029584258
0.0553979624
0.09399114230000001
-0.0038414959
-0.1015021568
-0.007473758600000001
0.028361964400000002
0.08449489290000001
-0.09700818050000001
-0.0524111016
0.007774286300000001
0.0705107898
-0.1015021568
-0.0168259212
0.00034080860000000005
0.0760454024
0.0025220514
-0.1015021568
-0.0374883773
0.015514898300000001
0.1015021447
0.0008172219
-0.0237880434
-0.1015021568
-0.0116669773
0.0202954026
0.1015021447
0.0001467851
-0.0321217974
-0.1015021568
-0.0267024857
0.0255827396
0.1015021447
-1.03576e-05
-0.0413302846
-0.0234278022
0.10002414180000001
0.07349526690000001
-0.09930323590000001
-0.0062913103
0.1015021447
-0.0002757227
-0.1015021568
-0.016723313200000003
0.0431835932
0.1015021447
0.045207221400000004
-0.0007922838
-0.1015021568
-0.0354763893
0.0179928694
0.1015021447
0.00032290060000000003
-0.0810079996
-0.101496736
-0.011434197500000002
0.022929826700000003
0.09207516780000001
0.020046554
-0.0362843547
-0.1015021568
-0.0091534927
0.0974702795
-0.006528192
-0.09629344560000001
-0.022008290700000002
0.034286668900000004
-0.00013232560000000002
-0.1015021568
-0.0059988896000000005
0.040661396600000003
0.048746725500000004
-0.0004536653
-0.06598390150000001
-0.1015021568
-0.0171306355
0.0015364096
0.0835073514
0.0332764641
-0.0229434271
-0.1015021568
-0.0349838467
0.0020777757000000003
0.0532306951
0.1015021447
2.88706e-05
-0.0847595804
-0.0696278528
-0.0020528981
0.0596510519
0.0828470423
-0.0928514675
-0.058646086400000005
-0.0007658816
0.1015021447
-0.0083533197
-0.09702205920000001
3.0008e-06
0.0092995639
0.1015021447
-0.0002574154
-0.1015021568
-0.0160060131
0.0005808121
0.0790987164
0.045854837600000004
-0.0195232532
-0.1015021568
-0.0349573477
0.0014710938000000002
0.048814279800000006
0.1005043303
0.0003825173
-0.08089925690000001
-0.1015021568
-0.011242557700000001
0.022780645800000002
0.0918822333
0.020311277800000003
-0.1015021568
-0.0008790287
0.061588516
0.0123352966
-0.1015021568
-0.0057157859
0.0681505033
0.0709309986
-0.010855527100000002
-0.1015021568
-0.0434561336
-0.0036109062
0.0391537608
0.1015021447
0.0031682761000000003
-0.06695937930000001
-0.0838689236
-0.0020149525
0.044829411
0.1015021447
0.0012157354
-0.0236511803
-0.1015021568
-0.0292390813
0.019554943100000003
0.08754434700000001
0.0322105509
-0.0026550425
-0.023511873000000003
0.024794182600000002
0.0935483428
2.4805000000000002e-06
-0.10060929780000001
0.0058648216
0.0833256941
-0.0086994281
-0.1015021568
-0.005028832600000001
0.010546831900000001
0.0765020322
0.1015021447
-0.00023659130000000002
-0.0584771825
-0.0980126015
-0.0177754808
0.0482625319
0.1015021447
-1.2584e-06
-0.0183122247
-0.1015021568
-0.050239417800000005
-0.0105033929
0.0922840864
0.0132466565
-0.025644861
-0.1015021568
-0.013650373
0.1015021447
0.0072546639000000005
-0.0346154017
-0.0201344242
0.1004600806
-0.0062627906
-0.1015021568
-0.015080786600000002
0.0736491063
0.046432685200000004
-0.0104121226
-0.1015021568
-0.0512557452
-0.0020210388
0.07877511400000001
0.0368981877
-0.0160793391
-0.1015021568
-0.041756628100000005
0.0007345789
0.0831010939
0.0345178757
-0.0012513094
-0.1015021568
-0.028762329200000002
0.0020806192
0.0874731385
-0.0028015856000000003
-0.0588026846
-5.74387e-05
0.0893129193
-0.0441956977
-0.0107047006
0.032264250700000004
0.1015021447
-0.0085657352
-0.1015021568
-0.0193629887
-2.7902600000000003e-05
0.0722717875
0.1015021447
-0.0003008907
-0.1015021568
-0.037162814700000005
0.0006965486000000001
0.0777098784
0.0557494311
-0.020794600200000003
-0.1015021568
-0.028151630100000002
0.0013962432
0.08298258650000001
0.0470244599
2.6499000000000002e-06
-0.0624080974
0.020368123600000003
0.1015021447
0.0005272091000000001
-0.048978065400000007
0.055357621
0.0001862795
-0.0992832104
-0.0049582412000000005
0.006063781900000001
0.0971022338
0.0927461128
-0.012023878900000002
-0.1015021568
-0.0070706713
0.0097965351
0.1015021447
0.0751462393
-0.017942472900000003
-0.1015021568
-0.0062397522
0.0008823441000000001
0.078222628
0.0587081594
-0.025290887600000003
-0.1015021568
-0.0048322076
0.049239352800000004
0.0008009716
-0.0875356713
-0.1015021568
0.0034516823000000003
0.09901803890000001
-0.043263913
-0.1015021568
-0.015473322700000002
0.005678275900000001
0.1015021447
-8.31149e-05
-0.1003762034
-0.041356541600000005
0.00023447380000000002
0.0690974251
0.0769907149
-0.00031952470000000003
-0.1015021568
-0.0843543756
-0.0011004103000000001
0.0406548263
0.1015021447
0.0039702883
-0.0209636251
-0.1015021568
-0.027586572200000003
0.0013857041
0.0825926277
-0.0287664795
-0.06630244610000001
-0.0062689616
0.08958007520000001
0.00022184140000000002
-0.1015021568
-0.00015601740000000002
0.0597007224
0.0925545698
-0.007080351300000001
-0.0974742241
-0.09661274040000001
-0.0030595939
0.032766751600000005
0.10027099390000001
0.010618718000000001
-0.057989116900000005
-0.09025627160000001
-0.0024015233
0.0388152391
0.1015021447
0.004656539800000001
-0.017369913
-0.1015021568
-0.011319562100000001
0.0010777833
0.08100320800000001
0.0497112891
-0.1015021568
-0.027723701500000003
0.0022058784000000002
0.1015021447
-0.033270317300000005
-0.0064943967
0.0250390987
0.0951433527
-0.0054394824
-0.1015021568
-0.0534290262
-0.0046823612
0.030458313600000002
0.1015021447
0.013122558900000001
-0.053041789900000004
-0.0938990492
-0.0030520919
0.0092135813
0.1015021447
0.0704197978
-0.014406030100000002
-0.1015021568
-0.0369038142
0.0007122786000000001
0.0777938403
0.056068980000000004
-0.0008874140000000001
-0.0773093079
0.0173461123
0.08402797810000001
0.0009302964000000001
-0.1015021568
-0.0006270462000000001
0.0910204834
0.1015021447
9.68968e-05
-0.0906932631
-0.0210686894
0.0280520834
0.1015021447
0.0162160812
-0.047589796100000005
-0.09758627010000001
-0.0179535081
0.0078702272
0.10123869140000001
0.007811082400000001
-0.011576735500000001
-0.1015021568
-0.041505274800000005
-0.0030960149
0.040012969700000005
-0.0029118166
0.1015021447
0.0006751316
-0.1015021568
0.0024482414
0.09293700240000001
-0.0323840649
-0.0688562842
-0.0024515084
0.1015021447
0.009314192800000001
-0.0050367702
-0.09234200910000001
-0.0647667504
-0.005887811600000001
0.0697878269
0.056162900200000004
-0.008637706
-0.1015021568
-0.0247282376
0.009059270000000001
0.075193756
0.046975200800000005
-0.013850615900000002
-0.10150070480000001
-0.0424657607
0.014003245300000002
0.1015021447
-0.07291603990000001
-0.07903912390000001
-0.011888056400000001
0.08573002460000001
-0.028786771200000002
-0.025550481000000003
0.022882116400000003
0.09661258310000001
-0.0039892127000000005
-0.1015021568
-0.0206834496
-0.0002603436
0.061407717800000004
0.08839538840000001
-0.0071130334000000005
-0.09741959260000001
-0.0478555484
7.515310000000001e-05
0.0683120504
0.0755556186
-0.00016769390000000002
-0.1015021568
-0.039877401300000004
0.00047626810000000005
0.0755461806
0.0035664266000000003
-0.0686781964
-0.0112701699
0.0459926082
0.1015021447
-0.0244433068
-0.009482891
0.0891327019
0.0282631316
-0.0868018789
-0.023796247200000002
0.0261530973
0.0949750538
0.08923089340000001
-0.005264480100000001
-0.1015021568
-0.027916152000000003
0.0045449899
0.10052573520000001
0.005290168400000001
-0.0091001317
-0.1015021568
-0.0167854588
0.0094584369
0.0714441838
0.0678705456
-0.0003216059
-0.1015021568
-0.0361618301
0.043724789900000005
-0.0008640489000000001
-0.1015021568
-0.032087009900000005
0.0186070654
0.0312752814
-0.08243801390000001
-0.0268567728
0.0031742293000000003
0.0924665665
0.020486098600000002
-0.0039759874
-0.0905316676
-0.05853840850000001
-0.0004049507
0.06256536110000001
0.08167994890000001
-0.0071083144
-0.1015021568
-0.0169994231
5.74629e-05
0.0341839278
0.1015021447
0.007187242700000001
-0.058290600500000005
-0.09010937760000001
-0.0145213673
0.0117228672
0.054498339500000006
-0.0682623799
-0.0825642169
-0.0024214641000000004
0.1015021447
-0.0777158921
-0.030603126400000003
0.0024671053000000004
0.1015021447
2.01344e-05
-0.0326348253
-0.1015021568
-0.0267653573
-0.0014550976
0.060811054700000006
0.0801011288
-0.0051934047
-0.09342349500000001
-0.0578535364
-0.0009989397000000001
0.033131748100000004
0.1015021447
0.0040965881
-0.051539248200000005
-0.0968810216
-0.008009788600000001
0.010558774600000001
0.1015021447
-0.0002811072
-0.09000369620000001
-0.006006948200000001
0.0451115225
0.0003033833
-0.1015021568
-0.0024809235
0.049971717400000004
0.0988973414
-0.0286806421
-0.1015021568
-0.024673013200000003
-0.0005614763000000001
0.0549400379
0.09641307830000001
-0.004023431500000001
-0.09117773500000001
-0.0544442646
-0.0253755392
0.027595961800000002
0.1015021447
0.017978155800000003
-0.048508282900000005
-0.1015021568
-0.0137272806
0.00013105510000000002
0.06718760950000001
0.07970781830000001
-0.011786634200000002
-0.010643377800000001
0.010910001300000001
0.1015021447
-0.0005517116000000001
-0.0785858095
0.0010506551
0.044956945000000005
0.1015013824
-0.0013829211
-0.1015021568
-0.006514470600000001
0.0200079913
0.08784874670000001
0.0344169859
-0.033655254600000004
-0.1015021568
-0.0201496944
0.0038134844000000004
0.09377929550000001
0.0213980998
-0.005456833800000001
1.5488e-06
-0.050238437700000006
4.4528e-06
0.06512504350000001
0.1015021447
-8.133620000000001e-05
-0.10012504370000001
-0.0024341691
0.036707358600000004
0.1015021447
-0.0143964832
-0.035339865000000005
0.0427667361
0.1015021447
0.0021634921
-0.1015021568
-0.0289988116
0.0016210249
0.0854604729
0.0376220702
-0.029050055100000003
-0.1015021568
-0.006898052700000001
0.023014248400000003
0.1015021447
6.792940000000001e-05
-0.09097573760000001
-0.10137153730000001
-0.0051055587
0.0285565324
0.1015021447
-0.0071907638000000005
-0.1015021568
-0.016188783600000003
0.0685020204
0.0081785594
-0.0116819934
-0.0133994069
0.0753356527
-0.0005489286000000001
-0.1015021568
-0.010895517600000001
0.045943712100000006
0.1015021447
-0.001376496
-0.0784579004
-0.0712756308
-0.0008388204
0.051920192500000004
0.09942384870000001
-0.00289674
-0.1015021568
-0.022449311500000003
0.0039594588
0.058409144200000006
0.1015021447
7.623000000000001e-07
-0.09434864890000001
-0.0521840209
-9.579570000000001e-05
0.06512163130000001
-0.009224906900000001
-0.09297946130000001
-0.0031203722000000002
0.1015021447
-0.014406865000000001
-0.0367853189
0.013457704700000002
0.1015021447
-0.0008825982
-0.1015021568
-0.0305317122
-0.0013539658
0.0487038673
0.1015021447
0.0006260782
-0.0826470656
-0.0676639502
-0.0008142695
0.0550747472
0.1015021447
7.28904e-05
-0.037954021600000006
-0.1015021568
-0.0216480132
0.005058574400000001
0.09650509880000001
0.0865040616
-0.0070496536000000005
-0.017958057700000002
0.007813550800000001
0.06814337640000001
-0.00016226100000000002
-0.1015021568
0.011202966500000001
0.1015021447
-0.0005282497000000001
-0.1015021568
-0.0113534784
0.0010255476000000001
0.044604242100000004
0.1015021447
0.0016704534
-0.07788790570000001
-0.1015021568
-0.009722083800000001
0.0202177327
0.1015021447
0.032249113600000004
-0.0327824211
-0.1015021568
-0.0640354627
-0.0007562984
0.057817321100000006
0.0212576672
-0.005154116
-0.1015021568
-0.00021936090000000002
0.09816383940000001
0.0843507456
-0.0527380678
-0.0154835109
0.0708930893
0.0065058796
-0.0626323225
-0.0868394494
-0.0027867631000000003
0.0419689831
0.1015021447
0.0026696835
-0.07262441780000001
-0.1013286912
-0.0115329456
0.0175069092
0.1015021447
0.041087352900000006
-0.028153045800000002
-0.1015021568
-0.0274714286
-0.0012619574
0.054621094
0.0964227946
8.90681e-05
-0.08969919970000001
-0.0609521286
0.0049925326
0.08679395340000001
-0.006857263600000001
-0.09844362770000001
0.007758495800000001
0.07351979360000001
-0.0109789229
-0.0922231629
-0.0046330779
0.0396959739
0.1015021447
0.0032603571000000002
-0.0168092716
-0.1015021568
-0.014380027200000001
0.0010345016000000002
0.08184311740000001
0.042558712900000004
-0.023737731600000003
-0.1015021568
-0.0313321877
0.0021645448000000003
0.05180836430000001
0.098109099
0.00021354080000000002
-0.0857355543
-0.1015021568
-0.009694786200000001
0.093904107
-4.598000000000001e-06
-0.09314559430000001
-0.0568408269
0.030979448500000003
0.010600483300000001
-0.0989925442
-0.0188110714
0.0094370683
-0.0253755392
0.005111161
-0.013685922800000002
-0.1015021568
-0.0403990081
0.0005938196000000001
0.0782101045
0.1015021447
-0.0008050977000000001
-0.07213820350000001
-0.07964400290000001
-0.0024745468
0.0175279269
0.1015021447
0.0381387402
-0.0278543815
-0.1015021568
-0.010087600600000001
0.022559361
0.1015021447
-0.0367828142
1.3310000000000002e-07
-0.007806569100000001
0.060937015700000007
-2.93062e-05
-0.09830717600000001
-0.0197899372
-0.00023665180000000002
0.10046562240000001
0.0084631514
-0.056809245900000006
-0.09175035540000001
-0.0039823883000000004
0.0740208546
0.1015021447
-0.00047966820000000006
-0.0670220936
-0.08387855520000001
-0.0026953597000000003
0.044937560800000005
0.1015021447
0.0014738526
-0.0237002337
-0.1015021568
-0.0304315726
0.0020945463
0.0511131588
0.0330842193
-0.1015021568
-0.025407047600000003
0.003818034
0.09261837310000001
-0.0929124515
-0.0064470252
0.0637930029
0.0828097259
-0.0085675744
-0.1015021568
-0.0477568245
-0.0049799849000000005
0.0358871843
0.1015021447
-0.0002675431
-0.061662628500000004
-0.0883988611
-0.0035916067
0.0128155335
0.1015021447
0.0025225112000000004
-0.0716158586
-0.1015021568
-0.013050479200000001
0.0014957052
0.08482881660000001
0.036677265900000006
-0.0017670477000000001
8.4095e-05
0.022961371400000003
0.0914599796
2.6910400000000002e-05
-0.1015021568
-0.0022007964000000002
0.097603198
-2.74307e-05
-0.09512960710000001
-0.0257096565
-0.0026571479
0.0349570089
0.1015021447
0.0033989263
-0.055247196400000004
-0.0952676197
-0.022240840600000002
0.0109796126
0.1015021447
0.043550840300000004
-0.0157895441
-0.1015021568
-0.043838517800000004
-0.0080793636
0.0475039224
0.09740864210000001
9.427110000000001e-05
-0.1015021568
-0.018130228600000003
0.1015021447
0.014848805400000002
-0.030410070900000002
-0.034599913700000005
0.06149556380000001
0.0734669045
-0.039127334400000005
-0.1015021568
-0.0083501011
0.0320121956
0.10098624910000001
0.0576054017
-0.0080293301
-0.1015021568
-0.025076027900000002
0.0081314178
0.1015021447
0.053890629100000004
-0.0132629552
-0.1015021568
-0.0417163714
-0.0044196823
0.042118418100000006
0.1015021447
0.0020977528000000003
-0.0717606472
-0.1015021568
-0.0022203500000000003
0.1015021447
0.0007766748
-0.08123516500000001
-0.0096848521
0.0901208
-0.0036282455
0.0507510784
-0.0087370107
0.027795273000000002
0.1015021447
0.014942907100000001
-0.0065422522
-0.1015021568
-0.0211296371
-0.0004458487
0.06747375030000001
0.07460068660000001
-0.010725440000000001
-0.10125206190000001
-0.044022244200000005
0.0002538338
0.0387837186
0.1015021447
-0.00046935900000000003
-0.06686202270000001
-0.08375521990000001
-0.012998933200000002
0.0440738991
0.0019083878000000002
-0.0771278442
-0.0126877696
0.0019544525
0.1015021447
-0.0325165357
-0.1015021568
-0.0224970702
0.0034478224000000003
0.1015021447
0.0015465131
-0.09340189650000001
-0.054349521600000006
-0.0002160576
0.0292810441
0.1015021447
-6.71187e-05
-0.0991633236
-0.0950218929
-0.004480799400000001
0.008889010900000001
0.1015021447
0.07260650980000001
-0.013641201200000001
-0.1015021568
-0.0390080768
0.0006109169000000001
0.0766776879
-0.0007900332000000001
-0.07903599
-0.011532255900000002
0.047393715600000004
0.0009321719000000001
-0.1015021568
-0.0097685236
0.0543076798
0.095657881
-0.0035912195000000003
-0.08882868940000001
-0.1015021568
-0.011817114100000001
0.0287742598
0.09741757190000001
-2.77937e-05
-0.045236176700000005
-0.059406886000000006
-0.0127279537
0.036177511700000005
0.1015021447
0.0015827768000000002
-0.010139146600000001
-0.09987678800000001
-0.056179380400000006
-0.007153979800000001
0.0771020349
0.1015021447
-0.0667343677
-0.0148609901
0.0009235809000000001
0.1015021447
-0.023767533900000002
-0.011201260400000001
0.0511286831
0.1006408304
-0.0026815052000000003
-0.1015021568
-0.0250883699
-0.0009022002000000001
0.024708950200000003
0.09313435340000001
0.1015021447
0.0218318969
-0.0050651205
-0.0932790936
-0.055558638300000004
-0.0003685297
0.0638408463
0.0832570024
-0.008725854500000001
-0.1015021568
-0.0172554712
0.009108662200000001
0.0706217589
0.0706900876
-0.013688233900000001
-0.1015021568
-0.0393242014
0.0006226781
0.041696249100000006
0.1015021447
-0.1015021568
-0.0020420444
0.0172150451
0.0415060129
-0.1015021568
-0.0011532994000000001
0.1015021447
0.0001222463
-0.08967391070000001
-0.022575671800000002
-0.0005468595000000001
0.0603300313
0.0895440051
-0.006700859000000001
-0.0965158073
-0.0505750234
-0.00012044340000000001
0.0668818909
0.07821616660000001
-0.0001448975
-0.1015021568
-0.09096724340000001
-0.0033731654
0.0385219714
0.0649154836
-0.016785107900000002
-0.1015021568
0.0009990486
0.1015021447
-0.0012580007
-0.1015021568
-0.0011955526
0.1015021447
-0.0027070967000000002
-0.1015021568
-0.0006448574
0.0569192712
0.0949792041
-0.0051109795000000005
-0.0934821316
-0.0542176679
-0.00023644610000000003
0.06352643990000001
0.0851452074
-7.03978e-05
-0.09930075540000001
-0.0457282716
0.0001400212
0.0702298883
0.1015021447
-0.0002836361
-0.062427421100000005
-0.08647239590000001
0.0006418566
0.1015021447
-0.0726325369
-0.0773559776
-0.0012976887
0.1015021447
-0.0822329552
-0.0072944729000000005
0.021480174100000003
0.1009671069
-0.0374955526
-0.1015021568
-0.056726941700000005
-0.0001657216
0.058920175600000006
0.1015021447
-1.9686700000000002e-05
-0.1015021568
-0.015989508700000002
0.0072230829
0.0997295794
0.0814413127
-0.011240887900000001
-0.1015021568
-0.040782553900000004
0.0003832554
0.0734690704
0.0659937993
-0.0170338113
-0.0120190147
0.014767420800000002
0.1015021447
-0.0775035129
-0.0097572101
0.0868800207
0.00046217160000000003
-0.1015021568
-0.0242988207
0.0037054072
0.057101957
0.0948841344
-0.005157951700000001
-0.1015021568
-0.0208193931
-0.00035339260000000005
0.0639435269
0.012743671600000001
-0.0088368236
-0.1015021568
-0.046687862100000005
7.723430000000001e-05
0.0707873353
0.0699756673
-0.0138107222
-0.1015021568
-0.0030645428000000002
0.1015021447
-0.0008189159
-0.07251653420000001
-0.0020878066
0.1015021447
-0.0019176322000000001
-0.1015021568
-0.027836655000000002
0.0029527025000000004
0.1015021447
-0.0038027396
-0.1015021568
-0.0238841779
0.0049682358
0.0964077301
0.014370734400000001
-0.0470549882
-0.098152296
-0.020158043400000002
0.0077811833
0.10088829960000001
0.0075210333
-0.0111637383
-0.1015021568
-0.017281449900000002
0.0113405677
0.1015021447
-0.067367597
-0.0144076636
0.0010262857
0.1015021447
-0.0772101726
-0.0020653127
0.0878139834
0.032006799
-0.086007889
-0.06551232820000001
-0.0011187418
0.0254034781
0.1015021447
0.0207610953
-0.0420709982
-0.10064161690000001
-0.0005147461
0.0641533893
0.0818424519
-0.008809683300000001
-0.0992808993
-0.046952343900000006
-0.004757284400000001
0.0360889397
0.1015021447
-0.0002854995
-0.1015021568
-0.014323302400000001
0.07780169320000001
0.054173152
-0.1015021568
0.0014796848
0.1015021447
-0.0281335527
-0.1015021568
-0.0013877369000000002
0.0545514948
0.09670462780000001
7.71133e-05
-0.0899244049
-0.0601993513
-0.0007165741
0.0611363269
0.0864714037
-0.006838436000000001
-0.1015021568
-0.051128707300000006
-0.0002012956
0.06756030160000001
0.1015021447
-0.0001530166
-0.0573217535
-0.09146325870000001
-0.0041870477
0.0743170263
-0.0005006859
-0.1015021568
-0.0833481638
0.015207328400000001
0.046269311
-0.07738449730000001
-0.0294158381
0.0021395099000000002
0.1015021447
0.0002752629
-0.0325823597
-0.1015021568
-0.0077390874000000005
0.025054719800000003
0.1015021447
5.4813e-06
-0.0420736239
-0.0998621107
-0.005453397400000001
0.030151965800000003
0.0983302144
0.012685761
-0.0088224488
-0.1015021568
-0.016401816200000002
0.000142175
0.1015021447
-0.013761765600000002
-0.013367136200000001
0.0128911948
0.1015021447
-0.0202205157
-0.0112527096
0.0479793193
0.1015021447
-0.0279544606
-0.1015021568
-0.0091477936
0.0028503123000000003
0.09050228880000001
0.026762368600000003
-0.0371323832
-0.1015021568
-0.0066879967000000005
0.0277027564
0.1015021447
-3.0939700000000005e-05
-0.0470580737
-0.1015021568
-0.0184753206
0.0076276948
0.10036536180000001
0.0088127325
-0.057297359900000004
-0.0155188066
0.0742904063
0.0615773598
-0.06759845290000001
-0.0022444411000000003
0.1015021447
-0.0015859712
-0.1015021568
-0.0013790007
0.050893689000000006
0.10080778620000001
0.0003402278
-0.08601625010000001
-0.06412598280000001
-0.0078717397
0.0249570123
0.1015021447
5.566e-07
-0.041989020700000004
-0.0550680922
-0.00030650510000000003
0.0302169912
0.1015021447
-6.944190000000001e-05
-0.0063438848
-0.0944193492
-0.0042084889000000006
0.1015021447
-0.0137879621
-0.10150070480000001
-0.038795830700000006
0.041844800800000005
-0.0008088729000000001
-0.0784923612
0.0014801083
0.0841450093
0.040510872600000004
-0.028075170200000003
-0.1015021568
-0.027190878
-0.0011548724
0.054106432600000004
0.0971183389
0.00010286210000000001
-0.08975176210000001
-0.0596998633
-0.0070982472
0.027622533400000003
0.1015021447
0.0164527088
-0.006826069800000001
-0.1015021568
-0.0189310066
0.0076161756
0.1004746006
-0.00015030620000000002
-0.09112866950000001
-0.0038817042
0.0109543478
0.061915107100000005
-0.0672521509
-0.0130556217
0.014981953800000001
0.0806315323
0.047277253100000007
-0.023795267100000003
-0.07430159880000001
-0.0015329611
0.050834931400000005
0.0999142496
-0.0026464999000000004
-0.0856022607
-0.0645445702
-0.0008422447
0.024792270800000002
0.1015021447
0.0209697961
-0.041420792600000006
-0.1015021568
-0.0212777169
0.0059534299
0.0637004016
0.0815436908
-0.008580243100000001
-0.0176742522
0.0090743708
0.07052946010000001
-0.0134881483
-0.039564592100000004
0.041636112100000004
0.1015021447
-0.0007790101
-0.1015021568
-0.032763702400000004
-0.0020271009000000003
0.0475749857
0.1015021447
0.0007519061
-0.081238553
4.961e-07
-0.009679637000000001
0.022102344000000003
0.1015021447
0.0001025233
-0.0366746644
-0.1015021568
-0.0232800007
0.004740344400000001
0.0954962371
0.0881243847
-0.0066168245
-0.1015021568
-0.00021617860000000002
0.10013851100000001
0.0757335491
-0.0566076599
-0.0164854272
0.0389043556
0.1015021447
-0.00047797420000000006
-0.1015021568
-0.013601089700000001
0.0149667441
0.1015021447
0.0014363789000000002
-0.023536448100000003
-0.1015021568
-0.0110393382
0.0195593838
0.0871398319
0.0326593036
-0.0317660816
-0.1015021568
7.26e-08
-0.0010510302000000002
0.0573102464
0.0924594517
6.207300000000001e-06
-0.1015021568
-0.021697647400000002
0.0980630101
0.011757049700000001
-0.0085987803
-0.0480439817
0.035942082
0.0057300639
-0.1015021568
-0.0151964747
0.012879796600000002
0.1015021447
0.0024006763
-0.07154817120000001
-0.0800045224
-0.0024923096
0.047922171000000006
0.1015021447
-0.0018074375
-0.08097336940000001
-0.0707924052
-0.0015657158000000001
0.0222957625
0.1015021447
7.43424e-05
-0.08912650670000001
-0.061080848400000005
-0.0008231993
0.030374630000000003
-2.7902600000000003e-05
-0.1015021568
-0.0201960979
0.06754622930000001
-0.0001373834
-0.0922401634
0.00024644070000000003
0.1015021447
-0.00046874190000000004
-0.1015021568
-0.08410533340000001
-0.0138028451
0.015093769900000002
0.1015021447
0.0013237642000000001
-0.0234177229
-0.1015021568
-0.0019493947000000001
0.051132434100000006
0.09954536900000001
0.00028916580000000003
-0.08515362900000001
-0.0658750136
-0.0010577094000000001
0.057600731100000004
0.1015021447
5.2998000000000005e-06
-0.1015021568
0.0061101007
0.06430841450000001
0.011158353800000001
-0.09578609260000001
0.009237127900000001
0.06599453740000001
-0.0614181238
-0.0885697252
0.0005776298
0.0420574583
0.1015021447
0.0021150679000000003
-0.0716558612
-0.1015021447
-0.0024026849000000003
0.048244103600000005
0.1015021447
-0.0018116120000000002
-0.1015021568
-0.0706753256
-0.0015257132
0.0223053941
0.1015021447
-0.0036534014000000003
-0.1015021568
-0.0234892581
0.004745281200000001
0.08820317990000001
-0.046188204700000006
-0.1015021568
-0.0056414072
0.1001034694
-0.010756996800000002
-0.1015021568
-0.0164139888
0.0387085171
0.1015021447
-0.0004635268
-0.0663915263
-0.0840788828
-0.013618779900000001
0.0148402749
0.1015021447
0.001497375
-0.023574490500000003
-0.1015021568
-0.0300606713
0.0020054661
0.050591297900000005
0.10081104110000001
-0.0026043798000000003
-0.0853876793
-0.06490410960000001
-0.0007884360000000001
0.024614231400000002
1.3201100000000001e-05
-0.1015021568
-0.020934875500000002
0.029969739800000002
0.0127058349
-0.0986622505
-0.0174970477
0.008931385100000001
0.1015021447
0.0066208296
-0.013394361200000001
-0.0896073728
-0.039233257800000004
0.0005893426000000001
0.0769050953
0.1015021447
-0.0007559959000000001
-0.1015021568
-0.0332859384
0.0013999458000000002
0.08353931960000001
0.1015021447
0.0009125578000000001
-0.08073929490000001
-0.07065306160000001
-0.0012916871000000002
0.02181025
0.1015021447
-0.0035625546
-0.0610185576
-0.0075290677
0.06003105240000001
0.0174917358
-0.1015021568
-0.00020572420000000003
0.0666130894
0.009734304800000001
-0.055654881700000006
-0.0924009724
-0.0166045517
0.00024347620000000003
0.073295387
0.0642026847
-0.0004289571
-0.1015021568
-0.0369123689
-0.0028064861
0.044163681100000005
0.1015021447
0.0016865585
-0.022917387900000002
-0.1015021568
-0.011110353100000001
0.0192567144
0.1015021447
0.0003939034
-0.1015021568
-0.0010103500000000001
0.0242193963
0.0939507767
-0.0404636342
-0.0217089972
0.0297482856
0.1015021447
-0.008179817800000001
-0.1015021568
-0.018493168100000002
-0.005168442400000001
0.0353937826
0.1015021447
-0.00024368190000000002
-0.1015021568
-0.0885565967
-0.0033926343000000004
0.041326606200000005
0.1015021447
0.0029106066000000002
-0.019297152600000003
-0.1015021568
-0.033659550100000005
0.0013374614
0.0833746023
0.0417436932
-0.0016763098
-0.1015021568
0.0025855522
0.0895508658
0.028431769300000003
-0.1015021568
0.0045144616
0.0891188474
-0.0062401152
-0.0987448451
-0.00022375320000000002
0.0662987314
0.0774712906
-0.0001196085
-0.055305784600000005
-0.0925611159
-0.004052882900000001
0.0381224173
0.1015021447
-0.00042060810000000003
-0.1015021568
-0.0369416751
-0.0027685889
0.0440286451
0.1015021447
-0.0010965383
-0.1015021568
-0.030833232100000003
0.0018604839
0.1015021447
-0.030748423200000003
-0.1015021568
-0.0010162064
0.1015021447
-0.0919196223
-0.021671293600000002
0.0295254157
0.08520193220000001
-0.0080161532
-0.1015021568
-0.048269441
-2.5652e-06
0.0696396987
0.1015021447
-0.000223729
-0.1015021568
-0.040631521700000006
0.0005262653
0.0764455252
0.1015021447
-0.0006779751000000001
-0.1015021568
-0.034101526800000004
0.0013045373
0.08306173260000001
0.0420610883
-0.07962666360000001
-0.0102574967
0.0213329413
0.1015021447
-0.034849718200000004
-0.0241762114
0.059418756100000004
0.0894072993
-0.044386817200000005
-0.05327146000000001
-0.0002695517
0.0660065164
0.1015021447
-0.0001045924
-0.10030728180000001
-0.045166517
0.0002076481
0.0728638889
0.065142528
-0.0003787179
-0.1015021568
-0.037893158600000004
-0.0030596544000000003
0.0437172274
0.1015021447
0.0017164576000000002
-0.07471468070000001
-0.0769444445
0.04975644630000001
0.00045511730000000005
-0.0301857006
-0.0265752421
0.0238653745
0.0233185271
-0.0914479764
-0.058310759100000005
-0.0005978973
0.06263261290000001
0.0836416251
0.013280693800000002
-0.0491323404
-0.09685634970000001
-0.0191872725
0.0349047974
0.1015021447
0.0065662102
-0.059337661900000005
-0.09034515820000001
-0.0165742291
0.012206806700000001
0.0766837984
0.0530645137
-0.0006118002000000001
-0.1015021568
-0.037157406000000004
-0.0037585020000000004
0.1015021447
-0.0014810642
-0.1015021568
-0.031366225000000005
0.0902726913
-0.0030239594000000002
-0.1015021568
-0.0020588634000000003
0.0608877082
5.5418e-06
-0.0056458721
-0.0941439532
-0.1004024604
-0.008090144700000001
0.007167205100000001
0.10040988980000001
0.0062180206000000005
-0.0534775351
-0.1015021568
-0.019172208
0.010350134300000001
0.0735526814
0.05829327460000001
-0.0003612576
-0.1015021568
-0.038267520500000006
0.0007964583000000001
0.043527983400000005
0.0489659049
-0.1015021568
-0.030815965400000003
-0.0015686924000000001
0.1015021447
-0.029889480500000003
-0.0661813009
0.0032048181000000004
0.0915961893
5.17517e-05
-0.09132585110000001
-0.1011799701
-0.0057277044
0.028511665600000003
0.0966526825
0.0149002425
-0.0488083024
-0.1015021568
-0.017162313300000002
0.0080963278
0.06860920220000001
0.0731603994
-0.0001934669
-0.1015021568
-0.0397774674
-0.0027398514000000003
0.0400961814
0.101500608
0.0033597586000000002
-0.0330208637
0.016011385500000003
0.0823068983
0.0010587984
-0.1015021568
0.0023686839
0.08862277160000001
0.030112531900000003
-0.08745642840000001
-0.0615412897
-0.0068316479000000005
0.0041315813
0.0587508361
0.09058007970000001
-0.005641056300000001
-0.1015021568
-0.018895565700000002
0.0065759023
0.0652721069
0.07954886060000001
-0.0094892072
-0.09999886490000001
-0.09269710780000001
-0.0032836496000000002
0.0098683607
0.1015021447
0.004994638
-0.0148044226
-0.012796100900000001
0.0429814143
0.1015021447
-0.0009481439
-0.07599261010000001
0.0491615498
0.0362553389
-0.029369858100000003
-0.1015021568
-0.0007321831
0.055477277900000004
0.1015021447
0.0
-0.0385195877
-0.1015021568
-0.005800800500000001
0.028558129600000003
0.1015021447
-3.90588e-05
-0.0972071771
-0.0963477504
-0.0041598106
0.034296143200000004
0.1015021447
-0.0001805199
-0.1015021568
-0.040252779600000003
0.0004786276
0.0560861983
-0.0175718983
-0.1015021568
0.015966869600000003
0.041361296900000004
-0.076324864
-0.0281628226
0.0023352879
0.1015021447
0.0001583769
-0.08671544860000001
-0.1015021568
1.5367e-06
0.0588823268
0.1015021447
-1.27292e-05
-0.0938662824
-0.053526455400000006
-0.00016706470000000002
0.0315373069
0.1015021447
0.0091540614
-0.0529936682
-0.09373425930000001
-0.0038455857
0.0371675579
0.0612156666
-0.0856869365
-0.0024328986
0.013641298000000001
0.046441179400000004
-0.1015021568
0.0016603499
0.08572299450000001
0.0003206379
-0.1015021568
-0.026123040900000002
-0.0009517981
0.0556611616
0.0911126612
-0.0039315562
-0.1015021568
-0.021889202500000003
-0.00044197670000000003
0.062383159300000005
0.08039347690000001
-0.0069497439
-0.0964876385
-0.0496482965
-4.61494e-05
0.0689680156
0.0676878961
-0.0113624445
-0.1015021568
0.0004098754
0.1015021447
0.05298339530000001
-0.1015021568
0.0011441034000000002
0.0389717284
-0.07753445260000001
-0.0729036737
-0.0012566213000000002
0.0887896548
0.09629472820000001
0.0001356894
-0.0328374398
-0.1015021568
-0.007828724200000001
0.025682116900000003
0.09423720790000001
0.0163840776
-0.042397419900000004
-0.0997217507
-0.0057192465000000005
0.0064200422
0.0990215358
0.0762298064
-0.0089822293
-0.0992466926
-0.0453217479
0.00017235240000000002
0.10110566400000001
-0.014189016600000002
-0.1015021568
-0.0133848264
0.0427801671
0.0017866739000000002
-0.1015021568
-0.0107256094
0.048725465800000006
0.10132934460000001
-0.0019890464
-0.0821808284
-0.1015021568
-0.0084239837
0.0228384838
0.0910710856
0.0236380276
-0.037438827800000005
-0.1015021568
-0.021711477700000002
0.004978678100000001
0.0612484334
0.08448700370000001
-3.53199e-05
-0.09667022750000001
-0.09673481730000001
-0.0045125256
0.0678661291
0.0078299826
-0.1015021568
-0.0149282661
0.00040732230000000005
0.1015021447
-0.0172483322
-0.034155904200000003
-0.0019681860000000002
0.015418049900000001
0.1015021447
-0.0013195897000000002
-0.1015021568
-0.028841608400000003
0.0021821624
0.0877161186
0.031572929300000004
-0.002817364
-0.1015021568
-0.0241839312
-0.0007386929000000001
0.057856900200000005
0.0907051816
-4.8642e-06
-0.0424206882
-0.09981642110000001
-0.0057847438000000004
0.006221977300000001
0.0983783966
0.0112407427
-0.1015021568
-0.0042545536000000005
0.009357172
0.06691621860000001
-0.1015021568
-0.0027685889
0.07782527610000001
0.0536176894
-0.0204484797
-0.1015021568
-0.032029837400000004
-0.0017624981000000002
0.0480790959
0.1015021447
-0.0019347779
-0.08194404350000001
-0.06820744590000001
-0.0009251055
0.022390408700000003
0.1015021447
8.392560000000001e-05
-0.0373707895
-0.1015021568
-0.0064857452
0.0048724643000000005
0.09586988510000001
0.0157341624
-0.006933493600000001
-0.049820249600000005
0.033475315500000005
0.1004590521
0.008287386800000001
-0.1015021568
0.0003740715
0.1015021447
0.0035432067000000004
-0.1015021568
-0.035395996900000004
0.0010429474000000002
0.045283088400000004
0.1015021447
-0.0012973257
-0.1015021568
-0.0296286408
0.0021821019
0.0878193074
0.030807108200000002
-0.0325482256
-0.1015021568
-0.0249470782
0.003946874800000001
0.05818935980000001
0.0901822438
-0.005182563100000001
-0.1015021568
-0.0062185167
0.1015021447
-7.430610000000001e-05
-0.0991446896
9.43074e-05
0.1015021447
-0.013850628
-0.08758948000000001
0.0006471080000000001
0.07863549210000001
0.048163916900000006
-0.0008206704
-0.07219652550000001
-0.033520593700000004
0.0015872780000000001
0.08553839690000001
0.0325570223
-0.028028101200000002
-0.1015021568
-0.0283907987
0.0030150538
0.055558214800000005
0.09099726350000001
-0.0037658467000000004
-0.08948967610000001
-0.0611304947
-0.0009698634000000001
0.0971205895
-0.0465472117
-0.09840588780000001
-0.007244282100000001
0.1015021447
-0.05659434990000001
-0.0189721345
0.012191100900000001
0.1015021447
-0.0163898251
-0.1015021568
-0.041631102700000006
3.43398e-05
0.0477742364
0.027318787100000002
-0.023641512400000002
-0.1015021568
-0.033133805100000004
0.0022941721
0.0895305257
0.020432277800000002
-0.002704592
-0.1015021568
-0.0263895676
0.0040907559000000005
0.0947124354
0.014087630700000001
-0.041799341100000005
-0.0075180204
0.0659434633
0.1015021447
-0.008798672300000001
-0.0479929802
0.07303134080000001
0.0032235126
-0.1015021568
-0.040460960100000005
0.0140339551
0.0801082315
0.1015021447
-0.0008211302000000001
-0.1015021568
-0.0343076745
-0.0029831703000000004
0.05053894120000001
0.0946292358
-0.0018452258
-0.0809204319
-0.0722813102
-0.012801001400000001
0.0245089977
0.09385666290000001
-1.0623800000000002e-05
-0.0886660291
6.05e-08
-0.0029378679
0.1015021447
-3.12543e-05
-0.09610542370000001
-0.019988812800000002
0.0684900293
0.0063917161
-0.1015021568
-0.038423574200000005
0.00043216360000000004
0.0737453376
0.1015021447
-0.0005276568
-0.1015021568
-0.0298836362
0.0009935068
0.0442642321
0.1015021447
-0.0013253251
-0.0782739199
-0.0688207707
-0.0062516828
0.019725129600000002
0.0874465427
0.032934651200000005
-0.0027836534000000002
-0.1015021568
-0.0205579484
-0.00019761720000000002
0.1015021447
-0.043233542
-0.09685695470000001
4.67302e-05
0.1015021447
-0.05260960210000001
-0.0920663953
-0.0023337754000000003
0.0709508789
0.0672411762
-0.0002879437
-0.06280406990000001
-0.1015021568
-0.011665319600000001
0.0130930712
0.1015021447
0.0019246018000000002
-0.0726838409
-0.07612306020000001
-0.0010181666
0.048267855900000003
0.1015021447
0.0005506468000000001
-0.0822839446
-0.1015021568
-0.0062441324000000005
0.0028141575
0.09042945890000001
0.026007473800000003
-0.1015021568
-0.004009310800000001
0.0047114738
0.1015021447
-0.047275668
-0.0151515958
0.0331675278
0.07665363310000001
-0.011228449100000001
-0.1015021568
-0.037621731400000004
-0.0015805625000000002
0.0384444709
0.1015021447
0.0047356738
-0.0684441219
-0.1015021568
-0.008832564400000001
0.015050391400000002
0.0809271958
0.0468204781
-0.0012618969
-0.1015021568
-0.0713512921
-0.0007753438
0.08777268610000001
0.0310382303
-0.0026523442
-0.1015021568
0.0037245494000000003
0.09351031250000001
0.0910942208
-0.041878934900000005
-0.0184523306
0.0642961088
0.0806237399
-0.051891430800000006
-0.09365896100000001
-0.0033401687000000004
0.0361333709
0.1015021447
0.0051983536
-0.062321279900000005
2.5410000000000003e-06
0.0006802499
0.07780531110000001
0.1015021447
-0.0007945102000000001
-0.1015021568
-0.076324864
-0.0010135928
0.0481587381
0.1015021447
0.0006946368
-0.0819038473
-0.0661777193
-0.00042327010000000004
-0.1015021568
-0.037087952
-0.1015021568
0.0046880966
0.0871466079
-0.09643433800000001
-0.0169807286
0.0336073023
0.1015021447
0.0060030036
-0.1013726021
-0.09074749530000001
-0.0035715812000000004
0.0403163651
0.1015021447
-0.00046145770000000005
-0.1015021568
-0.038011787000000005
0.0010313798
0.047413741100000004
0.09754734440000001
-0.0011817586
-0.0758725781
-0.033788245700000004
0.0022488092
0.0540305898
0.08813333870000001
-0.0850901282
-0.0016696427
0.026205490300000002
0.095062803
0.0115084794
-0.0049304596
-0.022079995300000002
0.09936587760000001
-0.05130582710000001
-0.0953128253
-2.53011e-05
0.0724374244
0.0031494243
-0.013536197400000002
-0.1015021568
-0.038670898200000005
0.0006683193
0.0423934511
0.1015021447
-0.0007848665
-0.1015021568
-0.0099112794
0.017368485200000002
0.08436324490000001
0.037411143
-0.0018540346
-0.1015021568
-0.0243748571
0.0027533066000000003
0.09023585890000001
9.318210000000001e-05
-0.0565886992
-0.00017545
0.0603445997
-2.9427200000000002e-05
-0.0958701997
0.0073801409
0.1015013824
-0.011187623700000001
-0.1015021568
-0.0121488598
0.0004142193
0.0736617992
0.06352925920000001
-0.0169915339
-0.1015021568
-0.031507323100000005
0.0010151658
0.0445495501
0.1015021447
-0.0012693021000000002
-0.1015021568
-0.0704394966
-0.0005750404
0.0508873123
0.0998247701
-0.0027334626
-0.0863340929
-0.0606804957
-0.0054519575
0.057395878100000006
5.203e-06
-0.09369361540000001
-0.09873765770000001
0.005926580000000001
0.08144470070000001
-0.052295873300000004
-0.042652548400000004
0.00022135740000000002
0.1015021447
0.006294069100000001
-0.06274601410000001
-0.1015021568
-0.0105870402
0.0125257869
0.07684749930000001
0.05704267910000001
-0.0204735025
-0.1015021568
-0.027487908800000002
0.0013491863000000002
0.046502260200000006
0.1015021447
0.0011676258
-0.0827886114
-0.1015021568
-0.0044999416000000006
0.0025895936
0.08928114470000001
-0.037194032700000004
-0.0187526889
-0.00011055770000000001
0.09497948240000001
-0.0067204005
-0.047334365100000005
7.66898e-05
0.1002634919
0.0085887978
-0.0571317593
-0.1015021568
-0.0399279793
0.00039713410000000003
0.07392078760000001
0.1015021447
-0.0004736787
-0.1015021568
-0.0332427172
0.0010003796
0.0808798606
0.1015021447
-0.0012081366
-0.07690110230000001
-0.07261824680000001
-0.008850254600000001
0.019658628
0.1015021447
0.0002148839
-0.1015021568
-0.0004904856
0.0247588143
0.0903162755
-0.0930680091
-0.005136074900000001
0.0641424146
0.0786711266
2.3111e-06
-0.0939866411
-0.0160331534
0.00017156590000000002
0.0708844378
0.1015021447
-0.0002567862
-0.1015021568
-0.08634765700000001
-0.0022599291
0.041696333800000006
0.1015021447
0.0021503878
-0.0198463837
-0.1015021568
-0.0308202246
0.0171765792
0.1015021447
0.0006127561
-0.027611038400000003
-0.007792545200000001
0.0537837377
0.1015021447
-0.0035957812000000002
-0.0588808627
0.00472263
0.1015021447
-0.0507510784
-0.1015021568
-0.0176430705
-1.17491e-05
0.032989028600000005
0.1015021447
-0.0001337292
-0.1012335731
-0.041162179300000004
-0.0027110534000000003
0.038605364600000004
0.1015021447
0.0036753750000000003
-0.0669246644
-0.08207880120000001
-0.0113232768
0.0146951838
0.1015021447
0.0012636998000000001
-0.07662696470000001
-0.008573104100000001
0.1015021447
0.00030959060000000004
-0.0854536001
-0.0065945847
0.1015021447
-0.0048248629
-0.1015021568
-0.0047864938000000004
0.0636111399
0.08164873090000001
-5.99071e-05
-0.0510736039
-0.0941906955
-0.0033967241000000003
0.0354923129
0.1015021447
-0.0002514017
-0.1015021568
-0.037284226100000005
-0.0020980674
0.041250049500000004
0.1015021447
-0.0007378822000000001
-0.1015021568
-0.030747310000000003
0.0013858735
0.1015021447
-0.08104921220000001
-0.1015021568
-0.0077065142
0.08968547830000001
-0.0035395404000000004
-0.021390004900000002
0.0270546078
0.1015021447
-0.0064101686
-0.0959428118
-0.0499321262
-0.0043374265
0.007184665400000001
0.0999819249
0.0089162722
-0.010546928700000001
-0.1015021568
-0.01482371
0.010643377800000001
0.07362727790000001
0.061089028000000004
-0.0004390001
-0.1015021568
-0.0354646039
0.0009565413000000001
0.0803751817
0.1015021447
-0.0011386584
-0.074363817
0.0019399204
0.0504736738
0.00028905690000000003
-0.1015021568
-0.0006972867
0.09288221360000001
0.0200939134
-0.040706578
-0.1004995629
-0.005589958000000001
4.477e-07
0.09765907580000001
0.0117208828
-0.050745548700000004
2.42e-08
-0.0162652314
0.0088694331
0.1015021447
0.0678058711
-0.0002435972
-0.1015021568
-0.08694678850000001
-0.0024397351
0.0413499471
0.1015021447
0.0023329768000000003
-0.0713088332
-0.010774203000000001
0.047296407400000004
0.1015021447
-0.0268994011
-0.026466862400000003
0.053679859200000006
0.0961603698
-0.0034480644000000004
-0.1015021568
-0.0064791144
0.0045258961
0.060054889400000006
0.1015021447
-2.42363e-05
-0.0955429552
-0.09768951940000001
-0.0047426797
0.032569642600000004
0.1015021447
-0.0001210121
-0.0556275841
-0.0912582242
-0.015263327200000001
0.0105789816
0.1015021447
0.0034931127000000003
-0.015874316700000002
-0.1015021568
0.0009226613000000001
0.1015021447
0.0441574496
-0.1015021568
-0.010081006100000001
0.0869017886
0.00025723390000000003
-0.084735695
-0.0246615424
0.0034855139000000003
0.0926455981
0.0909497952
2.8919000000000002e-06
-0.0922574059
-0.100478642
-0.0059803887
0.029854801900000002
0.1015021447
0.0108691275
-0.0504611624
-0.09491817170000001
-0.0173286278
6.330720000000001e-05
0.0702194218
0.1015021447
-0.013002950400000001
-0.1015021568
-0.0139942308
0.0124764673
0.0537247744
-0.0192429809
-0.1015021568
-0.0017912719000000002
0.1015021447
0.0006880786
-0.1015021568
-0.009186610400000001
0.053989873300000005
0.0951043302
6.817140000000001e-05
-0.0356086544
-0.1015021568
-0.0073237307
0.0272281823
0.1015021447
0.0145690776
-0.045461018900000004
-0.0980807124
-0.019420318500000002
0.0072947391
0.06704121160000001
0.1015021447
-0.000118338
-0.10071409590000001
-0.0917582083
-0.0038763197000000003
0.0385660154
0.0034957868
-0.1015021568
-0.0362464091
0.0147228323
0.044435882700000005
-0.1015021568
-0.0303391286
0.019305646800000003
0.1015021447
0.00029890630000000004
-0.0311528899
-0.1015021568
-0.0253829081
0.0035659184
0.056846634900000005
0.09216617190000001
0.0007743637
-0.09237074660000001
-0.0562226742
-0.00041388050000000005
0.0632456594
0.1015021447
-5.8443e-05
-0.0505889142
-0.0952915777
-0.0046297504
0.008752571300000001
0.1015021447
-0.013108849600000002
-0.0880796389
-0.014646566000000001
0.0411879886
0.0025013483
-0.1015021568
-0.0019970566000000003
0.0833655273
0.039768586
-0.027019723500000002
-0.1015021568
-0.0276056418
-0.0012075558000000002
0.05351681170000001
0.09681541540000001
0.00010743590000000001
-0.08877938190000001
-0.060875329900000004
-0.007442952
0.026906503800000002
0.1015021447
0.0160652184
-0.0063179061
-0.1015021568
-0.019453859700000003
0.0071920706
0.09979994090000001
0.0085714464
-0.1015021568
0.00027607360000000004
0.038303711600000005
0.1015021447
-0.06605379110000001
-0.036225585000000005
0.044343801700000005
0.1015021447
-0.0011453134000000002
-0.1015021568
-0.0304597414
-0.0016385941000000002
0.019352606900000003
0.09966957550000001
0.0002910292
-0.0849021063
-0.06506467660000001
-0.0081110172
0.024462049700000002
0.1015021447
0.0203562777
-0.040782602300000005
-0.1015021568
-0.055764786000000004
-0.00035578840000000003
0.0636389941
0.1015021447
-5.8273600000000004e-05
-0.1015021568
7.27331e-05
0.0704516329
0.0055566588
-0.1015021568
0.0006028704000000001
0.1015021447
-0.0007359825
-0.1015021568
-0.032548249800000005
0.0014547104
0.0477514884
0.1015021447
0.037067696600000005
-0.027161148300000004