-0.0020900935
-0.0254380599
-0.025405329400000003
-0.0102337807
-3.61669e-05
-0.020404447800000003
-0.0257871691
-0.0226716369
-6.49891e-05
-0.0038117299
-0.0252373088
-0.025177909900000003
-0.0223605096
-0.0001104851
-0.0063368184
-0.0254476915
-0.0256476198
-8.27519e-05
-0.0218904972
-0.024981611600000002
-0.0248085211
-0.1015021447
-3.24159e-05
-0.009244557300000001
-0.0235809761
-0.025312111
-0.025291226400000002
-0.0019786646
-0.0002687894
-0.023225720100000003
-0.0246462117
-0.0173499117
-2.2977900000000002e-05
-0.0007448276000000001
-0.024258406700000002
-0.0251037611
-0.0009146874000000001
-0.0120367291
-0.0244186833
-0.0011625196
-0.0016013624000000002
-0.0244737262
-0.0247708417
-0.023872223100000003
-0.0003490124
-0.0015069098000000001
-0.024089720600000003
-0.0242432212
-0.023164494100000002
-0.0004910543
-0.0029529808000000003
-0.0244624732
-0.0247065544
-0.007131304400000001
-0.017876322200000003
-0.0239815224
-5.85882e-05
-0.0204473907
-0.0244107094
-0.0204732484
-5.8951200000000006e-05
-0.0048110447
-0.0239130122
-0.0237569101
-4.9380100000000005e-05
-0.007480026400000001
-0.0241141747
-0.024286648100000002
-0.0001514436
-0.023704492900000002
-0.0178161852
-0.010437774600000001
-0.023955180700000002
-0.023927955700000003
-0.0012778326
-0.0100830026
-0.023519036200000003
-0.0231877503
-0.0016153258000000002
-0.0011298375
-0.023371101600000003
-0.023911657000000003
-0.0005026219000000001
-0.0230164385
-0.0226102536
-2.23124e-05
-0.023640810600000003
-0.0221235553
-0.0063438848
-0.0020736496
-0.023134994300000003
-0.023092753200000003
-0.008882150200000001
-0.0039038230000000003
-0.023403009300000003
-0.023629400300000002
-5.1509700000000006e-05
-0.0230338383
-0.020328726000000002
-0.0001102189
-0.0232689292
-0.023463279400000002
-0.0030719964
-0.005830445500000001
-0.0228559683
-0.022724683300000003
-0.0038804337
-0.00031243410000000003
-0.021775958600000003
-0.0232388244
-0.0016036614
-0.0214016814
-0.0225014867
-0.0021727365
-0.022373855900000003
-0.023116747500000003
-0.012288796300000002
-0.0006752647000000001
-0.022002627900000002
-0.0224970702
-0.012953158900000001
-2.11508e-05
-0.014532983300000002
-0.022862490200000002
-0.0091683999
-0.0014482006000000002
-0.022420344100000003
-0.009936084400000001
-0.017096501400000002
-0.0227305276
-0.020598556
-8.11668e-05
-0.0166944789
-0.0222611565
-0.0202373226
-0.000142296
-0.019104060800000003
-0.022617332100000002
-0.0187469172
-0.0045669151
-0.0221249589
-0.0044571681000000005
-0.0072139474
-0.022496247400000002
-0.0163386542
-0.000159841
-0.0201978282
-0.022032998900000003
-0.016313704000000002
-2.1489600000000002e-05
-0.0098394659
-0.0222860583
-0.022240501800000003
-0.0004470224
-0.021884072100000002
-0.0135564528
-0.012710082000000001
-0.022189052600000002
-0.0216802234
-0.000501545
-0.012528545700000001
-0.021752133700000002
-0.0209543202
-0.0005847809
-0.0021130593
-0.021924921700000002
-0.0207214678
0.0015699750000000001
-0.021615694100000003
-0.0076954548
-0.0036983771
-0.021990624700000003
-0.0193024766
-5.53212e-05
-0.017372175700000003
-0.0215727996
-0.018640013700000003
-5.91569e-05
-0.0056868306000000006
-0.0217812463
-0.0219719181
-8.995140000000001e-05
-0.021457208300000002
-0.0166095853
-0.0082542328
-0.021693122000000002
-0.0217814641
-0.0016116353
-0.008183714
-0.0213383016
-0.021080499000000003
-2.0194900000000002e-05
-0.011022833800000001
-0.0215941803
-0.0213570808
-0.0007065432000000001
-0.021196659000000003
-0.0115240279
-0.0015454241000000001
-0.021518882000000003
-0.0206227923
-0.0002836119
-0.0136083013
-0.0210812613
-0.020003635300000003
-0.0003575671
-0.0161874405
-0.0214368924
-0.0060048912
-0.0027116342
-0.020983880500000003
-0.0062751931000000006
-0.0181155876
-0.021340927300000003
-0.017603781800000003
-5.53212e-05
-0.017858753
-0.0208829181
-0.0172694104
-3.42914e-05
-0.019443114900000003
-0.0212797376
-0.015263617600000001
-0.0067749836
-0.0207883082
-0.0023730036
-0.0202803865
-0.021201027100000002
-0.012518042900000002
-0.00045174140000000005
-0.0093420107
-0.0207121145
-0.020382377400000002
-1.9771400000000002e-05
-0.0122967097
-0.021016623100000003
-0.020439392600000002
-0.0010227525
-0.020624365300000003
-0.009976837200000001
-0.0148212537
-0.0210703229
-0.0194690089
-0.0001228997
-0.014516140100000002
-0.0205277952
-0.019011084400000003
-3.66025e-05
-0.016914408500000002
-0.020866304800000002
-0.0044068442
-0.0035657127
-0.0203658367
-0.0049130961
-0.018457533600000003
-0.0207884534
-0.015942100900000002
-9.79858e-05
-0.0181807098
-0.020295003300000003
-0.015861902100000002
-2.30747e-05
-0.0194314626
-0.0206730073
-0.013436614400000001
-0.0079518296
-0.0201502026
-0.0016465438000000002
-0.019963318100000002
-0.0205755902
-0.0106505894
-0.0006106628
-0.0105177072
-0.020105190600000003
-0.0195890167
-1.93842e-05
-0.0132643588
-0.0203927471
-0.0194411547
-0.0014884694
-0.0199945119
-0.0082454482
-0.015533338700000001
-0.020315972600000003
-0.0182586822
-6.48318e-05
-0.015324771000000001
-0.0199090617
-0.017866388100000002
-0.00010228130000000001
-0.0045524314
-0.020145132700000002
-0.020350748000000002
-5.77412e-05
-0.0198540309
-0.0036259586
-0.006870912400000001
-0.020195008900000002
-0.0142805289
-0.0001751717
-0.018342293200000002
-0.0197627727
-0.014164828700000002
-1.9251100000000003e-05
-0.009280784700000001
-0.0200217611
-0.0199474792
-0.0004771756
-0.019680057100000002
-0.0117159097
-0.011871479400000001
-0.019976737
-0.0194229321
-0.0003673076
-0.0117820362
-0.0196094173
-0.0188165769
-0.00045004740000000005
-0.0021025686
-0.0197796522
-0.0036571887000000003
-0.0198786786
-4.44675e-05
-0.019482089
-0.0193946181
-0.0043212246000000005
-0.0001251019
-0.0177807443
-0.019825608
-0.0024259169
-0.017524224300000002
-0.019375693700000002
-0.0027341402
-0.018719305000000002
-0.019706108400000002
-0.0126547003
-0.0003179759
-0.018440182200000002
-0.019286819200000003
-0.012706706100000001
-1.8827600000000002e-05
-0.019172546800000002
-0.0197353299
-0.009958287900000001
-0.0104563723
-0.0192281221
-0.0007043047
-0.019368772500000003
0.0028820022000000003
-0.0072789849
-0.0015514136000000002
-0.019143894
-0.0191776772
-0.0077492877
-2.6039200000000003e-05
-0.019429841200000002
-0.0196436603
-0.0049790774
-0.0149762789
-0.019095264100000002
-8.952790000000001e-05
-0.0194026041
-0.0195821197
-0.0030589647
-0.0045064514
-0.0191236507
-0.0190879073
-0.0035667049000000003
-0.00021194360000000001
-0.018011939
-0.019457247700000003
-0.013496279500000001
-0.0066569723
-0.0190319327
-0.0020175661
-0.018668315600000002
-0.0194232709
-0.0109916158
-0.0004933412000000001
-0.0184142519
-0.018936826700000003
-0.0186310839
-1.85251e-05
-0.0117062176
-0.019296269300000002
-0.018667008800000003
-0.00109142
-0.0189371171
-0.0089416096
-0.0022252021
-0.0192556859
-0.017707587700000003
-9.36661e-05
-0.0137825897
-0.0188895762
-0.0174395122
-0.00016642340000000002
-0.0037502135000000002
-0.0192349949
-0.0162930009
-4.26283e-05
-0.0188531068
-0.0161725333
-0.00012033450000000001
-0.019211036900000002
-0.014376941700000001
-0.0001120702
-0.0170362797
0.0921142266
-0.0186953712
-2.01465e-05
-0.0079781834
-0.019074185900000002
-0.0190619286
-0.0010834461
-0.017930675400000002
-0.018533352200000002
-1.83557e-05
-0.0190020457
-0.018654703100000003
-0.0004638414
-0.010303101600000001
-0.0187042889
-0.018187582600000002
-0.0006540171
-0.0016509361
-0.0189944348
-0.0190881856
-0.00015918760000000002
-0.018565998
-0.0186076462
-0.0002808652
-0.0188802471
-0.0165928389
-4.30034e-05
-0.0027953541000000004
-0.0186312049
-0.0185721569
-0.0057561394000000005
-8.59463e-05
-0.018854159500000002
-0.0190146781
-0.002234991
-0.0043716937
-0.018527181200000003
-4.4927300000000006e-05
-0.017703897200000002
-0.0188399299
-0.0010169082
-0.0063443809
-0.018520405200000003
-0.018427852300000002
-0.0147271762
-0.0006957500000000001
-0.018338639
-0.0189158211
-0.008576359
-0.008560108700000001
-0.0184191161
-0.013415342600000001
-0.0015497196000000002
-0.0189016036
-0.0053118274
-0.0009988671
-0.018179136800000002
-0.0184038338
-0.0112375483
-2.7781600000000002e-05
-0.014983454200000001
0.023024255100000002
-0.0134918025
-0.0014699322
-0.0183117891
-0.018244864
-0.00010576610000000001
-0.0187772519
-0.0010365707000000001
-0.0030982776
-0.014645162400000002
-0.0183084979
-0.017532355500000003
-0.0004127673
-0.0068658062
-0.0186291479
-0.010912239800000001
-9.74776e-05
-0.0163428166
-0.018226677700000003
-6.2073e-05
-0.017997056
-0.009068030400000001
-0.0002970671
-0.017351484700000003
-0.0182176874
-0.018146854
-0.002455332
-0.0010728344
-0.0183292494
-0.0176573969
-0.00017473610000000002
-0.009839889400000001
-0.0181853199
-0.001201893
-0.013296314900000002
-0.0168120788
-5.5950400000000006e-05
-0.0122663145
-0.018207547600000002
-0.0175604154
-0.00045796080000000004
-0.0032904498000000003
-0.018461538700000002
-0.0186519443
-0.0035007357000000003
-0.014364333500000001
-0.018138287200000002
-0.005444467600000001
-0.005011711100000001
-0.018581340800000002
-6.99017e-05
-0.0159722662
-0.0181503509
-0.018055499000000003
-0.0033605935000000004
-0.00025712500000000003
-0.0173223116
-0.018474860800000003
-0.0013384294
-0.0069408504
-0.0180962034
-0.012317969400000002
-0.0091230975
-0.0183800936
-0.0007930582000000001
-0.0094143566
-0.0181004142
-0.0175290643
-0.0005662195
-0.0011570504
-0.0180982604
-0.0184712671
-0.0086859971
-0.011835663400000002
-0.0180480454
-0.006244447
-0.0021515252
-0.0184707952
-0.000126687
-0.0024931082
-0.018020179100000002
-0.017957803600000002
-0.0041648684000000005
-4.4515900000000005e-05
-0.0153045277
-0.0183458022
-0.0154805101
-5.1352400000000007e-05
-0.017995349900000002
-0.014459270100000001
-0.0001574089
-0.0167373492
-0.0013379696
-0.005704762800000001
-0.0179493457
-0.0179105047
-0.013399636800000001
-1.85977e-05
-0.0086753612
-0.018223761600000003
-0.0087089387
-0.00034310760000000004
-0.0171249001
-0.0177013925
-0.0014604700000000002
-0.0179682338
-0.016790577100000002
-0.0007995559000000001
-0.0175510984
-0.017839864900000002
-0.009821461100000001
-2.03764e-05
-0.0136177998
-0.018203070600000003
-0.015047366400000001
-1.5173400000000001e-05
-0.0122487211
-0.017763852700000003
-0.00022146630000000002
-0.0152533326
-0.013213853400000001
-2.14533e-05
-0.0142568129
-0.017772625200000003
-0.015364604200000001
-5.0215000000000006e-05
-0.0058006069000000006
-0.013084262400000001
-0.0103294796
-7.46328e-05
-0.0177455091
-0.013654753200000001
-1.95899e-05
-0.017321912300000002
-0.007762113700000001
-0.00024034230000000002
-0.0167100879
-0.0176804958
-0.0111826869
-1.76539e-05
-0.0104915591
-0.018031480500000002
-0.0051117176
-0.0005883625
-0.0172672445
-0.0170463953
-0.00045153570000000005
-0.017870465800000002
-0.0148847908
-0.0012551935
-0.017524442100000003
-0.017628502100000002
-0.005892929900000001
-0.0001378069
-0.0031746407
-0.0180213528
-0.0126770248
-1.4399e-05
-0.017591064700000002
-0.0151265609
-9.78164e-05
-0.0179186601
-0.009985307200000001
-0.0039209203
-0.017551848600000003
-0.017496866200000002
-0.0131801307
-1.8755000000000003e-05
-0.0169293641
-0.018019041700000002
-0.007622963700000001
-0.0001544081
-0.0162525022
-0.0172931869
-1.74603e-05
-0.0174378182
-0.0163747727
-0.0004146791
-0.0169292552
-0.017491699500000003
-0.008512967100000001
-1.7424e-05
-0.011798189700000001
-0.0178749307
-0.014961904100000001
-1.7678100000000003e-05
-0.0172581695
-0.0174612438
-0.000183315
-0.0138399195
-0.0128619612
-0.0017961845
-0.0174026193
-0.0174234071
-0.015530967100000001
-7.56734e-05
-0.004458257100000001
-0.0178573978
-0.0093669609
-2.17195e-05
-0.013899173200000002
-0.017357982400000003
-8.21227e-05
-0.0168670249
-0.0052106835
-6.0984000000000004e-05
-0.0173260989
-0.017353045600000002
-0.0157495536
-0.00010819820000000001
-0.0100772914
-0.0177866733
-0.0026602213
-0.000175934
-0.0159409151
-0.0173276114
-6.31136e-05
-0.017662551500000002
-0.012453634600000001
-0.00044748220000000004
-0.0166574045
-0.0173161164
-0.0134273337
-2.9390900000000003e-05
-0.0142553972
-0.017798398200000003
-0.0098905884
-1.1458700000000001e-05
-0.0099931722
-0.0172862052
-0.002100802
-0.0158044634
-0.017136540300000003
-1.2959100000000001e-05
-0.0507510784
-0.0172788242
-0.016734759800000002
-0.000510378
-0.006282259500000001
-0.0176709973
-0.006671867400000001
-4.07528e-05
-0.014593955200000001
-0.017252071100000002
-0.0038100722000000004
-0.016925988200000002
-0.0166221693
-0.0001527988
-0.0159467715
-0.017250982100000003
-0.017144127000000002
-0.0017721055000000001
-0.0099405493
-0.0176324588
-0.0159159891
-5.70394e-05
-0.008154238400000001
-0.0172572741
-0.00063404
-0.011691504
-0.0177368697
-2.7854200000000002e-05
-0.010754601
-0.0172637234
-0.0158350643
-0.0001260094
-0.0022133804
-0.0174880453
-0.0176956329
-0.0038303155
-0.0022930105
-0.0172658046
-0.0022196119
-0.0028819296000000003
-0.017693563800000003
-0.004770304
-0.0044226226
-0.017325409200000003
-0.0166361327
-0.0003438094
-3.18351e-05
-0.0137027176
-0.0176601436
-0.009144804900000001
-0.007281550100000001
-0.0172877419
-0.0044258291000000005
-0.0064474003
-0.017579763300000002
-0.0013154152000000002
-0.0081832421
-0.0172372849
0.0007294243
-0.0065264375
-1.7121500000000002e-05
-0.0169959867
-0.017574511900000003
-0.0093755882
-0.0009656889000000001
-0.0172091524
-0.0039133578
-0.0011018139
-0.0174802771
-0.0081683954
-0.001906113
-0.0172050626
-0.017158538100000002
-0.0028712211000000002
-2.4841300000000002e-05
-0.013660295000000001
-0.017606117100000002
0.006247629300000001
-0.0026562767
-0.0171649027
-0.015132235800000001
-0.005464795600000001
-0.017555599600000003
-0.0005316377000000001
-0.0037182816
-0.014481485700000001
-0.0171110577
-0.0158125341
-0.0001606759
-0.008287120600000001
-0.0174540322
-0.0162640577
-0.00015045140000000001
-0.0156462559
-0.0170817878
-0.014248016200000001
-0.0008911892000000001
-0.0174604936
-0.0051563787
-0.0165733216
-0.0170508844
-0.008876886700000001
-1.71336e-05
-0.0106062913
-0.0171360079
-0.016984334400000002
-0.00037261950000000004
-0.011781237600000001
-0.017126654600000003
-0.0138469859
-1.7254600000000002e-05
-0.017198940000000003
-0.0167101726
-0.013356052600000001
-0.017048984700000002
-0.0025949297
-2.04248e-05
-0.0032269369000000004
-0.017329983
-0.0175294636
-9.15607e-05
-0.015076624200000001
-0.0170859623
-0.0107380966
-9.34604e-05
-0.0154177353
-0.0142443983
-0.0065506254
-0.017072507100000002
-0.0065998361
-1.7048900000000002e-05
-0.0052587568
-0.0155838199
-0.0174947729
-0.005500272800000001
-0.0091393357
-0.0171324384
-0.0047316687
-1.7048900000000002e-05
-0.0164974909
-0.0174759332
-0.011403027900000001
-0.0170271321
-0.013977460200000002
-1.88639e-05
-0.0011206657
-0.017034138
-0.0174212896
-0.0004817131
-0.012724130100000001
-0.0170389417
-0.0033418627000000004
-0.0029199841
-0.0172350827
-0.014393240400000002
-0.013602892600000001
-0.0169577628
-0.0058822819
-0.00015357320000000002
-0.0061114317
-0.017281510400000002
-0.0168354318
-4.83153e-05
-0.0142806257
-0.016938705300000002
-0.0162714387
-0.0005470047
-0.0173009067
-0.0055274978
-0.0156688587
-0.0169120127
-0.014150599100000001
-3.3807400000000004e-05
-0.0102647446
-0.0172861326
-0.0159038286
-7.174090000000001e-05
-0.0507510784
-0.016903857300000002
-0.009942666800000001
-0.0014685044000000002
-0.0172645825
-0.0050330313
-0.0168299626
-0.0168892284
-0.0155883332
-0.00013802470000000001
-0.0023344167
-0.017145712100000002
-0.0173532513
-0.0041189126
-0.0132850377
-0.016942625700000002
-0.013961343000000001
-4.88719e-05
-0.014593943100000001
-0.0139909638
-0.0041766054
-0.016921378100000002
-0.0117583202
-1.7048900000000002e-05
-0.00013687520000000002
-0.015659227100000003
-0.017251151500000002
-0.0016856147
-0.0062105186
-0.016923907000000002
-0.009695004
-1.69521e-05
-0.0164810107
-0.0170776254
-0.008284942600000001
-0.0169098105
-0.0162323436
-0.0003645246
-0.0009269689000000001
-0.0168766444
-0.017278437
-0.007199911400000001
-0.0010167388000000002
-0.0167270279
-0.0168349962
-0.0001830004
-0.012355189
-0.0172852614
-0.0019697227
-0.016847701200000002
-0.0168122845
-0.0041276367
-3.3819500000000004e-05
-0.0140365082
-0.017190699900000002
-0.014434840200000002
-3.88531e-05
-0.0142174879
-0.0167794572
-0.0022587554
-0.0048182805
-0.0171890664
-0.0019768012000000003
-0.0168677872
-0.0166603932
-0.0108668406
-1.6891600000000003e-05
-0.0069850759
-0.0170901005
-0.0170884549
-0.0009022244000000001
-0.0161624782
-0.0168222428
-0.009216412700000001
-0.0007297026
-0.0167190782
-0.0166282677
-0.0094348056
-0.016787745700000002
-0.007323851700000001
-0.00031595520000000005
-0.0014633256000000001
-0.0169389957
-0.0172165939
-0.0054593506
-0.0115426498
-0.016816265400000002
-0.0153000991
-0.00010904520000000001
-0.013485099100000002
-0.017230412100000002
-2.7902600000000003e-05
-0.0168099492
-0.014116731200000001
-3.44124e-05
-0.0043311466
-0.014962460700000001
-0.017146958400000002
-0.012794588400000001
-0.0042780760000000004
-0.016793299600000002
-0.0166852587
-0.0021475564000000003
-0.0063625672000000005
-0.017148349900000002
-0.0009363706
-0.0157942147
-0.0165766975
-0.0011673959
-0.0005606172000000001
-0.016567186900000003
-0.0170593302
-0.0167204697
-0.00037390210000000005
-0.0163493143
-0.0167286856
-0.008484749900000001
-1.68553e-05
-0.0168248927
-0.016056942
-0.0011350405
-0.0167120481
-0.0063441147
-2.0400600000000003e-05
-0.0129108815
-0.016987661900000003
-0.017183500400000003
-0.0037907606000000004
-0.0126478517
-0.0167504656
-0.014768050000000001
-4.963420000000001e-05
-0.0145088317
-0.0171614179
-0.0035946438
-0.0166830686
-0.0027109929
-0.000145684
-0.0055837749
-0.016999519900000003
-0.0170913226
-0.0012406372
-0.0054571121000000005
-0.016703203
-0.0114042137
-1.67827e-05
-0.016280295900000002
-0.017093996700000003
-0.0003733092
-0.0167130645
-0.009233752000000001
-1.67948e-05
-0.0099127556
-0.0170172827
-0.0171261343
-0.0068981253
-0.0097813859
-0.016709349800000002
-0.015872199200000003
-0.0002890206
-0.0120148039
-0.0170152257
-5.7378200000000006e-05
-0.016664495100000003
-0.0151109519
-9.92442e-05
-0.0029912168000000004
-0.0137823114
-0.0170281364
-0.014110306100000001
-2.7624300000000002e-05
-0.016715738600000002
-0.0166275175
-0.0032453894
-0.0047349599
-0.0169628448
-0.012326124800000001
-0.0047129742
-0.0165788029
-0.0018941219000000002
-0.0002734479
-0.0160364204
-0.0169530196
-0.016934760700000002
-0.0008314999000000001
-0.0067299958
-0.016639726400000002
-0.0099631279
-1.68069e-05
-0.0165199606
-0.0170604434
-0.0006392914000000001
-0.0166653542
-0.007701541100000001
-1.68069e-05
-0.0111492667
-0.016766413400000003
-0.0170661062
-0.0058049629
-0.0013159234
-0.016591822500000002
-0.0153334104
-0.0001363791
-0.0024300914000000002
-0.0169876256
-0.014788305400000002
-0.0024040280000000003
-0.0166643499
-4.2495200000000006e-05
9.199630000000001e-05
-0.016895629300000003
-0.0170692159
-0.0022295460000000002
-0.003941841200000001
-0.0166314742
-0.012749624800000001
-1.83557e-05
-0.0057991791
-0.0170172222
-0.0012379389000000001
-0.0155577444
-0.0108451937
-1.67464e-05
-0.008014374500000001
-0.016926072900000002
-0.017016326800000002
-0.008785132400000001
-0.0004347651
-0.016618382
-0.0162095109
-0.0006159142
-0.0009974272
-0.016913549400000002
-0.0064340419000000005
-0.010167146
-0.016589438800000002
-0.00025406370000000003
-0.0019215768000000002
-0.0167936747
-0.0170220259
-0.0044247159
-0.0019019022
-0.016588966900000002
-0.016583074200000002
-0.0047907167
-0.0033145651000000003
-0.0168729902
-0.0138004009
-0.0032506529
-0.016613118500000003
-0.0029826137
-0.0001123364
-0.0152485047
-0.016979385500000003
-0.011937484900000002
-9.934100000000001e-05
-0.015037565400000001
-0.0166089198
-0.011836462
-1.67827e-05
-0.0160764714
-0.0167987809
-0.0006953749
-0.0158703479
-0.0098182062
-1.66617e-05
-0.0093277206
-0.0168868689
-0.016385626400000002
-0.0002853422
-0.009247425
-0.016596347900000002
-0.0159191472
-0.0003750032
-0.001482613
-0.016904571200000003
-0.0052487017
-0.011321800600000001
-0.0165469557
-0.00013005080000000002
-0.002656555
-0.0168069121
-0.0169978743
-0.014379942500000001
-2.6632100000000002e-05
-0.016597654700000002
-0.016535642200000002
-0.0036782911000000002
-7.59517e-05
-0.0168333022
-0.016977945600000002
-6.187940000000001e-05
-0.016581743200000002
-0.0022152317
-0.0002220713
-0.0157882131
-0.0169456386
-0.0106019111
-0.0009735176
-0.0061604609
-0.0165618145
-0.0107724364
-1.67101e-05
-0.0084617115
-0.0169536367
-0.008416034000000001
-0.016127485
-0.0160696349
-1.6685900000000002e-05
-0.010636613900000001
-0.016854307800000003
-0.0159563547
-0.0061131378000000005
-0.0011089892000000002
-0.0164241649
-0.015561773700000002
-0.00021544050000000002
-0.0021672068000000004
-0.0167590203
-0.014933215000000001
-0.0020949456
-0.0165441001
-0.0044498476
-0.0036367034000000004
-0.016793880400000002
-0.0169626391
-0.013494851700000001
-3.79093e-05
-0.014054222600000001
-0.0164791231
-0.0027625389
-0.0001409771
-0.0154029491
-0.0169025384
-0.0013433057000000002
-0.0151881862
-0.0116451126
-0.00037684240000000004
-0.016109117200000002
-0.0168052786
-0.016673908900000003
-0.0005934687
-0.007391188200000001
-0.0165417648
-0.016228302200000003
-1.66738e-05
-0.0098043396
-0.016809211100000002
-0.006859901400000001
-0.0095499734
-0.0164873027
-0.0003494843
-0.0119163341
-0.016843091100000002
-0.0169381003
-0.0047508956
-0.0016325078000000001
-0.0164620379
-0.0164732304
-0.0053888681
-3.0116900000000003e-05
-0.016750272
-0.016937592100000003
-2.49986e-05
-0.0165152779
-0.0035386934000000004
-0.0047761362
-0.015013208100000001
-0.0168578168
-0.012118029
-7.81781e-05
-0.0147211262
-0.0164993543
-0.012393328200000001
-1.7617600000000002e-05
-0.0067388409
-0.016872119
-0.0008064287
-0.0065852072
-0.0164682573
-1.66496e-05
-0.0007929856
-0.0167832566
-0.0163835936
-0.00033604120000000004
-0.008751264500000001
-0.0165070862
-0.0159917956
-0.0005012667
-0.0013337709
-0.016609307
-0.0156637404
-0.0012712139
-0.0164861411
-0.0061160297
-0.0024395415
-0.016699076900000002
-0.0169043413
-0.0035978382000000004
-0.0023586651000000003
-0.0127554086
-0.0164424601
-0.0041335778000000005
-5.8818100000000005e-05
-0.0145029874
-0.0168145351
-0.0021314271
-0.0142515373
-0.0164143639
-0.0001720499
-0.0154817322
-0.0168255582
-0.011137820100000001
-0.0001580623
-0.0057043756000000004
0.09327040580000001
-0.011092953300000001
-1.6613300000000002e-05
-0.0079944821
-0.0167538294
-0.0087498851
-0.0078313862
-0.016432029900000002
-1.66012e-05
-0.0101655609
-0.016752837200000002
-0.0159967687
-0.00017519590000000001
-0.0100297747
-0.0162970544
-0.0156311672
-0.00028070790000000003
-0.0019165553000000002
-0.016655057100000002
-0.0168706549
-4.48547e-05
-0.0164367368
-0.0148195597
-3.75463e-05
-0.0167033724
-0.0168821257
-0.0026448906
-0.0031957431
-0.0164593396
-0.016390151800000002
-0.0033186670000000004
-0.0001221374
-0.015183818100000001
-0.0167985873
-0.0013525017000000001
-0.014925592000000001
-0.0163397553
-1.69279e-05
-0.0159451138
-0.0168190847
-0.0095583708
-0.00029501010000000004
-0.0157119226
-0.0164425448
-0.01004179
-1.66012e-05
-0.009419971000000001
-0.0167164162
-0.016186121600000002
-0.0007138274
-0.0164513173
-0.007850274300000001
-0.011553709200000001
-0.0167283105
-0.015414202100000001
-7.31082e-05
-0.0112766192
-0.0163739499
-0.013480755200000001
-0.0001444619
-0.0027235890000000002
-0.016668330800000002
-0.016852529100000003
-2.6910400000000002e-05
-0.0164427868
-0.014083976500000001
-7.67019e-05
-0.016684968300000002
-0.016836290900000002
-0.0019116669
-0.0042863161000000006
-0.0164460054
-0.0163445711
-0.0022344586
-0.00022813340000000002
-0.0156585979
-0.0167929729
-0.0009674434
-0.015489282600000001
-0.016402651100000002
-0.0011394449000000002
-0.0162048887
-0.016791157900000003
-0.0083574458
-0.0005324484000000001
-0.0160246955
-0.0163836662
-0.008366242500000001
-1.65891e-05
-0.0106516421
-0.0167209416
-0.0157821752
-0.0011660044000000001
-0.0164133233
-0.0062793071
-0.0022689194
-0.0167258542
-0.0147050332
-3.54167e-05
-0.0125044183
-0.016399626100000002
-0.016363713300000002
-6.50859e-05
-0.0037149299000000004
-0.0166532421
-0.0168197986
-0.0023548778000000003
-0.0140533393
-0.0163379282
-2.08846e-05
-0.0166647371
-0.0167464847
-0.0011908699
-0.005451098400000001
-0.015144384200000001
-0.0162793642
-0.0016090822
-0.0004203661
-0.016050904100000003
-0.016768748700000002
-0.0005359574
-0.0075681265
-0.0163873325
-0.0007722099
-0.0164093545
-0.0167812601
-0.006631586500000001
-0.0008768023000000001
-0.016192825
-0.0163538155
-0.0072923554000000005
-1.77023e-05
-0.011958091200000001
-0.0166911151
-0.015095463900000002
-0.0016924754
-0.0163965527
-0.014988947600000002
-3.42067e-05
-0.0167153272
-0.013676799400000002
-2.67168e-05
-0.013409316800000001
-0.0163772774
-0.013847590900000002
-3.44729e-05
-0.0048219468
-0.0166339063
-0.0167577982
-0.0014858316000000002
-0.014706485200000001
-0.0162898549
-1.74361e-05
-0.0158131754
-0.0165930567
-0.0007227572
-0.0066512853
-0.0163853602
-0.0161596105
-0.010366626600000001
-0.0006912851000000001
-0.0162760367
-0.0167674782
-0.007410136800000001
-0.0006246383
-0.0163822989
-0.0082326464
-0.0014395249
-0.016677805100000002
-0.005204960200000001
-0.0013319559
-0.0162912827
-0.0163322412
-0.015253635100000001
-2.40064e-05
-0.0130708435
-0.0167019446
-0.014249698100000001
-2.5337400000000002e-05
-0.0163722075
-0.016057958400000003
-6.60902e-05
-0.0166205237
-0.012589348200000001
-5.30585e-05
-0.014271175600000002
-0.0163553764
-0.016296594600000002
-1.91422e-05
-0.0060083881
-0.0166378267
-0.0166838672
-0.0009842624
-0.0152816466
-0.0162161054
-1.65286e-05
-0.0161221489
-0.0164018767
-0.0004693469
-0.015910217400000003
-0.016344583200000002
-0.008807904600000001
-1.6540700000000002e-05
-0.010428627000000001
-0.016664446700000002
-0.015787390300000002
-0.0001484791
-0.0162143872
-0.0163312369
-0.0002597386
-0.012353313500000001
-0.01677302
-4.15756e-05
-0.012172370100000001
-0.0163491207
-0.014600634400000001
-0.0046318921
-4.1212600000000006e-05
-0.016598041900000002
-0.0167755126
-0.0025459489
-0.0033105842
-0.0163556668
-0.0029813311000000003
-0.0052720668
-0.0167190056
-0.016250542
-0.0017095485000000001
-0.0003697397
-0.0166227138
-0.0165083809
-0.0005984660000000001
-0.0072176137
-0.016330752900000002
-0.009627110900000001
-0.0095655098
-0.0166345839
-0.0002290167
-0.0093811421
-0.016350911500000002
-0.0156847702
-0.007552529600000001
-1.6976300000000002e-05
-0.011637162900000001
-0.016647446200000002
-0.0048427951
-0.0015327917000000002
-0.0162895766
-0.015038170400000002
-2.8495500000000002e-05
-0.016580932500000003
-0.013958197
-0.0027339466000000003
-0.0163566106
0.0466748788
-0.0139363686
-3.7752e-05
-0.0044923186000000006
-0.0165971949
-0.0122106061
-0.0017111094
-0.014487886600000001
-0.0163282603
-0.0022527417
-0.006545434500000001
-0.0165928147
-0.00021099980000000002
-0.0154009889
-0.016349302200000002
-0.0161599977
-0.0011993641
-0.0005914722000000001
-0.0161636156
-0.0167131129
-0.0078432684
-0.0005404223
-0.016329313
-0.0083799397
-1.65044e-05
-0.016423838200000002
-0.005766968900000001
-0.0011594946
-0.0162070546
-0.0162917667
-0.0061608239
-2.0533700000000003e-05
-0.012656442700000001
-0.0166506043
-0.0146150697
-3.32629e-05
-0.016325307900000002
-0.014396991400000001
-6.15769e-05
-0.014186112600000002
-0.0130443082
-0.0036701599000000004
-0.0163422358
-0.016315422200000002
-0.012989313700000001
-2.10056e-05
-0.0055977746
-0.0165738661
-0.016652165200000003
-0.0011809237
-0.005509493000000001
-0.0163116349
-0.0014680446000000002
-0.00042251990000000003
-0.0165894751
-0.0005576406000000001
-0.007625891900000001
-0.016323117800000002
-0.015934659400000002
-0.0006770071
-0.0009267269000000001
-0.0163197903
-0.0166947814
-0.006619680100000001
-0.0008869905000000001
-0.016118615700000002
-0.0155168222
-1.76418e-05
-0.016481349500000003
-0.014985656400000002
-0.0017337122000000002
-0.0162677482
-0.0162698899
-0.004916520400000001
-3.6070100000000006e-05
-0.013675178000000001
-0.0166319461
-0.013565140600000001
-2.6753100000000003e-05
-0.016308948700000003
-0.016247553300000002
-2.9415100000000002e-05
-0.0048806681
-0.0166485231
-8.952790000000001e-05
-0.016309868300000002
-0.016195317600000002
-0.011971159200000001
-1.70247e-05
-0.006954559700000001
-0.0165709016
-0.0164917313
-0.0002777797
-0.006756422200000001
-0.0162779727
-0.0101132526
-0.0007123391
-0.016581186600000002
-0.0002628725
-0.016011639600000002
-0.0162771862
-0.0157162786
-0.00042082590000000003
-0.0014559325
-0.0164324413
-0.0167042799
-0.005085533200000001
-0.0013702282
-0.016227418900000002
-0.015118320800000001
-2.53616e-05
-0.013093204300000001
-0.0167154724
-0.0024965083000000002
-0.016292262800000002
-0.0162516794
-0.0037954312000000002
-7.23822e-05
-0.014529002400000001
-0.0166401257
-0.012432495900000002
-5.4849300000000004e-05
-0.014255639200000001
-0.0162844099
-0.0024018621000000003
-0.0061624937000000005
-0.016648256900000002
-0.0009613571000000001
-0.015252969600000001
-0.0162635132
-0.0107686128
-1.6468100000000002e-05
-0.0005335616
-0.0160579221
-0.0162528894
-0.0003802909
-0.0081323253
-0.0162891289
-0.0087343366
-1.6468100000000002e-05
-0.0163547109
-0.015609181500000001
-0.0010807841
-0.0162824134
-0.015358033900000002
-0.0002298032
-0.0021341012000000003
-0.012440288300000001
-0.016598404900000002
-0.0038165941000000004
-0.0020316747
-0.0162791464
-0.016245242200000003
-7.96301e-05
-0.014036278300000002
-0.0166944184
-3.5937000000000005e-05
-0.0162942714
-0.0162235106
-0.0028904359
-0.0001445708
-0.005444419200000001
-0.0165279345
-0.0166106017
-0.0001234805
-0.014926439000000001
-0.0162616377
-0.011574787400000001
-0.0003865103
-0.0158867313
-0.0163837872
-0.007284647700000001
-0.0162500822
-0.0253755392
-0.0008196782000000001
-0.0008879222
-0.0162747783
-0.0166643499
-0.0065302006
-0.0008069611000000001
-0.0160417807
-0.0155985093
-0.0003488551
-0.011818614500000001
-0.0166840971
-0.0016131357000000002
-0.0162803927
-0.014890598800000002
-0.0053057774
-3.17746e-05
-0.0135098799
-0.0166014662
-0.013645714500000001
-2.6269100000000002e-05
-0.013230442500000002
-0.0162726124
-0.0035198779
-0.0047105784
-0.0165336941
-0.0118341146
-0.0145496692
-0.0162577536
-0.012186394000000001
-1.71457e-05
-0.0066837859
-0.016525538700000002
-0.0164937278
-0.0007619128000000001
-0.006521149800000001
-0.0162654129
-0.0160543284
-1.6468100000000002e-05
-0.016130328500000003
-0.016126444400000002
-0.0006040441
-0.0162655339
-0.0157467948
-0.00046904440000000003
-0.0013273458
-0.0163830612
-0.016563520600000003
-0.0053150339
-0.0012524347
-0.016161365
-0.016231109400000002
-0.006022145800000001
-0.0024443694
-0.0165827838
-0.0034604669
-0.0125868435
-0.0162176058
-0.0040791762
-6.330720000000001e-05
-0.004034720800000001
-0.016514370400000002
-0.016672856200000002
-4.91986e-05
-0.014105708100000001
-0.016263489000000002
-0.012831868500000001
-0.0001870781
-0.016523760000000002
-0.0106302493
-0.005691162400000001
-0.016258515900000003
-0.0110299365
-1.64318e-05
-0.008067287800000001
-0.0159741901
-0.016267433600000002
-0.00042253200000000004
-0.007864467600000001
-0.0162541478
-0.0158759865
-1.6480200000000002e-05
-0.0163063472
-0.0166442639
-0.0001427679
-0.016257910900000002
-0.015435558600000001
-0.0002735689
-0.0019541379
-0.0164432829
-0.0165650331
-0.014745084200000001
-0.0018911090000000002
-0.016236578600000003
-0.016215500400000003
-0.004819962400000001
-0.0033516516000000004
-0.0164982411
-0.0024678676
-0.013578329600000001
-0.0162062197
-0.0030662126000000002
-0.0001244727
-0.015010824400000001
-0.016509373100000002
-0.0166219999
-0.0013317986000000001
-0.014768037900000001
-0.016244250000000002
-0.011719818000000002
-1.66617e-05
-0.0157821631
-0.0164152472
-0.0003049079
-0.016256821900000003
-0.009787653700000001
-1.64318e-05
-0.0093838041
-0.0162008352
-0.0166287517
-0.007019318900000001
-0.009156554
-0.0162500096
-0.0156301629
-0.0003981747
-0.0114414817
-0.0165511544
-6.56546e-05
-0.0161966244
-0.014969357700000002
-0.0001376496
-0.0027812818000000003
-0.016481131700000002
-0.0166635634
-0.0030422425000000003
-0.0026869986
-0.0162555272
-0.016200617400000002
3.63e-08
-0.0043842172
-0.016583243600000002
-0.0017008244000000002
-0.014403973100000002
-0.0161699681
-0.0022337326
-0.00024087470000000002
-0.015536327400000001
-0.0166009217
-0.0100029611
-0.0062006087000000005
-0.0162541962
-0.0160611649
-0.0011986744000000002
-0.0086585059
-0.016513959
-0.007678914100000001
-0.0083579298
-0.0157848735
-0.0005562249
-0.0012545643
-0.0163487093
-0.0166405129
-0.0055081862
-0.0011640321
-0.0161276302
-0.016210890300000003
-0.00022063140000000002
-0.0022954668
-0.0165569019
-0.0036639526
-0.012402645200000001
-0.016197592400000002
-6.45172e-05
0.0015568344000000001
-0.0141265806
-0.0165710347
-0.0128986484
-4.0668100000000005e-05
-0.0138831044
-0.016183955700000002
-0.002717418
-0.00016261190000000001
-0.0164885369
-0.0108790132
-0.005423667700000001
-0.016215778700000003
-0.0014881427
-0.0004253513
-0.0158964234
-0.0165095183
-0.0163198024
-0.0004972616
-0.015687637900000002
-0.016207478100000002
-0.0091713281
-1.63834e-05
-0.016248412400000002
-0.016611969
-0.0001724855
-0.0160493432
-0.007078596800000001
-1.76297e-05
-0.011924840400000001
-0.016538812400000002
-0.014886533200000001
-4.6524500000000005e-05
-0.0117215362
-0.0162347394
-0.0147273456
-3.4606e-05
-0.013636397500000001
-0.016649612100000002
-2.87859e-05
-0.0162282901
-0.0032555171000000003
-3.02984e-05
-0.0049484039
-0.0164870244
-0.0166006434
-0.0014588123000000002
-0.004742038400000001
-0.0162438991
-0.0161367052
-0.0019311237
-0.0069442989000000005
-0.016590019600000002
-0.0095516916
-0.0067598223
-0.0159862901
-1.63592e-05
-0.0006932332000000001
-0.0161232379
-0.0166078671
-0.0073536661000000005
-0.0006559289
-0.0159282948
-0.0162047435
-0.007903042400000001
-1.65165e-05
-0.0163566832
-0.015281416700000001
-0.0013681954000000001
-0.0162320411
-0.005727825400000001
-2.34377e-05
-0.0129546351
-0.0165434104
-0.014145613900000001
-2.61723e-05
-0.0127643505
-0.016228084400000002
-0.014014812900000001
-4.5931600000000006e-05
-0.014425486900000001
-0.016624782900000003
-0.001900184
-0.0142220859
-0.0125776354
-1.85009e-05
-0.0060412638
-0.0164888999
-0.0165252241
-0.0009922726
-0.005947234700000001
-0.0162357316
-0.0160632461
-0.0012943491
-0.0005168636
-0.016504847700000002
-0.0081839318
-0.0080023108
-0.0161953297
-0.0006167007
-0.0010804937
-0.016285995
-0.0166146431
-0.0156332726
-0.00013899270000000002
-0.0100493041
-0.0161882512
-0.0066788128
-1.90091e-05
-0.012383382
-0.0166289332
-3.36864e-05
-0.016213697500000002
-0.0046494734000000005
-4.53387e-05
-0.0139448507
-0.0165523523
-0.013173512
-3.5779700000000006e-05
-0.013694538000000001
-0.016217642100000002
-0.0132669845
-0.0001384845
-0.015069025400000002
-0.0165796257
-0.0012720367
-0.0148874407
-0.0115516885
-0.00037186930000000003
-0.1015021447
-0.0165068079
-0.0163746638
-0.0005894031
-0.0072618513
-0.016235888900000002
-0.009536760200000001
-1.6395500000000003e-05
-0.009516892
-0.0165149754
-0.0068896916
-0.0093237639
-0.0161937809
-0.0003593337
-0.0116239255
-0.0165347589
-0.016629816500000002
-0.004826835200000001
-0.0015930739
-0.0161800353
-0.0161939624
-0.00012465420000000002
-0.0028682203
-0.016456496100000002
-0.0166415172
-2.70072e-05
-0.016240220700000002
-0.003556674
-0.0046533696
-0.0164834549
-0.0165719059
-0.0121027588
-7.45602e-05
-0.014480638700000001
-0.0162182713
-0.0122611478
-0.0002645181
-0.0155769713
-0.0165855305
-0.0008315846000000001
-0.006450485800000001
-0.0507510784
-1.6456e-05
-0.0160816381
-0.0165991188
1.4883e-06
-0.0003457091
-0.0085349407
-0.0162208244
-0.0157300847
-0.0004946238000000001
-0.010880368400000002
-0.016520420400000003
-0.0154816112
-0.0012650066000000001
-0.016123443600000002
-0.015146247600000001
-0.0023611214
-0.016539974000000002
-0.0166331561
-0.0037523915
-0.0023330736
-0.0162330938
-0.0161755341
-0.004142144600000001
-5.8939100000000006e-05
-0.014253473300000001
-0.016621757900000003
-0.0021756405
-0.014061857700000001
-0.0161615949
-0.00017610340000000002
-0.016478772200000002
-0.016574386400000002
-0.010938158
-0.00015775980000000002
-0.015048576400000001
-0.0162104305
-0.0111323146
-1.64197e-05
-0.0079039741
-0.0164941997
-0.0086685731
-0.007675477700000001
-0.0162347031
-0.009133152600000001
-0.010057096500000001
-0.0165061182
-0.015779113900000002
-0.0001737923
-0.0098586444
-0.01604944
-0.015457193400000001
-0.0002945382
-0.0019190116000000002
-0.0164116414
-0.0166293567
-4.3063900000000006e-05
-0.0161931154
-0.014702746300000001
-3.7401100000000003e-05
-0.016453108100000002
-0.0166265011
-0.0026590839000000003
-0.003147331
-0.013476508100000001
-0.0162115921
-0.0032806004000000004
-0.00011390940000000001
-0.014929899600000001
-0.0165554499
-0.011668235700000001
-0.0048541570000000004
-0.0162017427
-0.0018743384
-0.0157066954
-0.0165800008
-0.0095573544
-0.0002958208
-0.0154945098
-0.0162180535
-0.0159688298
-1.64439e-05
-0.009168605600000001
-0.0165014476
-0.016026050700000002
-0.0007041111
-0.016219311900000002
-0.0078205809
-0.0015052279000000001
-0.0165140558
-0.015275572400000001
-8.14814e-05
-0.01107029
-0.0161448364
-0.01617649
-0.0001554608
-0.0026756488000000004
-0.016430807800000002
-0.0166171115
-0.0032952414
-0.012840641000000002
-0.016161207700000003
-4.4891e-05
-0.0144405877
-0.016601429900000002
-0.0019419048000000002
-0.0041069094
-0.0142369568
-0.016181596200000002
-0.0125275535
-0.00021433940000000002
-0.015416295400000002
-0.016559818
-0.010457134600000001
-0.0060119939
-0.0162176784
-0.0012320341000000002
-0.008372280400000001
-0.016575378600000003
-0.0082334208
-0.0005045458000000001
-0.0081643177
-0.0162099344
-0.0157722411
-0.0005730681000000001
-0.001140546
-0.0164963414
-0.015609653400000001
-0.0001429615
-0.016075237200000002
-0.016163845500000003
-0.0002269476
-0.016404212
-0.014655641
-3.9095100000000005e-05
-0.0020849026000000002
-0.0161917723
-0.0161524594
-0.0044643192000000005
-4.50241e-05
-0.0126877696
-0.016520505100000003
-0.0024079363
-0.0034789194
-0.016178571200000002
-0.0028068249
-0.0150853241
-0.0165438581
-0.0013014397000000002
-0.00012851410000000002
-0.014893672200000001
-0.0161876341
-0.0113827362
-1.6480200000000002e-05
-0.0074305979000000005
7.018e-07
-0.0163395133
-0.0003595394
-0.0161992622
-0.0093899993
-1.63834e-05
-0.0164769451
-0.006814102900000001
-0.0008084736000000001
-0.0094138
-0.0162009078
-0.015510820600000001
-0.0003424179
-0.0016704171
-0.016501399200000003
-0.0150521217
-6.156480000000001e-05
-0.0161499789
-0.0161554844
-0.0001188099
-0.0164244069
-0.013780883600000002
-2.81567e-05
-0.0028642515
-0.016211096
-0.0161426463
-0.0034868328000000003
-9.02055e-05
-0.016448026100000002
-0.0165843447
-0.0016828801000000001
-0.0045138203000000005
-0.0161814994
-0.0020586456
-0.0066244233000000005
-0.016556272700000003
-0.0008165322000000001
-0.0064948807
-0.015376341200000001
-0.0161810759
-0.0103304597
-1.6407600000000002e-05
-0.008749643100000001
-0.0165715913
0.0122064558
-0.0005730681000000001
-0.0158339753
-0.015719182600000003
-1.6480200000000002e-05
-0.0165039644
-0.005439143600000001
-0.0012442914000000002
-0.0106399535
-0.016199117000000002
-0.0151616509
-0.00019618940000000002
-0.0024124496000000003
-0.016415005200000003
-0.014325480400000002
-2.97418e-05
-0.012560187200000001
-0.0161495554
-5.98829e-05
-0.0507510784
-0.0166056649
-4.8932400000000006e-05
-0.014023464400000001
-0.0162045499
-0.0161257668
-0.0025943247
-0.00017928570000000002
-0.0152706477
-0.0165453827
-0.010719353700000002
-0.005651450200000001
-0.0162072119
-0.0111113211
-0.000455686
-0.016562250100000002
-0.00047891800000000005
-0.0078278288
-0.016198427300000002
-0.015830744600000002
-0.0090120437
-1.63834e-05
-0.0162344006
-0.016591350600000002
-0.006288841900000001
-0.0009537825000000001
-0.0161926677
-0.0153984237
-0.0019104448000000001
-0.0165061666
-0.0042661696
-0.0018756936
-0.016162405600000002
-0.0161601792
-0.014577753300000001
-8.49178e-05
-0.0032501326000000004
-0.016524171400000003
-0.013428144400000001
-3.18714e-05
-0.0135029224
-0.0161479824
-2.79389e-05
-0.014915065000000002
-0.016563932
-0.0001058266
-0.0147203034
-0.0161784986
-0.011752379100000002
-0.001791042
-0.0003278253
-0.0164577545
-0.0163822263
-0.0006719251
-0.006983890100000001
-0.016172121900000003
-0.0098462419
-0.0161267832
-0.0071586141
-0.009088189
-0.0162044168
-0.0161650555
-0.0077167145
-1.67343e-05
-0.011369510900000001
-0.016502488200000002
-0.0049588704
-0.0014555211
-0.0161378184
-0.015000406300000001
-2.6692600000000003e-05
-0.0164280127
-0.0139467141
-0.0026654001
-0.016211701000000002
-0.0162022146
-0.0139529214
-4.24226e-05
-0.0043316669
-0.016449550700000003
-0.012251141100000001
-6.446880000000001e-05
-0.014296379900000001
-0.0161283199
-0.0022862345
-0.006297360300000001
-0.016468075800000002
-0.00020889440000000002
-0.015251493400000002
-0.0162096803
-0.016016806300000002
-0.0012133638000000001
-0.0005591894
-0.0160124019
-0.0165880836
-0.007958399900000001
-0.0005271728000000001
-0.0162075265
-0.0085031177
6.1468e-06
-0.016290847100000002
-0.0057184721
-0.0011284702
-0.016090338000000003
-0.016172376000000002
-0.006365217100000001
-2.0110200000000003e-05
-0.012528267400000001
-0.016510232200000002
-0.014442366400000002
-3.0177400000000003e-05
-0.0122823107
-0.016151467200000002
-6.63322e-05
-0.0140766802
-0.0129425956
-0.0035586342000000003
-0.0162123302
-0.0161867992
-0.013008516400000001
-2.1296e-05
-0.0054804651
-0.0164488489
-0.0165337062
-0.0011743534
-0.0149517159
-0.0161811364
-0.0015343042
-0.00040796360000000005
-0.016570853200000003
-0.0005299679
-0.0156505272
-0.0161741426
4.72989e-05
-0.0007450091000000001
-0.0009154981000000001
-0.016208143600000002
-0.016592294400000002
-0.00018752580000000002
-0.0096118407
-0.0162019121
-0.015469995200000001
-1.73151e-05
-0.0165067232
-0.0044979451
-0.011569052000000002
-0.016200448000000003
0.0117660521
-0.0051123226
-3.27063e-05
-0.0135112835
-0.0165310442
-0.013599504600000001
-0.0029408566
-0.0162168798
-0.0161527256
-3.3214500000000005e-05
-0.0147546311
-0.0165352671
-8.720470000000001e-05
-0.0162100554
-0.0161031882
-0.0120266377
-1.6903700000000002e-05
-0.006751582200000001
-0.016465268600000003
-0.016422168400000003
-0.0002588916
-0.015410451100000002
-0.016180374100000002
-0.0009972336000000001
-0.0006763053000000001
-0.0165715429
-0.0002812766
-0.0158784065
-0.0161668342
-0.007935627700000001
-1.65286e-05
-0.0110259677
-0.0164950467
-0.0152827719
-8.06102e-05
-0.0108470813
-0.016204453100000002
-0.0057859901
-0.0024914626
-0.0165283217
-0.0033233497000000004
-0.012700281
-0.0161974109
-0.013999845200000001
-4.80491e-05
-0.0040130376
-0.0164552014
-0.0165981387
-0.0018998936000000001
-0.003986962100000001
-0.016216057000000002
-0.0126237606
-1.8839700000000002e-05
-0.0153256906
-0.016489033
-0.005802446100000001
-0.0161993832
-0.0160209082
-0.0012659867
-0.0004993912
-0.015933993900000002
-0.0165754028
-0.0004125253
-0.007997059400000001
-0.0162038239
-0.015791722100000002
-1.63834e-05
-0.0162596412
-0.0156302718
-0.0010261405
-0.0162059172
-0.0153045156
-0.00023605890000000002
-1.8246800000000003e-05
-0.0121723096
-0.0165030811
-0.014629033100000001
-0.0019605993
-0.016170488400000002
-0.0161484785
-7.451180000000001e-05
2.30868e-05
-0.0166083874
-3.3783200000000005e-05
-0.0162149922
-0.016145017900000003
-0.0028354535
-0.0001340801
-0.0052332016
-0.01654554
-0.0112274569
-0.0001149742
-0.014795638000000002
-0.0161818866
-0.0016350972000000001
-0.007283377200000001
-0.0165522676
-0.0090131811
-0.015534294600000002
-0.016167124600000003
-0.0094456956
-1.6395500000000003e-05
-0.0094384719
-0.0164708951
-0.015853783
-0.0002075271
-0.015945767200000002
-0.0161620547
-0.00034355530000000005
-0.0016082231
-0.0164898074
-5.7547600000000004e-05
-0.0161361002
-0.016141690400000002
-0.0052223842
-0.00011411510000000001
-0.0028673128
-0.0164099716
-0.0165942546
-2.5047000000000003e-05
-0.0130845286
-0.0161754494
-0.013677791600000001
-8.35747e-05
-0.0165317097
-0.0016478990000000002
-0.014404505500000001
-0.0161699802
-0.012129148900000001
-0.0020152187000000003
-0.00023869670000000001
-0.015489815
-0.016436748900000003
-0.0008093932
-0.0063624704
-0.0161930307
-0.0159690234
-1.6407600000000002e-05
-0.0160191779
-0.0160769917
-0.008503662200000001
-0.0161839436
-0.0156353417
-0.00045713800000000005
-1.6335000000000002e-05
-0.0107253916
-0.0164788932
-0.015386335800000001
-0.0012138115000000001
-0.0160751646
-0.0161466272
-0.00017662370000000001
-0.0022548229
-0.0165863654
-2.9620800000000003e-05
-0.0161750501
-0.016131611100000002
-0.0039846994000000005
-5.08926e-05
-0.0038117541
-0.0165138622
-0.0127642779
-4.4080300000000006e-05
-0.013943096200000001
-0.0161718678
-0.0024411871
-0.0056604042
-0.0165304392
-0.0010707169
-0.0150077752
-0.0161641359
-0.010913111000000001
-1.6407600000000002e-05
-0.00043247820000000004
-0.015857316200000002
-0.016553647
-0.00046196590000000004
-0.007703767500000001
-0.0161877551
-0.0158100899
-1.64197e-05
-0.0162143267
-0.0156780789
-0.0009329342
-0.0161843066
-0.015338468200000002
-0.006739482200000001
-1.7690200000000002e-05
-0.0119665128
-0.0164983379
-0.014742809400000001
-0.0017984351000000002
-0.0161641964
-0.0161550367
-8.514770000000001e-05
-0.0031711317
-0.0165195492
-3.09881e-05
-0.016210115900000002
-0.016146881300000002
-0.0030283396000000003
-2.5748800000000003e-05
-0.004931149300000001
-0.0164570648
-0.016569219700000002
-0.0013938353
-0.004839540200000001
-0.0162216351
-0.0116814368
-0.0003091066
-0.0156870692
-0.0163997713
-0.0068369235000000006
-0.016199673600000002
-0.015935022400000002
-0.0008400546
-0.0007270164000000001
-0.0161341521
-0.0165975579
-0.007025744
-0.000678931
-0.015929299100000002
-0.015603627600000001
-0.00038613520000000003
-0.0112757238
-0.0166226291
-0.0014192937
-0.016224781100000002
-0.014929996400000001
-0.005483841000000001
-2.54584e-05
-0.0131008757
-0.016550670400000002
-0.013914128800000002
-0.0025579279
-0.016242604400000003
-0.0161955233
-3.98453e-05
0.09426432400000001
-0.016632309100000003
-6.185520000000001e-05
-0.0162610327
-0.0161616191
-0.0021946496
-0.0002201716
-0.0062324075
-0.0164950467
-0.0100643202
-0.00020169490000000002
-0.015257410300000001
-0.016229500100000002
-0.0011504196000000002
-0.0005512276
-0.016617341400000003
-0.0003704536
-0.0158554649
-0.016225495
-0.0083224768
-0.0005255272
-0.0011704693
-0.0163339594
-0.0166451351
-0.00011374
-0.0103647753
-0.0162582497
-0.015240748600000001
-1.9251100000000003e-05
-0.016454354400000003
-0.0145127037
-0.0020931427000000003
-0.0162522602
-0.0142888174
-5.7995300000000004e-05
-0.0035852421000000002
-0.0164977571
-0.0166596551
-0.0021515978
-0.0035326918000000004
-0.0162624968
-0.0129662148
-2.1199200000000002e-05
-0.015162945600000002
-0.0165732006
-0.0053156873
-0.0162618192
-0.0161235888
-0.0014838109
-0.00039587570000000004
-0.0158791567
-0.0166263317
-0.0086457162
-0.0003633509
-0.0156603282
-0.016234049700000003
-0.0007320984000000001
-0.009718127100000001
-0.016641202600000002
-0.00017753120000000002
-0.0160478912
-0.016225809600000002
-0.0069799939
-1.70247e-05
-0.011767685600000001
-0.0164253991
-0.0149111325
-4.4806300000000005e-05
-0.011601238000000002
-0.0162532524
-0.004954708
-3.29725e-05
-0.0164993664
-0.013519160600000002
-0.0029528356
-0.0162472387
-0.013490156900000001
-2.83866e-05
-0.0046851684
-0.0165044726
-0.016626126
-0.0014462646
-0.0046105477
-0.0162731932
-0.0161600945
-1.66012e-05
-0.0156431462
-0.0164701207
-0.0002505305
-0.0162683895
-0.0160057711
-0.0009482407000000001
-0.0006682104000000001
-0.0161313812
-0.0166327931
-0.0072763592000000005
-0.0253755392
-0.015923745200000002
-0.0156827979
-0.00043350670000000003
-0.0110609851
-0.016661470100000002
-7.890410000000001e-05
-0.0162738587
-0.0150227429
-0.0056287506
-2.25302e-05
-0.0128689066
-0.016577544500000003
-0.0141238218
-2.4345200000000002e-05
-0.0162600526
-0.0162143146
-0.0037918254
-0.0040264081
-0.0165934197
-0.0018552446
-0.0162686073
-0.016176816700000003
-0.0022946682
-0.00019280140000000001
-0.0153802858
-0.0166075041
-0.0103545145
-0.0001754984
-0.015156726200000002
-0.0162324525
-0.0012503656
-0.008082037700000001
-0.0166342088
-0.008156368
-0.0157776861
-0.0158222262
-0.0005819253000000001
-1.63592e-05
-0.0102719925
-0.0165504284
-0.015602139300000002
-0.0001181565
-0.010080340600000001
-0.016262182200000003
-0.0065075252
-1.87792e-05
-0.0164554797
-0.014562216900000001
-0.0120327482
-0.0162187069
-0.014454369600000001
-6.97202e-05
-0.0034376584000000003
-0.016505622100000002
-0.016670992800000003
-0.0022689557000000003
-0.0033449482000000004
-0.0162646385
-0.0161908285
-2.43573e-05
-0.015046906600000002
-0.016601151600000003
-0.0012245684
-0.016262242700000002
-0.011468730900000002
-0.0016235296
-0.00034436600000000003
-0.0157961991
-0.016623984300000002
-0.008998661100000001
-0.00032671210000000003
-0.015602816900000002
-0.0162363729
-0.0007983822
-0.0008206583
-0.0165490611
-0.0067031217
0.0467457848
-0.015566250700000001
-0.000320529
-1.67222e-05
-0.0115844311
-0.0165735031
-0.0150129782
-4.6790700000000006e-05
-0.011348819900000001
-0.0162379217
7.502e-07
-2.9112600000000003e-05
-0.016510341100000003
-0.0166867833
-2.4768700000000002e-05
-0.016261383600000002
-0.0033636669000000003
-8.6394e-05
-0.004523754400000001
-0.0165272085
-0.016657465
-0.0015823291000000002
-0.004413136200000001
-0.0162536759
-0.012014828100000001
-1.694e-05
-0.015579076700000001
-0.016622810600000003
-0.00022812130000000001
-0.0162669012
-0.0101370291
-1.62866e-05
-0.0087201554
-0.0165481294
-0.016651306100000002
-0.007505484800000001
-0.0005620692000000001
0.00018234700000000002
-0.0157308591
-0.00046335740000000004
-0.0012797444000000001
-0.0165706233
-0.0154120846
-0.010643111600000001
-0.016241358100000002
-0.00016832310000000001
-0.0022822899
-0.016491319900000002
-0.016596928700000003
-0.0143143847
-2.6184400000000003e-05
-0.016274681500000002
-0.0162415033
-0.0040641117
-5.60351e-05
-0.0165173349
-0.0127061979
-0.0037421670000000002
-0.0162055542
-0.0024811050000000004
-0.0001644995
-0.0152589712
-0.016619713
-0.0107482969
-0.0001493261
-0.015078802200000001
-0.0162582376
-0.010962503200000001
-0.00043458360000000004
-0.0165450439
-0.016317503400000002
-0.0076237865
-0.0162499007
-0.0006339311
-0.0009378952000000001
-0.0162901453
-0.0166676532
-0.015807222200000002
-0.00016494720000000002
-0.016092007800000002
-0.0162449034
-0.006437260500000001
-1.74966e-05
-0.0164538462
-0.016689046000000003
-0.0019359516000000002
-0.016281348600000002
-0.0036190979000000002
-3.20166e-05
-0.013487978900000001
-0.0165982234
-0.0166922525
-0.0030428717
-0.0031745681
-0.0162711604
-0.013115867600000001
-2.34256e-05
-0.004848954
-0.0166193863
-0.0014457201000000002
-0.0147522111
-0.0161579286
-1.6456e-05
-0.006795384200000001
-0.0165290961
-0.016476461100000003
-0.0096173704
-0.0002904242
-0.0162689824
-0.0159591619
-0.0007728149
-0.0007030221
-0.016549085300000002
-0.007310396500000001
-0.0090222077
-0.0162413097
-0.0003353636
-0.0014209151
-0.0164040426
-0.016664773400000003
-0.0051723749
-0.0014284292
-0.016196176700000002
-0.0162370989
-0.0052323546
-0.0025893032000000003
-0.016485161
-0.0141632557
-0.0025563428000000003
-0.016260911700000002
-0.0034875346000000002
-6.42389e-05
-0.0143707707
-0.0166009822
-0.012559824200000002
-5.55753e-05
-0.0142694211
-0.016264965200000002
-0.0122605065
-1.7327200000000002e-05
-0.015392168000000001
-0.016552582200000002
-0.000946704
-0.015239429700000001
-0.010461684200000002
-1.6407600000000002e-05
-0.008111682700000001
-0.0165403733
-0.0162470935
-0.00039251190000000005
-0.008156017100000001
-0.0162710878
-0.0157861319
-0.0005198402
-0.0011045727
-0.016565468700000002
-0.0058409241
-0.0102950672
-0.0162426286
-0.0002005696
-0.0020826762
-0.016470411100000002
-0.0166838672
-0.0038302187
-0.0020708061
-0.0162690066
-0.0162381516
-0.004292717000000001
-4.49152e-05
-0.0165225258
-0.013083028200000001
-3.7376900000000005e-05
-0.0162966914
-0.002623522
-0.005385697900000001
-0.015148111
-0.016631450000000002
-0.0111798434
-0.0001282721
-0.0149557694
-0.016263658400000002
-0.0111447413
-1.6395500000000003e-05
-0.0158617932
-0.0166393876
-0.0005565274
-0.015693107100000003
-0.0159145855
-1.6395500000000003e-05
-0.0096465556
-0.016557773100000003
-0.015929577400000002
-0.00020549430000000002
-0.0095266809
-0.016279848200000002
-0.015460109500000001
-0.0002768843
-0.0016679608
-0.0165877327
-0.004625067700000001
-0.0016336089
-0.0162817479
-9.206890000000001e-05
-0.013412898400000001
-0.016515810300000003
-0.016694188500000002
-0.0028784327
-0.0029096386
-0.0162878947
-0.016228471600000002
-2.8120400000000003e-05
-0.0045134452000000005
-0.016525454000000002
-0.0166625954
-8.3974e-05
-0.0162932792
-0.0018178072000000001
-0.0066306185
-0.0165326656
-0.0166362658
-0.0097915015
-0.0002533014
-0.0154501875
-0.0162648321
-0.009889475200000001
-1.63834e-05
-0.0161431182
-0.016656775300000003
-0.00029721230000000003
-0.0159552536
-0.0156627724
-1.6407600000000002e-05
-0.0163904906
-0.016671694600000002
-0.0054121122
-9.675160000000001e-05
-0.0107915544
-0.0162866726
-0.005680816900000001
-2.18526e-05
-0.012830731100000001
-0.0165916652
3.751e-07
-0.0023688049000000003
-0.016279872400000003
-4.2834000000000004e-05
-0.014227942300000001
-0.0166158894
-0.012757078400000002
-0.0020465819000000003
-0.0038829989000000002
-0.0162892136
-0.0161967454
-1.8198400000000002e-05
-0.005745890700000001
-0.0165282612
-0.0165937585
-0.0001697872
-0.016280513700000002
-0.010625022100000001
-0.00045764620000000004
-0.016544281600000002
-0.0163112356
-0.00046179650000000006
-0.0079152513
-0.015806956
-0.015847854
-0.0005901412
-0.0010077122
-0.0163174066
-0.015747932200000002
-0.000153065
-0.016114780000000002
-0.015334680900000001
-0.0019130221000000002
-0.0164653654
-0.0166841697
-0.0041612142
-0.0019132036
-0.016256132200000002
-0.0162441169
-0.0045076372
-3.7994e-05
-0.0165216546
-0.0166928696
-3.1677800000000004e-05
-0.016283877500000002
-0.0131424876
-0.00012144770000000001
-0.016524703800000002
-0.0166331924
-0.0013465485
-0.005051871
-0.014853972100000001
7.018e-07
-0.0015905571
-0.00034132890000000004
-0.0157904032
-0.016639448100000002
-0.0006017209
-0.015607487500000001
-0.015952289100000003
-1.63713e-05
-0.0162025534
-0.0166469259
-0.0069943445
-0.000744755
-0.016014446800000002
-0.0162761456
-0.0155674365
-1.67948e-05
-0.0114034514
-0.016579238500000003
-0.015182874300000001
-0.0015330821
-0.0162781663
-0.005173669600000001
-0.0027356164000000003
-0.016603874100000002
-0.0139636662
-2.68862e-05
-0.013104590400000001
-0.0162823892
-0.013686394700000002
-3.3226600000000005e-05
-0.0043012959
-0.0165249579
-0.012238714400000001
-0.0043192039000000005
-0.0162866121
-0.012095389900000001
-0.0063058908
-0.0166251822
-0.0101917937
-0.0008816302000000001
-0.006232831
-0.0162764723
-0.016046209300000003
-0.0010509576000000001
-0.0084586986
-0.0165398167
-0.0161979675
-0.0005510219
-0.0158867918
-0.0080775607
-0.0011901802000000002
-0.0165591283
-0.015561120300000002
-0.0001106182
-0.0011423610000000002
-0.0161515277
-0.016235973600000002
-0.0060615192000000005
-2.04248e-05
-0.016473411900000002
-0.0166785674
-0.0035854236
-0.0123376682
-0.016231859600000002
-0.0042111872
-0.014181684000000002
-0.0166731466
-0.0019995734000000003
-0.0035924174000000002
-0.0138941396
-0.0162595807
-0.013061115100000001
-0.00016044600000000002
-0.0152883258
-0.016632841500000002
-0.0105060186
-0.005380942600000001
-0.016277791200000002
-0.0015637314000000002
-0.0077740806
-0.0166452924
-0.0084137229
-0.0003901403
-0.015703246900000002
-0.016238805000000002
-0.0091547511
-1.63834e-05
-0.0098866438
-0.016550864000000002
-0.0063387423
-0.0018305001000000001
-0.016581852100000002
-0.0148445099
-0.0017497689000000002
-0.0162340134
-0.0162321984
-9.778010000000001e-05
-0.013659460100000001
-0.0165930809
-0.0024210285
-0.0133208174
-0.0162186222
-3.3783200000000005e-05
-0.0049347067
-0.016621201300000003
-9.077420000000001e-05
-0.0144843776
-0.016252441700000002
-0.0019950117000000003
-0.00032493340000000004
-0.015759899100000002
-0.016639811100000002
-0.0089948496
-0.006654407100000001
-0.016245992400000003
-0.0010504131
-0.0161972778
-0.016657912700000003
-0.006777318900000001
-0.0006490077000000001
-0.0159524222
-0.0162355622
-0.015702666100000002
-1.65891e-05
-0.0112554442
-0.0165717244
-0.015178106900000002
-0.0013726845
-0.016264686900000002
-0.015017358400000002
-2.36434e-05
-0.0165838365
-0.014095362600000001
-2.58577e-05
-0.0128534549
-0.0162595686
-0.0138589044
-3.86232e-05
-0.004067778
-0.016602240600000002
-0.0166644104
-0.0016850944000000002
-0.014277382900000002
-0.016183701600000003
-1.73151e-05
-0.015393874100000001
-0.01657579
-0.0009954307
-0.0060207906
-0.0162949369
-0.0160699374
-0.0010690834
-0.0005029486
-0.0160154511
-0.0166504954
-0.0083387271
-0.008150547900000001
-0.016262037
-0.0080874827
-0.0010543214000000001
-0.0166688511
0.025356614800000003
-0.0010883829
-0.0161483454
-0.0162412129
-0.005966534200000001
-1.8464600000000003e-05
-0.0015859712
-0.0166766798
-0.0041316902
-0.0020357766
-0.016279654600000002
-0.014186088400000001
-0.0033357885000000003
-0.016600111
-0.0025774694000000003
-0.0035030589
-0.016294344000000002
-0.0162700109
-0.012694860200000001
-1.96746e-05
-0.0050710737
-0.016624395700000003
-0.011471997900000001
-0.00012024980000000001
-0.014941878600000002
-0.0161262871
-0.0013521871000000002
-0.0157844258
-0.0164399312
-0.0003458906
-0.0156657974
-0.0162841316
-0.0159013481
-0.0006309182
-0.0008098288
-0.016232500900000002
-0.0159717701
-0.00021788470000000002
-0.009460251900000001
-0.0162464522
-0.006716105000000001
-0.011523386600000001
-0.0166759901
-6.29684e-05
-0.0114984243
-0.0162754922
-0.0145977667
-8.599470000000001e-05
-0.0028168921
-0.0165043879
-0.016692603400000002
-0.0029965408
-0.0028936545
-0.0162710515
-0.0030130089
-0.0044516384
-0.0166155264
-0.0017286181000000002
-0.0045586992
-0.016295541900000002
-0.016165345900000003
-0.0017005461
-0.0002453517
-0.015570122700000001
-0.0166374395
-0.010017396400000001
-0.0002422299
-0.016282292400000002
-0.009710782400000001
-1.63592e-05
-0.0161129287
-0.0076975723
-0.0005984297000000001
-0.0159336914
-0.0162491505
-0.007528583700000001
-1.6407600000000002e-05
-0.0107274002
-0.016571881700000003
-0.015510288200000001
-0.00010598390000000001
-0.016181209000000002
-0.0162405111
-0.0001293732
-0.012602041100000001
-0.016680769600000003
-3.17383e-05
-0.0126389824
-0.0162729512
-0.013827166100000001
-3.68929e-05
-0.0037136594000000004
-0.0165161007
-0.0166825725
-0.0021627782000000003
-0.0038439401
-0.0162709426
-0.0021117404
-0.000170005
-0.016522840400000002
-0.0011268488
-0.0057208437000000004
-0.016282377100000002
-0.016085619000000002
-0.0011307329
-0.00043015500000000004
-0.0159402617
-0.0166466597
-0.0086874007
-0.00042929590000000004
-0.015780614300000002
-0.015809884200000002
-1.6395500000000003e-05
-0.016292395900000003
-0.0063889089
-0.0009580296000000001
-0.0161110169
-0.0162493441
-0.0063021035000000005
-1.7617600000000002e-05
-0.011939735500000001
-0.016678664200000002
-0.004305046900000001
-0.0018787186000000001
-0.0162717775
9.69815e-05
-3.56103e-05
-0.016506844200000002
-0.0026089536
-0.0032041042000000002
-0.016284736600000002
-0.0162158755
-0.0027481157
-0.0001101705
-0.014916202400000002
-0.0166185272
-0.0013902658000000002
-0.004917972400000001
-0.0162879189
-0.016154383300000002
-1.64439e-05
-0.0157066107
-0.016465631600000002
-0.0003003099
-0.0162796062
-0.0159539468
-0.0007519424
-0.0007152431000000001
-0.016172315500000003
-0.0166560493
-0.0071387701000000005
-0.0007033851000000001
-0.0162791585
-0.015513664100000001
-0.00031172020000000004
-0.011166448700000001
-0.0166718398
-8.02472e-05
-0.016271475
-0.014735416300000002
-0.0001047981
-2.30989e-05
-0.012976717600000002
-0.0165818037
-0.0141549067
-2.7140300000000002e-05
-0.012940478100000001
-0.0162672521
-0.0032571385000000003
-6.76874e-05
-0.0165087439
-0.0125278439
-0.014353298300000001
-0.0253755392
-0.011948374900000001
-1.6685900000000002e-05
-0.006017717200000001
-0.016515398900000002
-0.016564996800000002
-0.0009953944
-0.006211305100000001
-0.0162687041
-0.0160214043
-1.6322900000000003e-05
-0.0159986805
-0.0162739434
-0.0004303002
-0.016273991800000002
-0.007823630100000001
-0.0011131274000000001
-0.0163269535
-0.016659885000000003
-0.0060696383
-0.0011358149
-0.0161523989
-0.016240983
-0.00015548500000000002
-0.0020544832000000002
-0.016573938700000002
-0.004051927
-0.012315404200000001
-0.0162628356
-0.0162213447
-0.014034741600000001
-0.0038166183000000005
-4.6234100000000005e-05
-4.31486e-05
-0.0034811942
9.106460000000001e-05
-0.0165829411
-0.0166706177
-0.013251109300000001
-0.0024587079
-0.0035372777000000004
-0.013863780700000002
-0.0162641424
-0.0126405796
-1.93479e-05
-0.015092269500000002
-0.0166114124
-0.011329726100000001
-0.0013119425000000001
-0.0001351449
-0.005354637200000001
-0.014988378900000002
-0.0162800539
-0.0162540147
-0.0161010949
-0.010857559900000001
-0.0013120514000000002
-1.6407600000000002e-05
-0.00036861440000000005
-0.0073723001000000005
-0.0158203628
-0.016530257700000002
-0.016405397800000002
-0.0090928838
-0.0003629274
-0.007379983600000001
-0.015676421200000002
-0.0162407652
-0.000636581
-0.0095964132
-0.016558692700000002
-0.0166594373
-0.015935095
-0.0067971387
-0.0008451487
-0.009569043000000001
-0.016065569300000002
-0.0162749477
-0.016241273400000002
-0.015426241600000001
-0.0067557809
-0.0002598475
-1.6758500000000002e-05
-0.0016501496
-0.0116346582
-0.0164231001
-0.0165670054
-0.0150579539
-0.0046139962000000005
-5.46194e-05
-0.011601117000000001
-0.0162747783
-0.0048069549
-3.03589e-05
-0.0165003828
-0.0165908182
-0.0166812657
-0.0137442811
-0.0028814698
-2.8047800000000003e-05
-0.0133041557
-0.0162624847
-0.0133778326
-2.6970900000000003e-05
-0.0045580458
-0.0146950628
-0.0166435742
-0.0015876168
-0.0046080067
-0.016274124900000003
-0.0161554844
-1.66496e-05
-0.015603555000000002
-0.0164912594
-0.0065520048000000004
-0.0162709789
-0.016004186
-0.0009176882
-0.0006381782000000001
-0.0088056782
-0.0166459821
-0.0075731722000000005
-0.0006054114000000001
-0.0159288877
-0.0162436813
-0.00041503000000000004
-0.0108883907
-0.0166663101
-9.543270000000001e-05
-0.016171795200000002
-0.0162244302
-0.0055930798
-2.178e-05
-0.0127744419
-0.0165801944
-0.0142939962
-2.5252700000000003e-05
-0.012637917600000001
-0.0162638641
-0.0037250697000000004
-0.003939518
-0.0166008854
-0.0126672238
-0.0141189213
-0.0162598106
-0.0124546631
-1.81621e-05
-0.005799167
-0.0165147939
-0.0165666182
-0.00017133600000000001
-0.0151588195
-0.0162468394
-0.0011929632
-0.0079455134
-0.016630808700000003
-0.008500455700000001
-0.0157839902
-0.0162463917
-0.008497079800000001
-1.63834e-05
-0.0100786103
-0.0162974416
-0.0157524939
-0.0001557754
-0.0100747504
-0.0162658122
-0.0152916412
-1.79927e-05
-0.016448219700000002
-0.0147802226
-0.0019385894
-0.0162590241
-0.014370081000000002
-6.656210000000001e-05
-0.0032498664000000003
-0.0137297127
-0.0166770428
-0.0025655267
-0.0032649793000000004
-0.0162848576
-0.0162132982
-2.25302e-05
-0.0149630052
-0.016626476900000003
-0.0050228431
-0.0162465974
-0.0112856337
-1.63834e-05
-0.0070501134
-0.016521727200000003
-0.0164308441
-0.0006281352
-0.007121225100000001
-0.0162671916
-0.0159447629
-1.63713e-05
-0.0162005811
-0.015989557100000003
-0.0007751744
-0.0162625936
-0.015514970900000001
-0.00031043760000000004
-0.0015356352
-0.011381852900000001
-0.0165639804
-0.0048509384
-0.0015191429000000001
-0.0161974593
-0.016228193300000002
-0.0001071334
-0.0131789812
-0.0166697949
-0.003104981
-0.0162705796
-0.0135964433
-0.0032804794000000003
-7.6109e-05
-0.014588389200000001
-0.0166038136
-0.012229869300000001
-7.14626e-05
-0.0144401279
-0.016176453700000003
-0.0019314988
-0.006343945300000001
-0.016632781000000003
-0.0101731839
-0.015375409500000001
-0.0160234492
-0.0009891629000000001
-0.0005737941
-0.0085305968
-0.0165322421
-0.0078558766
-0.0005660259
-0.01589819
-0.0162366149
-0.007895613000000001
-0.0012280411
-0.0165559581
-0.0056231604000000004
-0.0161588966
-0.0150955849
-0.0057828199000000005
-2.05216e-05
-0.0126042554
-0.0165900075
-0.0144301454
-2.9899100000000003e-05
-0.0162656186
-0.0162267413
-0.0038811597
-0.0037660766000000004
-0.016594436100000002
-0.012854096200000002
-0.014011872600000001
-0.0161821649
-0.0023741047
-1.92027e-05
-0.005622567500000001
-0.016514455100000002
-0.0165914111
-0.0011486167000000001
-0.015086764
-0.0162449881
-0.0108325008
-0.0004131666
-0.0158979964
-0.0163400094
-0.007636189000000001
-0.016241164500000002
-0.0087091565
-1.63592e-05
-0.0098652389
-0.0162684984
-0.0166541738
-0.00016769390000000002
-0.009830100500000001
-0.0162652072
-0.0153856219
-1.75813e-05
-0.0164364948
-0.014889546100000001
-0.0018014964000000002
-0.0162672884
-0.014526872800000002
-7.86016e-05
-0.0031209651000000003
-0.0165038797
-0.0166731224
-0.0026662471
-0.0031244499000000004
-0.0162773314
-0.0162033762
-2.45872e-05
-0.014861207900000001
-0.016630893400000003
-0.0001003816
-0.0162758431
-0.0161376974
-0.0016332701
-0.0002973817
-0.0156994475
-0.016617341400000003
-0.0096921968
-0.0002932677
-0.0155426194
-0.0162480857
-0.0008453423
-0.0090923514
-0.0165479237
-0.0074047039
-0.015984063700000002
-0.0155932337
-0.00036153590000000005
-1.65044e-05
-0.011221056
-0.016569861
-0.015344772300000002
-8.5426e-05
-0.0113000448
-0.0162685347
-0.0053359427000000004
-0.0026172179
-0.016483600100000002
-0.0033519904
-0.012887226000000002
-0.0162306859
-0.0035502489
-6.96839e-05
-0.004178735
-0.016512458600000002
-0.0166696497
-5.94836e-05
-0.014315098600000001
-0.0162600526
-0.0122920391
-0.0002089791
-0.015418606500000001
-0.010472876700000001
-0.0059939044000000006
-0.0162512317
-0.0104196367
-1.63471e-05
-0.0082096806
-0.0165430716
-0.0162642634
-0.0004136869
-0.0081720859
-0.0162807194
-0.008328623600000001
-1.64197e-05
-0.016331007
-0.0156445256
-0.0102959021
-0.0162746936
-0.015247923900000002
-0.00020052120000000001
-0.002076844
-0.0164753963
-0.0166808422
-0.0039495247
-0.0020842129
-0.0162622185
-0.0162279876
-6.51101e-05
-0.013957398400000001
-0.016600824900000002
-0.0024053227000000003
-0.0162842768
-0.1015021447
-0.0026532154
-0.00013597980000000002
-0.0151071767
-0.0166138929
-0.0112916716
-0.0001294579
-0.0149704225
-0.016259459700000003
-0.011236568200000002
-0.0003816461
-0.0165260711
-0.009056620100000001
-0.007290443600000001
-0.016242108300000002
-0.009230460800000001
-1.64197e-05
-0.0096147447
-0.0165462297
-0.0159381926
-0.0002144725
-0.0094825885
-0.0507510784
-0.007028490700000001
-1.70852e-05
-0.0164305174
-0.0047235738
-0.0114726997
-0.0162261242
-0.005002055300000001
-3.0008e-05
1.1567600000000001e-05
-0.0164905092
-0.0166699764
-2.7890500000000003e-05
-0.0132565422
-0.016264323900000002
-0.013579757400000001
-8.998770000000001e-05
-0.0165146366
-0.012029118200000001
-0.0045051446
-0.016253046700000003
-0.0119970774
-1.6831100000000002e-05
-0.0065514361
-0.0165246917
-0.0164940787
-0.0007781752
-0.015439116000000001
-0.0162454842
-0.0099782529
-0.0006318741000000001
-0.016125028700000002
-0.007637217500000001
-0.0086330959
-0.016238611400000002
-0.0079304852
-1.6456e-05
-0.010908379900000001
-0.016372098600000003
-0.016663502900000002
-0.0054189366
-0.0012728837
-0.0161765868
-0.016236191400000002
-0.005823100800000001
-2.2143e-05
-0.012825770100000002
-0.0166812657
-0.0035204103000000004
-0.0023586167000000002
-0.016252211800000003
1.815e-07
-0.0039916085
-0.016601212100000002
-0.0020375432000000002
-0.0039036294
-0.0162815301
-0.0162549222
-0.0126673327
-1.8900200000000002e-05
-0.0153266465
-0.0166123925
-0.010731477900000001
-0.0001719652
-0.0162628356
-0.0160913544
-0.0004605502
-0.0165317218
-0.0085298345
-0.00044663520000000004
-0.015782610800000003
-0.0162416001
-0.0087198529
-1.6407600000000002e-05
-0.0101190485
-0.0165576279
-0.0157552164
-0.0001618133
-0.0161094802
0.09381084020000001
-0.0002497803
-0.012104682700000001
-0.014813049900000002
-0.0018870071
-0.011947443200000001
-0.0162620612
-0.014547067700000001
-7.91824e-05
-0.0032588204
-0.0165854579
-0.013427212700000002
-3.16899e-05
-0.0135575781
-0.0162068489
-2.5494700000000002e-05
-0.0149498041
-0.016621588500000003
-0.00010687930000000001
-0.014791693400000002
-0.0162452664
-0.0161428157
-0.0016740350000000001
-0.000329967
-0.0165198638
-0.016438576
-0.0006685976
-0.0069975631000000005
-0.0162400876
-0.0096921
-0.0093195289
-0.0166399684
-0.0002543178
-0.0091585989
-0.016261964400000002
-0.015616054300000001
-0.0075911891
-1.66496e-05
0.0058312683
-0.016653447800000002
-0.005062712600000001
-0.0014608693000000002
-0.0162550674
-0.014960585200000001
-2.45751e-05
-0.0164774412
-0.014020512
-0.0026285798
-0.016261298900000002
-0.016209535100000002
-0.0036328072
-7.76941e-05
-0.014538888100000001
-0.0165994697
-0.0123256287
-6.48318e-05
-0.014357388100000002
-0.016183229700000003
-1.76297e-05
-0.015473467900000001
-0.0165307054
-0.0002052765
-0.0152964207
-0.016243741800000003
-0.010457255600000001
-1.63713e-05
-0.008312143400000001
-0.016536283500000002
-0.016223801
-0.00038782920000000003
-0.0082595931
-0.016242132500000003
-0.0005395632
-0.0011508310000000002
-0.016558995200000003
-0.0001225125
-0.010353849
-0.0162700351
-0.0152821306
-0.00021104820000000002
-0.0021209243000000003
-0.0164608763
-0.0166669272
-0.0038651151
-0.0020898394
-0.0162499491
-0.014394922300000002
-4.84847e-05
-0.0165006611
-0.013060461700000001
-0.0035158244000000004
-0.0162725519
-0.0161945432
-0.0027473050000000002
-0.00015161300000000001
-0.0054487752
-0.0166018897
-0.0111648757
-0.000130075
-0.014954402100000002
-0.0162449276
-0.0015665507000000001
-0.0074884722
-0.016624782900000003
-0.0003605921
-0.015672452400000002
-0.0162475896
-0.0093151971
-0.0007539631
-0.0008634197000000001
-0.016549775000000003
-0.0159058977
-0.00020634130000000002
-0.0095065949
-0.0162658727
-0.0072850954
-0.0017112062000000001
-0.0165702119
-0.0045971288
-0.011526786700000001
-0.016268958200000003
-0.014814259900000001
-0.005140322
-3.16052e-05
-0.0134544619
-0.0165948596
-0.0136888752
-0.0028828613
-0.0162751171
-0.0162176784
-3.22586e-05
-0.014760814200000002
-0.0166431628
-0.0044728981
-0.0162828006
-0.0161705852
-0.0019921319
-0.0002651352
-0.015624137100000001
-0.016628533900000003
-0.0098033232
-0.00024314950000000002
-0.0154170577
-0.0160566637
-1.63592e-05
-0.0087820832
-0.016647664
-0.0006081581000000001
-0.015935458
-0.0162477227
-0.008153209900000001
-1.6480200000000002e-05
-0.0109349152
-0.016572414100000002
-0.015433029700000002
-0.0012629617000000002
-0.0161863394
-0.016236832700000002
-0.00017891060000000002
-0.0023780614
-0.0166874972
-2.6559500000000002e-05
-0.0162652556
-0.016227418900000002
-0.0040873921
-5.29012e-05
-0.003964891700000001
-0.0165195129
-0.0166735459
-0.0019760147
-0.014056691000000001
-0.016262932400000003
-0.012834203800000001
-0.000182105
-0.016530560200000002
-0.010647830600000002
0.0058715008
-0.016260657600000002
-0.0110399311
-1.6407600000000002e-05
-0.00046290970000000003
-0.0159664219
-0.016308017
-0.0004536774
-0.0077776501
-0.0162723946
-0.0159029332
-1.63592e-05
-0.0163077992
-0.0157462261
-0.0009484948000000001
-0.0162706159
-0.0154381601
-0.0002695396
-0.0019458978
1.4157e-06
-0.0165748462
-0.0041288951
-0.0018268338000000002
-0.0162411403
-0.016225337700000002
-9.581990000000001e-05
-0.0032607685000000004
-0.016599905300000002
-0.0025285249
-0.0162840227
-0.016215778700000003
-0.0031905643
-0.000120395
-0.014969708600000001
-0.0165203236
-0.0166230163
-0.00010074460000000001
-0.014737727400000001
-0.0162574269
-0.011847037400000001
-0.0003296161
-0.015755591500000003
-0.0092514906
-0.006854855700000001
-0.016255769200000002
-0.0099620752
-1.63834e-05
-0.0093141444
-0.016556030700000002
-0.0159740207
-0.00022946440000000003
-0.009100591500000001
-0.0162789649
-0.0156844314
-1.6819000000000003e-05
-0.016429501000000003
-0.015183467200000002
-0.0014511288000000002
-0.0162728423
-0.0150293374
-0.00014643420000000002
-0.0027282717000000002
-0.016497745
-0.016686214600000002
-0.0030901343
-0.0026046944
-0.0162716081
-0.0162207397
-4.41287e-05
3.509e-07
-0.0166122836
-0.0017663701000000002
-0.0162919603
-0.0161924741
-0.0022531289
-0.0002352966
-0.0155073237
-0.016632647900000002
-0.010131910800000001
-0.00020133190000000002
-0.015302398100000001
-0.0162565315
-0.0105466988
-0.0005707933
-0.0165514085
-0.0077611457
-0.0081990084
-0.016247553300000002
-0.0084464897
-1.6322900000000003e-05
-0.0106203757
-0.016568880900000003
3.509e-07
-0.00010232970000000001
-0.010407161600000001
-0.0162726971
-0.015258705000000001
-2.01707e-05
-0.0125168329
-0.0166739573
-2.8761700000000003e-05
-0.0162623395
-0.014333260700000001
-6.58119e-05
-0.0036917947000000002
-0.0165129426
-0.0166720092
-0.0021547922
-0.0035664024000000003
-0.016263597900000003
-0.013020640600000001
-2.2106700000000003e-05
-0.015208223800000002
-0.0165894267
-0.00013316050000000001
-0.0162712572
-0.011319743600000001
-1.63834e-05
-0.007656432300000001
-0.015899170100000002
-0.016641142100000002
-0.0086103237
-0.0003755235
-0.016273374700000003
-0.0159394268
-0.0007356195
-0.0009426505
-0.016558801600000003
-0.0063294253
-0.016063427600000003
-0.015508231200000002
-0.0003022096
-0.0018009156000000001
-0.0118904522
-0.016574773600000002
-0.0148461918
-0.0017379109000000002
-0.0162274068
-0.016225833800000002
-0.0049986794
-0.0031295924
-0.0165925122
-0.0026111800000000003
-0.0133748318
-0.016215863400000002
-0.0032387586
-0.0001060686
-0.0148470751
-0.016613735600000002
-0.011591703200000001
-8.633350000000001e-05
-0.0146056559
-0.0162570276
-0.0119883291
-0.0002909566
-0.0165409057
-0.0094407346
-0.00026473590000000003
-0.016259157200000002
-0.010014371400000001
-1.6395500000000003e-05
-0.009060601000000001
-0.0165605319
0.0029215571
-0.00025005860000000004
-0.0088522995
-0.0162823892
-0.015698189100000003
-1.6540700000000002e-05
-0.016396540600000002
-0.0166685728
-7.388260000000001e-05
-0.0162898307
-0.0150981501
-0.0001571427
-0.0025580973
-0.0164997778
-0.016693934400000002
-0.0032069961
-0.0024113727
-0.0162766175
-0.0162318475
-0.003895232
-0.0041564105
-0.016614703600000003
-0.0017776836000000002
-0.014199168500000001
-0.0162057357
-0.0023648966
-0.00020756340000000002
-0.015451191800000002
-0.0166310749
-0.016551553700000003
-0.0031719424
-0.0151924454
-0.016259859
-0.0108738344
-1.63713e-05
-0.0160355976
-0.016225737
-0.0004755784
-0.0162481946
-0.0086943582
-1.62987e-05
-0.0104312164
-0.016570913700000002
-0.0155703889
-0.0001158575
-0.0102064105
-0.016283708100000002
-0.015361772800000001
-0.00024170960000000001
-0.012373568900000001
-0.016688804
-3.10244e-05
-0.016252478
-0.0145490037
-7.829910000000001e-05
-0.0035421298
-0.0165261316
-0.016690546400000002
-0.012977721900000001
-0.0031719424
-0.016292904100000002
-0.0162241882
-0.0029505245
-0.0001375165
-0.016533004400000002
-0.0110052767
-0.0050991699000000005
-0.0161626718
-0.0016624432
-0.00037779830000000004
-0.015854956700000002
-0.016651657
-0.0163824199
-0.0005113339000000001
-0.015625964200000002
-0.016256955
-0.0095366392
-1.63471e-05
-0.0162607786
-0.0166680404
-0.0007891862000000001
-0.016285619900000003
-0.0074139241
-1.71699e-05
-0.0116964287
-0.0165914474
-0.0166888766
-0.0044225621
-0.0015708462000000002
-0.0162855231
-0.0149284597
-0.0001242549
-0.0029153861000000003
-0.0166096579
-0.0027648621000000003
-0.0131954614
-0.0162387324
-3.4956900000000004e-05
-0.0046209537
-0.016540700000000002
-0.0166700369
-0.001516977
-0.0044249337000000005
-0.0162936301
-0.0161949909
-0.0020886778
-0.0002775861
-0.0165442332
-0.0096207584
-0.0063841899
-0.016264699
-0.0010948443
-0.0006418203000000001
-0.0161367052
-0.0166606836
-0.0073697591000000005
-0.0005710595
-0.015911887200000002
-0.0162589031
-0.008295215500000001
-1.3164800000000001e-05
-0.016399347800000002
-0.015331680100000002
-0.0012151546000000002
-0.016248714900000003
-0.0001883849
-0.0024225410000000003
-0.0128363576
-0.016609597400000002
-0.0141402294
-2.25665e-05
-0.012516845
-0.0162769442
-0.014281787300000001
-5.7390300000000005e-05
-0.014311746900000002
-0.0166706177
-0.0018717974
-0.0140505079
-0.0128789738
-2.03764e-05
-0.0058034988
-0.0165280555
-0.0165608465
-0.0009763248
-0.0056524545
-0.0162910528
-0.0161282352
-0.0014133526
-0.0079967448
-0.0165496056
-0.0082481949
-0.007714621200000001
-0.016246609500000002
-0.0006753131
-0.0010114148
-0.0163124577
-0.016663079400000003
-0.0060640844
-0.0009441751
-0.0160978884
-0.016244274200000002
-0.0068492292
-1.8041100000000002e-05
-0.0164727343
-0.0147048517
-3.51505e-05
-0.016257910900000002
-0.0048244999
-4.01962e-05
-0.0137970855
-0.016619289500000002
-0.013241501900000001
-0.0024090011
-0.0135249202
-0.016277488700000002
-0.013444322100000001
-2.6825700000000003e-05
-0.005109152400000001
-0.0166223871
-0.0012625624
-0.0147641538
-0.011818687100000001
-0.0003336212
-0.0071751911000000005
-0.0165407121
-0.0164243464
-0.0005929242000000001
-0.0068913372
-0.0162823287
-0.016023800100000003
-0.0009608005000000001
-0.0007721857
-0.016567997600000002
-0.0158844928
-0.0006907769
-0.0162791706
-0.0004425696
-0.0114154304
-0.0164261251
-0.01668348
-0.0047659359000000005
-0.0014342977000000002
-0.0162097166
-0.016243221500000002
-0.0001535006
-0.002716571
-0.0165076065
-0.013797714700000002
-2.1622700000000002e-05
-0.016284180000000002
-0.0038084750000000004
-0.0044194282000000005
-0.0165304029
-0.016662522800000003
-0.011989502800000001
-6.08751e-05
-0.014298618400000001
-0.0162665382
-0.0125933775
-0.0002344012
-0.0155413852
-0.016636314200000002
-0.0007847092
-0.0060823433
-0.016257910900000002
-1.63834e-05
-0.0160869742
-0.016649358
-0.0161742999
-0.00033001540000000005
-0.008197520100000001
-0.0162796062
-0.0158418161
-1.6407600000000002e-05
-0.0106297774
-0.0165664246
-0.015482821200000002
-0.0011213917
-0.016268292700000003
-0.00022447920000000002
-0.012576498
-0.0165844173
-0.0166799831
-0.0035597716000000004
-0.002112297
-0.0162580924
-0.0162245512
-7.34954e-05
-0.0036335695000000003
-0.0165142494
-0.0166771759
-3.97001e-05
-0.0162855231
-0.013151127
-2.26512e-05
-0.0165312378
-0.010853252300000001
-0.0001293732
-0.0149392045
-0.0162554183
-0.011461930700000001
-0.0004033656
-0.015883645800000002
-0.016638480100000002
-0.0004903041
-0.007374429700000001
-0.0162397609
-1.6322900000000003e-05
-0.016265824300000002
-0.016668076700000003
-0.006473064400000001
-0.00017341720000000002
-0.0094302197
-0.0162729754
-0.0031719424
-1.72909e-05
-0.0117926116
-0.0165672837
-0.0043434644
-0.0016337541
-0.016217279100000002
-0.000108295
-0.013461976
-0.016583158900000002
-0.013588796100000002
-0.0027422593
-0.0028639248
-0.016271838
-0.0162109266
-3.2815200000000004e-05
-0.004678658600000001
-0.0165033352
-0.0117121466
0.0007751986
-0.0162605124
-0.012053221400000001
-0.006723292400000001
-0.016513620200000002
-0.0164666117
-0.0007450696000000001
-0.0066022924
-0.016254716500000002
-0.016018802800000002
-0.0010241198
-0.0006717799
-0.0161198378
-0.016631921900000003
-0.000285439
-0.0159260442
-0.015704686800000003
-1.64197e-05
-0.0163640884
-0.0166487409
-0.0052520292
-0.0012846449
-0.016165769400000002
-0.016257076000000002
-0.0058692502
-2.29537e-05
-0.012885604600000001
-0.016578052700000002
-0.0033220066000000004
-0.0126618877
-0.016218392300000002
-0.003925603000000001
-0.014342614000000002
-0.0166608772
-0.0019675568
-5.2211500000000007e-05
-0.014110826400000002
-0.0162543172
-0.0127075047
-1.98077e-05
-0.015351887100000001
-0.0166187813
-0.0106072714
-0.005772547
-0.016248303500000002
-0.0108314602
-0.0080336377
-0.0166464419
-0.008440476
-0.000453266
-0.007834822600000001
-0.0162785051
-0.0158741594
-0.0006432239
-0.0101825614
-0.016560967500000003
-0.015746214
-0.0001503304
-0.0161075079
-0.015416077600000001
-0.0020010133
-0.0165788876
-0.014809359400000001
-4.19023e-05
-0.0019279414000000002
-0.0162518367
-0.0162313272
-0.0047521661
-4.0656000000000005e-05
-0.0165131846
-0.016681132600000002
-0.0025687211
-0.0136373171
-0.0162084824
-2.58093e-05
-0.016521122200000002
-0.011513876000000001
-0.0013814449
-0.004998013900000001
-0.016287084
-0.0161628049
-0.0017283156000000002
-0.0003491092
-0.0157834094
-0.016438418700000002
-0.0006307367
-0.015604765000000001
-0.016252550600000002
-0.0008724705
-0.0162258459
-0.016008554100000003
-0.007080157700000001
-0.0007462312
-0.016014942900000002
-0.0162408741
-0.007576717500000001
-1.68553e-05
-0.016430614200000002
-0.0166785311
-0.005011711100000001
-0.0015008235
-0.016280767800000002
-0.005519039900000001
-0.0132347864
-0.016688549900000002
-0.0031758386
-2.6910400000000002e-05
-0.013037217600000001
-0.0162723704
-0.0139041947
-4.06076e-05
-0.0043674345000000005
-0.016610759000000003
-0.0123167594
-6.647740000000001e-05
-0.0162858861
-0.0161923652
-1.7762800000000002e-05
-0.016529326
-0.0102222857
-0.00021254860000000003
-0.006198696900000001
-0.0162873381
-0.0160855585
-0.0011788909
-0.0005726567000000001
1.1374000000000002e-05
-0.0162284232
-0.0003700543
-0.008436192600000001
-0.0162478074
-0.0005400956000000001
-0.0163581957
-0.015590015100000002
-0.0001209274
-0.010527629200000001
-0.016282316600000003
-0.016245387400000002
-0.006260189100000001
-0.0022342892
-0.0164874721
-0.016691659600000002
-0.0038920497
-0.0124262281
-0.0162792795
-6.721550000000001e-05
-0.014093946900000001
-0.0166923372
-0.0023670867000000003
-0.0036360621000000003
-0.013949485000000001
-0.016282377100000002
-0.0130183295
-2.18042e-05
-0.0054996799
-0.016625061200000003
-0.011233543200000001
-0.0001403237
-0.016287870500000003
-0.011282366700000001
-1.6456e-05
-0.0165544214
-0.0089967372
-0.00038438070000000005
-0.007504855600000001
-0.0162918877
-0.015937878000000003
-0.0007173364000000001
-0.0009179423
1.6940000000000002e-07
-0.0159017111
-0.00019808910000000001
-0.0097436581
-0.016249162600000002
-1.73877e-05
-0.0164415647
-0.0150606038
-5.7390300000000005e-05
-0.011703725000000002
-0.016284264700000002
-0.014748847300000001
-0.00010311620000000001
-0.0030246612
-0.016517092900000002
-0.0166956405
-0.002863586
-0.0134024924
-0.0162319322
-3.08792e-05
-0.014781614100000002
-0.0166653784
-0.0015990029
-0.0046890888
-0.0162973206
-0.016183145
-0.011998747200000002
-0.0002893231
-0.0156619859
-0.0166447116
-0.0098058642
-0.000271282
-0.0162795336
-0.010119883400000002
-0.0006859853000000001
-0.0165592977
-0.0075244697000000004
-0.0006593895000000001
-0.0159844025
-0.0162622911
-0.015714657200000003
-0.00044644160000000005
-0.011094260100000001
-0.0165750156
-0.0154246807
-9.15486e-05
-0.0161980401
-0.015105978800000001
-2.36434e-05
-0.016494538500000003
-0.0142989572
-2.8253500000000003e-05
-0.012788296400000001
-0.016275068700000003
-0.0141149162
-0.0039272123
-0.0040728116
-0.016530778
-0.0166874004
-0.0020154002
-0.014247266000000001
-0.0162172307
-0.0023636987000000003
-0.0059712411
-0.0165954767
-0.0010469525
-0.005999470400000001
-0.0162874107
-0.0161049427
-0.0012493976000000002
-0.0005186544
-0.0160137692
-0.016651693300000003
-0.0083838359
-0.0004875332
-0.0162889232
-0.008665439200000001
-0.0010662036000000001
-0.016571409800000002
-0.0062418697
-0.0010737056
-0.0161475347
-0.0162526716
-0.0065347381000000005
-1.9118000000000002e-05
-0.012275522600000002
-0.016590189
-0.014805027600000001
-4.1515100000000005e-05
-0.0162620249
-0.0145090132
-7.86984e-05
-0.013867168700000002
-0.013407997900000001
-3.71954e-05
-0.013765335100000001
-0.0162763392
-0.0132325237
-2.3353e-05
-0.0051993216
-0.0165402039
-0.016648644100000002
-0.0013650736
-0.0149539544
-0.016282207700000002
-0.0016186896000000002
-0.007318709200000001
-0.016463139
-0.0006445428000000001
-0.0072956829
-0.016290593000000003
-0.015968067500000002
-0.0008119705
-0.0008334601000000001
-0.016240741
-0.0166622566
-0.0070968920000000005
-0.0094397061
-0.013480755200000001
-0.0073274575000000005
-0.0016258407000000002
-0.016593492300000002
-7.4294e-05
-0.0115270166
-0.0162956871
-0.014854081000000002
-0.005229704700000001
-2.9693400000000003e-05
-0.0133354826
-0.016707462200000002
-0.0031699217000000003
-0.0028667199
-0.0163179027
-0.013776249300000001
-8.73741e-05
-0.016563859400000002
-0.0017885494
-0.004472934400000001
-0.0163329793
-0.0162208849
-0.0020449242
-1.7327200000000002e-05
-0.0156166714
-0.0166779261
-0.010270806700000001
-0.00023930170000000003
-0.0154441859
-0.0161020387
-1.62987e-05
-0.016150438700000002
-0.016262605700000002
-0.0005997849
-0.0159809419
-0.016300454500000002
-0.008200424100000001
-0.000495737
-0.0012693021000000002
-0.1015021447
-0.0156422992
-0.0001172248
-0.010742113800000001
-0.0163358712
-0.0061127385
-0.0023537767000000004
-0.016641480900000002
-0.0037630879000000003
-0.0126125439
-0.0163223434
-0.0143081774
-5.8806000000000006e-05
-5.63255e-05
-0.0142269017
-0.0167420561
-0.0022292677000000003
-0.0038818736000000003
-0.0163516496
-0.012914596200000001
-2.07757e-05
-0.0165915321
-0.011015852100000001
-0.005684773600000001
-0.016345720600000002
-0.0161839436
-0.0014519395000000001
-1.64197e-05
-0.0078783221
-0.0159588352
-0.0088237798
-0.0004417347
-0.0158171442
-0.016313837100000003
-0.0007165257
-0.010022841400000001
-0.016715569200000002
-0.0001895102
-0.016168867
-0.016300636
-0.0155116313
-0.00028591090000000004
-0.0018684699
-0.016506457000000002
-0.016735727800000003
-0.0045702547
-0.0018795293000000001
-0.0163327736
-0.0049500374
-3.65541e-05
-0.0165667029
-0.0167401322
-0.0028130201000000003
-0.013594979200000001
-0.016328054600000003
-2.8253500000000003e-05
-0.014944153400000002
-0.016709979
-0.0015466099
-0.004920610200000001
-0.0163486851
-0.016222893500000002
-0.011871043800000002
-0.0003119864
-0.015774782100000002
-0.016690631100000002
-0.0097531929
-0.007013474600000001
-0.0163455996
-0.009890709400000001
-0.0007227693
-0.0167181949
-0.0003006729
-0.0092221118
-0.016075043600000002
-0.0163069401
-0.007799853600000001
-1.67222e-05
-0.0112840123
-0.0166388189
-0.0052901563
-0.0014898851
-0.0162703376
-0.015114182600000001
-2.57972e-05
-0.0166533268
-0.0033934571000000004
-0.0026773428000000004
-0.0130201324
-0.0163344555
-0.014116658600000002
-4.68996e-05
-0.0042060084
-0.0166662375
-0.012609107500000001
-6.91031e-05
-0.014401686200000001
-0.0162587337
-1.85614e-05
-0.015492973100000001
-0.0166321276
-0.00022786720000000002
-0.015398375300000001
-0.016333548
-0.016139355100000002
-0.0012342605
-0.0083761161
-0.0166050236
-0.0163473904
-0.0004261741
-0.0159398382
-0.0163086099
-0.0005898871
-0.0104663427
-0.0157489486
-0.0001405294
-0.010505062700000001
-0.0163362705
-0.015352068600000001
-0.00022325710000000001
-0.0021499522
-0.0165311773
-0.016745286800000002
-0.0040682499
-0.002206677
-0.016334782200000002
-0.0044741323
-0.0036009116000000002
-0.0166624502
-0.0024918256000000002
-0.0036732212000000005
-0.0163503791
-0.0162718864
-0.0028063046
-0.00015004000000000002
-0.015183430900000001
-0.0166780834
-0.0114374282
-0.0001485154
-0.016343724100000002
-0.011478894900000002
-1.6468100000000002e-05
-0.015894027600000003
-0.009195709600000001
-0.0074982611000000005
-0.0157473272
-0.0163016887
-0.0094123964
-1.64439e-05
-0.009713601700000001
-0.016613009600000003
-0.0068672582
-0.0002138796
-0.0161239276
-0.015611891900000001
-0.000341341
-0.011793192400000001
-0.015119264600000001
-0.0017508095
-0.016289927500000002
-0.0163301237
-0.014855569300000001
-0.0001134254
-0.0029948347000000003
-0.016566884400000002
-0.0167434839
-0.0028799089000000003
-0.0030576579000000004
-0.0163260702
-0.0033953084000000002
-0.00010375750000000001
-0.0165869583
-0.0016073761
-0.0146926307
-0.0163420059
-0.016233251100000002
-0.0020159205
-0.00028052640000000005
-0.0156795672
-0.016693934400000002
-0.009877617200000001
-0.00028514860000000003
-0.0163314789
-0.0160898056
-1.62987e-05
-0.016171819400000002
-0.0162084824
-0.0006750106000000001
-0.016328115100000002
-0.0162955298
-0.008071026700000001
-1.6456e-05
-0.0109906962
-0.0166248555
-0.0154962159
-9.00724e-05
-0.0109595508
-0.0162860313
-0.0059634124000000005
-0.0024796409000000003
-0.016645861100000003
-3.06009e-05
-0.0163292162
-0.0162835629
-0.014187588800000001
-5.2998e-05
-0.0040197047000000005
-0.0165813681
-0.0167466904
-0.0020549672
-0.0040607842000000005
-0.016361632100000002
-0.0162624121
-1.98803e-05
-0.015392252700000001
-0.0166371612
-0.0059307908
0.0003646577
-0.0161522537
-0.0013718859
-0.0004857061
-0.0160075135
-0.0166866986
-0.0085576161
-0.0004959306
-0.0158509516
-0.0159151421
-0.0006618337
-0.010200977600000001
-0.0166910546
-0.0010897502
-0.016148539
-0.0162638641
-0.006676102400000001
-1.88881e-05
-0.0121772827
-0.0165980298
-0.014838810800000001
-4.356e-05
-0.012149041300000002
-0.016291512600000002
-0.004767170100000001
-0.0033978978000000003
-0.0166192411
-0.013438610900000002
-0.013710945600000001
-0.0162325977
-0.0030080721
-2.5192200000000003e-05
-0.0052025886
-0.0165385704
-0.016655045
-0.000124267
-0.0148842342
-0.0162777428
-0.011725626000000001
-0.0003489882
-0.0165527395
-0.0093156932