voltage
-0.1015021568
-0.1015021568
-0.054724343300000006
0.0346820969
0.023042828600000002
0.09384231230000001
0.1015021447
0.1015021447
0.1015021447
0.1015021447
0.1015021447
-0.1015021568
-0.0703048599
-0.07621560100000001
-0.1015021568
0.0159843541
-0.0493117713
-0.0254262019
-0.1015021568
-0.1015021568
0.1015021447
-0.1015021568
-0.1015021568
0.1015021447
0.06689521300000001
-0.1015021568
0.0109570824
-0.1015021568
0.006585328200000001
-0.0243409166
0.1015021447
0.1015021447
-0.1015021568
0.08724440010000001
-0.07998039500000001
-0.1015021568
-0.061829511700000006
-0.1015021568
0.1015021447
0.1015021447
-0.1015021568
-0.0219983566
-0.1015021568
-0.1015021568
0.1015021447
-0.1015021568
0.1015021447
-0.1015021568
-0.1015021568
0.038661508600000005
-0.0670570263
-0.1015021568
-0.09562372270000001
0.09666918690000001
-0.1015021568
-0.05440416520000001
-0.1015021568
0.0102446828
0.010895203000000001
0.0131999021
0.0085945453
-0.0186720303
0.0746237492
-0.023108120200000002
-0.1015021568
0.1015021447
0.1015021447
-0.1015021568
-0.0481197277
-0.1015021568
-0.0956835572
-0.1015021568
0.1015021447
0.1015021447
0.061733570800000005
0.1015021447
0.1015021447
-0.1015021568
-0.0207471198
0.1015021447
0.1015021447
-0.1015021568
-0.07376423780000001
0.1015021447
-0.1015021568
-0.0788565954
-0.043947756600000006
0.0650810116
0.0544412638
0.0920951328
0.018699727200000002
-0.1015021568
0.0453560998
-0.1015021568
-0.1015021568
0.1015021447
0.1015021447
0.1015021447
0.1015021447
0.1015021447
-0.1015021568
0.070893779
0.0615322026
0.08471765390000001
0.1015021447
-0.08828052310000001
-0.1015021568
-0.0761318569
-0.079140292
-0.1015021568
0.1015021447
-0.1015021568
0.1015021447
-0.1015021568
0.1015021447
-0.1015021568
0.0169708429
0.1015021447
-0.0184615024
-0.1015021568
-0.0618831389
0.1015021447
0.014463807600000001
0.0191198997
-0.0060559532
-0.1015021568
0.1015021447
-0.1015021568
0.1015021447
0.1015021447
0.1015021447
0.1015021447
0.1015021447
-0.1015021568
0.1015021447
0.047579136
-0.1015021568
-0.1015021447
-0.1015021568
1.23904e-05
-0.1015021568
-0.1015021568
-0.10149925280000001
-0.1015021568
-0.1015021568
7.744e-07
-0.1015021568
0.055064075000000004
0.067636096
0.07140355200000001
0.08686444800000001
0.055145024
2.42e-07
0.08278336
0.07809824
0.046568544
0.062509568
0.07454064640000001
0.056852576
0.068135584
1.0769e-06
0.062641216
0.071322603
0.069200384
0.05714684800000001
-0.0507510784
0.06214172800000001
0.07056720000000001
0.061398304
0.072205056
-0.053923020800000006
-0.1015021568
-0.1015021568
-0.1015021568
3.872e-07
-0.1015021568
-0.1015021568
-0.1015021568
-0.1015021568
-0.1007587328
-0.1015021568
-0.1015021568
1.5488e-06
-0.1015021568
-0.1015021568
-0.1015021568
0.0063438848
0.0
0.080362029
0.057150272300000006
-0.015859712
0.0480605708
0.048294500100000005
-0.1015021568
-0.1015021568
0.1015021447
-0.1015021568
0.1015021447
0.1015021447
0.0306623801
0.024086199500000002
-0.1015021568
-0.06209940220000001
-0.1015021568
0.1015021447
-0.1015021568
0.1015021447
0.028255653800000002
-0.1015021568
0.0521324144
-0.1015021568
0.0708706922
0.017219437400000003
0.1015021447
-0.0202733927
0.1015021447
-0.1015021568
0.1015021447
-0.1015021568
-0.063438848
-0.1015021568
0.1015021447
-0.06040287330000001
-0.1015021568
0.1015021447
0.0476936383
0.047930278
0.046432092300000005
0.044210592800000004
0.0434343899
0.0476186909
0.0488129246
0.0430388167
-0.1015021568
0.1015021447
-0.0131438912
0.0364478378
0.0103264062
0.1015021447
-0.0605414062
0.0319384824
-0.06322692860000001
0.1015021447
-0.1015021568
0.0022200112
0.0908474655
0.1015021447
0.0
0.047579136
-0.1015021568
0.047579136
0.1015021447
0.0801323468
0.042901856800000006
0.1015021447
0.08953862060000001
0.0963634683
-0.0278281366
-0.07372719970000001
0.1015021447
0.1015021447
-0.1015021568
-0.1015021568
0.1015021447
0.0339942119
0.0297891594
0.028412143100000002
0.0282473895
-0.1015021568
0.0384486938
0.1015021447
0.046536854100000004
-0.1015021568
-0.033262040900000005
-0.015859712
0.055357935600000005
-0.1015021568
0.0973358727
0.015859712
-0.015859712
0.047579136
0.0850053798
-0.1015021568
0.1015021447
0.1015021447
0.1015021447
-0.1015021568
0.0958331979
-0.1015021568
-0.08546138040000001
-0.1015021568
-0.1015021568
0.1015021447
0.1015021447
-0.0732673392
-0.021794955600000002
-0.1015021568
0.0352377773
0.1015021447
0.1015021447
-0.0888602462
0.032480792300000005
0.0248732803
0.0589324571
0.1015021447
-0.1015021568
0.0404566404
0.040484458300000005
-0.015064693600000002
-0.0440162547
-0.1015021568
-0.1015021568
0.015730242000000002
0.0242567006
0.0255642266
-0.1015021568
-0.013000046400000001
-0.1015021568
0.0357266415
0.1015021447
0.028587593100000003
-0.0691376576
0.1015021447
-0.0973676957
0.0784578036
0.09361511060000001
0.0229332873
0.022609491300000003
0.0638964821
-0.1015021568
-0.0268613829
0.0347487074
-0.0760231747
0.1015021447
0.1015021447
-0.1015021568
0.024363325800000002
-0.011270920100000002
0.1015021447
0.0202513949
-0.1015021568
0.014670657100000001
0.0336030794
-0.1015021568
0.1015021447
-0.1015021568
0.043193382100000004
-0.1015021568
0.1015021447
0.1015021447
0.1015021447
0.1015021447
-0.039983070600000004
0.1015021447
0.1015021447
-0.0128424681
0.0244956635
0.1015021447
-0.1015021568
0.1015021447
0.0233648701
-0.0449820646
0.1015021447
-0.1015021568
0.06288959270000001
-0.0714474387
-0.1015021568
-0.1015021568
-0.1015021568
0.1015021447
-0.0952803973
-0.0763853882
0.0225772327
0.022879527
0.0219004434
0.023334583800000003
0.022180243800000003
0.022091212000000002
-0.0046322551000000005
-0.09265147870000001
0.1015021447
0.022642100800000002
0.022446504300000003
-0.1015021568
-0.1015021568
-0.1015021568
0.0222920115
0.0228593684
0.023754030300000003
0.022432311
0.1015021447
-0.0650226049
0.1015021447
-0.1015021568
0.0223741826
0.021727643300000002
0.0237297698
0.0245688443
0.1015021447
-0.04861688040000001
0.023526864900000003
-0.0703312137
0.1015021447
0.1015021447
0.1015021447
0.1015021447
0.023285155300000002
0.1015021447
0.1015021447
-0.1015021568
0.05543925970000001
-0.1015021568
0.0673127114
-0.1015021568
-0.1015021568
0.0230301841
0.0494061271
-0.07990636720000001
0.1015021447
0.1015021447
0.028294506900000002
0.015517548200000002
-0.1015021568
-0.1015021568
0.007922547600000001
0.049054646300000004
0.0647402151
-0.0889592121
-0.0334745048
-0.0755731515
0.1015021447
0.1015021447
0.1015021447
-0.1015021568
0.0963055577
0.038211291800000005
-0.1015021568
0.1015021447
0.040852975900000005
0.0418406626
-0.037586907600000004
-0.1015021568
0.0862727701
-0.0605105391
-0.1015021568
0.0758937531
0.0226493245
-0.042946747800000004
0.1015021447
0.053031250800000006
0.1015021447
0.055636695400000005
0.1015021447
0.1015021447
0.08753235590000001
-0.1015021568
0.1015021447
0.028932806100000003
-0.0625626386
-0.1015021568
-0.1015021568
0.1015021447
-0.0485671494
-0.1015021568
0.1015021447
-0.1015021568
0.013278503700000001
-0.09855764600000001
0.1015021447
-0.1015021568
0.0233658381
0.0236419964
0.024448413000000002
0.0260433987
-0.1015021568
-0.0066787039
-0.1015021568
0.1015021447
-0.1015021568
0.1015021447
0.1015021447
-0.1015021568
0.024171698100000003
0.0231050226
0.0254606869
0.022543485800000002
0.02458478
0.0249893072
0.0235314871
0.025706365300000002
0.024422422200000002
0.0257117861
0.1015021447
0.1015021447
0.1015021447
-0.0467226254
0.1015021447
0.1015021447
0.0706911645
0.0097511843
0.1015021447
-0.063479746
0.046833546100000005
0.1015021447
0.0230742281
0.0273080423
0.0225383554
0.024857247800000003
0.025641460900000003
0.023930520900000002
-0.09897155070000001
0.1015021447
0.1015021447
-0.09384559140000001
-0.1015021568
-0.0095088576
-0.1015021568
0.1015021447
0.1015021447
0.0697962969
-0.1015021568
0.1015021447
0.023249774900000002
0.1015021447
0.046763680700000004
-0.1015021568
0.1015021447
0.1015021447
-0.1015021568
-0.017907733800000002
0.1015021447
-0.0169617074
-0.0688787297
0.023471386400000002
0.1015021447
0.047229978400000004
0.1015021447
0.1015021447
0.042770789600000005
0.1015021447
-0.020295426800000002
-0.0656859027
-0.1015021568
-0.0474032141
0.031833333400000004
-0.01267475
0.1015021447
-0.1015021568
-0.1015021568
0.07628861240000001
-0.1015021568
-0.1015021568
-0.1015021568
-0.1015021568
-0.1015021568
-0.1015021568
0.0807579531
0.08665549310000001
-0.1015021568
0.0958428174
0.0712828424
-0.0423070329
0.1015021447
-0.1015021568
0.1015021447
0.038195936900000005
-0.08679949520000001
0.1015021447
-0.09038330950000001
0.09568222620000001
-0.1015021568
0.0042592847
0.1015021447
-0.1015021568
-0.0276364363
0.0007357284000000001
0.1015021447
0.0234736128
0.1015021447
0.1015021447
-0.1015021568
0.1015021447
0.1015021447
-0.1015021568
0.1015021447
0.1015021447
-0.1015021568
0.024023932900000003
0.024248375800000003
-0.08781778280000001
0.1015021447
-0.0233272996
0.023532733400000002
-0.1015021568
0.1015021447
0.09089100130000001
0.1015021447
0.0316961678
-0.060408911200000005
-0.1015021568
0.1015021447
-0.0957708829
-0.1015021568
-0.1015021568
-0.1015021568
0.1015021447
-0.1015021568
0.08300949690000001
-0.1015021568
0.07023027550000001
0.1015021447
-0.1015021568
-0.1015021568
0.1015021447
0.0533535585
0.1015021447
0.0850599266
-0.059760859400000005
-0.1015021568
0.061398304
0.022889400600000002
0.023807076700000002
0.0234993374
0.1015021447
-0.06839906150000001
-0.0517301136
-0.0465005904
0.0359001797
-0.0240504198
0.027156622900000003
0.0047063555
0.0255590599
0.021186894300000002
0.09544812750000001
0.1015021447
-0.1015021568
0.1015021447
0.1015021447
-0.1015021568
0.024041683600000002
0.0232892209
0.024909701300000003
0.024297405
0.052540934600000005
0.1015021447
0.0527422181
0.0041500096
0.1015021447
-0.0629093399
-0.0009681694000000001
-0.0546683929
0.1015021447
0.027392451900000003
0.0326751183
-0.013655297700000001
0.1015021447
-0.0376752376
-0.0703096757
0.0429354101
0.1015021447
-0.08677779990000001
0.051261565300000006
-0.0997568649
-0.0876471607
-0.1015021568
0.1015021447
0.0235705459
0.024709567300000002
0.1015021447
0.1015021447
0.1015021447
-0.0953433778
0.0253171204
-0.0091109854
-0.1015021568
0.1015021447
0.1015021447
0.0124785243
0.0603585873
0.1015021447
-0.1015021568
0.1015021447
-0.0834817357
-0.1015021568
-0.062017606200000006
-0.020556387500000002
0.1015021447
0.1015021447
-0.1015021568
0.1015021447
0.08697010520000001
0.049972540200000005
-0.0701366699
0.0248881149
-0.1015021568
-0.07999180530000001
-0.1015021568
-0.1015021568
0.1015021447
0.0786628139
-0.0410143294
-0.039928354400000005
-0.1015021568
0.023994892900000002
0.025361394300000003
0.023238364600000002
0.1015021447
-0.035976252400000006
0.0029096386
0.07736736370000001
0.09577347230000001
0.1015021447
-0.0210954546
0.0464112682
0.026943433000000003
-0.0580386785
0.0013584912000000002
0.1015021447
0.0248838436
0.1015021447
0.1015021447
-0.1015021568
-0.026869175300000003
0.048370669600000006
-0.1015021568
-0.1015021568
0.036871954900000004
-0.1015021568
0.1015021447
-0.0629857998
0.1015021447
0.049796219
0.1015021447
-0.011226585700000001
-0.0018030815000000002
0.0262831965
0.0240566392
0.1015021447
-0.1015021568
-0.1015021568
-0.1015021568
-0.0934259392
-0.0753362456
0.0288262414
0.1015021447
0.1015021447
-0.10096832900000001
-0.0409997126
0.1015021447
-0.0275461582
0.1015021447
0.024823113700000003
-0.1015021568
0.1015021447
0.07716176050000001
0.0525545108
0.1015021447
-0.1015021568
0.1015021447
-0.08778367290000001
-0.0030382616
-0.1015021568
0.024529942800000003
-0.052857809400000004
-0.1015021568
0.0835487092
-0.1015021568
0.1015021447
0.1015021447
-0.031035495700000002
0.1015021447
0.1015021447
0.1015021447
-0.009484718100000001
0.1015021447
0.1015021447
0.025325796100000002
0.0243274493
0.1015021447
0.0892198824
0.1015021447
0.0177702899
0.0251385728
0.0899236305
-0.1015021568
0.0296472748
0.1015021447
0.1015021447
-0.1015021568
-0.1015021568
-0.1015021568
0.0227040407
0.025412637800000002
-0.0729511057
-0.1015021568
0.1015021447
0.024314937900000003
0.0684934536
0.1015021447
0.1015021447
-0.1015021568
0.0255022383
0.026177987000000003
0.0249123028
0.030266988400000003
0.1015021447
0.0327194648
0.1015021447
0.0271122885
0.0721194606
0.0776291956
0.1015021447
0.0527573189
-0.1015021568
0.1015021447
0.015109560400000001
-0.1015021568
0.1015021447
-0.1015021568
0.0237301086
0.0245291805
-0.1015021568
-0.0861531011
-0.0454476726
0.1014324971
0.1015021447
-0.1015021568
0.1015021447
0.033876805600000004
0.0343619188
0.0078910634
-0.1015021568
0.1015021447
-0.1015021568
0.1015021447
-0.1015021568
-0.1015021568
0.0776399041
0.0245116355
-0.1015021568
0.1015021447
-0.09878571890000001
-0.0832456768
0.07072765810000001
-0.1015021568
-0.1015021568
0.0659507959
-0.1015021568
0.0941338376
0.0259167359
0.024948385
0.022455337300000003
0.0259819186
-0.05570133360000001
0.1015021447
-0.1015021568
0.0174309333
-0.0788459958
0.0986083692
-0.1015021568
0.09602573310000001
0.0049179603
-0.041926064400000004
0.07389107
-0.1015021568
0.08589220090000001
0.1015021447
0.1015021447
0.1015021447
0.0251186078
-0.1015021568
-0.1015021568
0.1015021447
-0.1015021568
-0.1015021568
-0.1015021568
0.0293782071
0.0243395856
0.024990710800000003
0.0711435956
0.044450209100000006
0.0721698813
0.019850485600000002
0.0938111669
0.07652257800000001
-0.0742765276
0.0178930081
-0.0894493952
-0.1015021568
-0.1015021568
0.1015021447
-0.0331495714
0.0339475059
0.058497607300000004
-0.1015021568
-0.1015021568
0.025620358500000003
0.026525547400000002
0.1015021447
0.1015021447
-0.1015021568
0.0277990361
-0.0767653403
-0.1015021568
0.1015021447
-0.044211500300000005
-0.1015021568
0.0249624331
0.0409776785
0.1015021447
0.0535165213
0.0700924081
0.0286643918
0.1015021447
0.1015021447
-0.1015021568
0.023781001200000002
0.1015021447
0.1015021447
0.1015021447
0.0262675996
0.023824428100000003
0.019949620900000003
0.033983818
-0.0254496396
0.1015021447
-0.1015021568
-0.1015021568
0.026044632900000003
0.1015021447
0.1015021447
-0.1015021568
-0.1015021568
-0.1015021568
-0.1015021568
0.1015021447
0.021589364500000003
-0.1015021568
0.0763661008
-0.0906379298
-0.1015021568
0.1015021447
-0.0154330781
-0.1015021568
0.0264257708
0.1015021447
0.0672007743
-0.1015021568
-0.028101778100000002
0.1015021447
-0.1015021568
-0.0334837734
-0.052380706400000004
0.1015021447
-0.037025395
-0.0355563703
0.0280862054
0.0271591155
0.0039325363
0.0203186346
0.1015021447
0.0677228893
0.1015021447
0.0281673843
0.1015021447
-0.015997700400000002
-0.1015021568
0.09853841910000001
-0.0518718893
-0.015859712
-0.1015021568
0.1015021447
-0.1015021568
0.1015021447
0.0342877579
0.0290998103
0.0245789478
0.028884599700000003
0.0198625251
0.026719691900000002
-0.1015021568
0.1015021447
0.0225476603
0.028413728200000002
0.029223907900000002
-0.1015021568
0.1015021447
0.0856966891
0.1015021447
0.0852445847
0.0255267287
0.1015021447
-0.1015021568
0.1015021447
0.0342751134
0.0328942856
0.034589616600000005
0.0735684598
-0.1015021568
-0.1015021568
-0.057243067200000004
-0.1015021568
-0.1015021568
-0.09408178340000001
0.029505571700000004
0.030836075600000002
0.0279115903
0.0275042438
0.0291028111
0.0260319037
-0.1015021568
0.059241091800000006
0.1015021447
-0.1015021568
0.1015021447
0.1014693053
0.1015021447
0.1015021447
-0.09183432940000001
0.1015021447
0.0652914669
0.1015021447
0.1015021447
-0.0404779727
0.1015021447
0.0289825008
0.0279131149
0.026528487700000002
0.0275337678
0.1015021447
0.1015021447
0.0646203525
0.024877128100000003
0.026513411100000002
0.025677785100000003
0.0256440261
0.1015021447
0.029784537200000002
-0.1015021568
-0.07468176870000001
-0.1015021568
0.027545202300000002
-0.1015021568
0.1015021447
0.1015021447
0.0291812554
0.0307535778
0.026485193900000002
-0.1015021568
0.0457302802
-0.0057479356
0.1015021447
0.0252104226
0.0255016575
0.027073036100000003
0.0263714055
0.1015021447
0.0329255641
-0.1015021568
0.032408035
0.0254839673
0.026334536800000002
-0.037286500900000005
-0.1015021568
-0.1015021568
0.08662206080000001
-0.1015021568
0.1015021447
-0.1015021568
-0.0021395099000000002
0.053346976100000006
0.1015021447
-0.048740300400000006
0.045852405500000006
0.1015021447
-0.1015021568
0.022715269500000003
0.0245395986
0.1015021447
-0.1015021568
0.1015021447
-0.0637504351
-0.0280023161
-0.1015021568
0.1015021447
-0.005946992700000001
-0.1015021568
-0.0283356953
0.1015021447
0.019538450800000003
0.021808011500000002
0.1015021447
-0.1015021568
-0.1015021568
0.1015021447
0.0949730089
0.005990286500000001
-0.1015021568
-0.1015021568
0.051630119200000005
0.0528250668
-0.1015021568
0.1015021447
0.1015021447
0.0275160534
0.0240631853
0.024095891600000002
-0.1015021568
-0.1015021568
-0.1015021568
0.1015021447
0.0906043039
0.1015021447
0.0291326618
0.1015021447
0.1015021447
0.1015021447
0.0363320166
-0.1015021568
-0.033558127900000005
0.1015021447
0.024781719600000002
-0.094856861
-0.0042004424000000005
0.0511295785
0.0803303996
0.1015021447
-0.0550972169
0.1015021447
0.1015021447
0.024594205900000003
0.0246754816
0.0254001748
0.0227179799
0.021118384100000002
0.1015021447
0.1015021447
-0.061008405700000004
0.1015021447
-0.1015021568
0.0782624128
-0.09628253140000001
0.026111848400000002
0.1015021447
0.1015021447
0.029247805400000004
-0.0267332197
0.1015021447
0.019567527100000003
0.018084902
0.023105700200000003
0.0186698523
0.0250272407
-0.1015021568
-0.0368248859
-0.0755366216
-0.1015021568
0.0613602737
0.1015021447
-0.027448583800000002
-0.1015021568
0.1015021447
0.1015021447
-0.08511512680000001
-0.1015021568
-0.1015021568
0.0090880317
0.1015021447
-0.1015021568
-0.1015021568
-0.0540163118
-0.0186626044
-0.1015021568
0.0949495228
-0.0940566154
-0.1015021568
0.0931381649
-0.1015021568
-0.1015021568
-0.0066694111000000006
0.049747601200000005
-0.1015021568
0.1015021447
0.1015021447
-0.0210881583
0.1015021447
0.1015021447
-0.1015021568
0.051925226100000006
0.0590896724
0.024182576
0.028433777900000002
0.0225683029
-0.0774635587
-0.1015021568
-0.1015021568
0.0235903899
0.0247005286
0.0160793391
0.0221240998
-0.1015021568
0.0944822087
0.0479071307
0.1015021447
0.0240518839
0.0252762103
0.1015021447
-0.1015021568
-0.1015021568
0.0769364948
-0.1015021568
-0.1015021568
0.0240815531
0.0906447179
-0.1015021568
-0.1015021568
0.004067850600000001
-0.040100803600000005
-0.1015021568
-0.0208223576
0.1015021447
-0.0215645232
0.027142526400000002
-0.1015021568
0.1015021447
0.09275937440000001
-0.1015021568
-0.1015021568
-0.1015021568
0.0241083425
0.0807334264
-0.005301978000000001
-0.1015021568
0.09339967010000001
-0.1015021568
-0.1015021568
-0.1015021568
0.1015021447
-0.037911042400000004
0.1015021447
-0.0188848572
-0.1015021568
0.1015021447
0.019888588500000002
0.0250346096
0.023258716800000002
0.0253593494
0.0253643588
0.0240252881
-0.1015021568
0.1015021447
-0.1015021568
-0.1015021568
0.0673433244
-0.1015021568
-0.1015021568
-0.0665820287
-0.0561144276
-0.1015021568
0.1015021447
-0.1015021568
-0.1015021568
-0.1015021568
0.0012316106000000002
-0.0983549952
0.0297979319
0.1015021447
0.08044115090000001
-0.1015021568
0.024387090200000003
0.0255363603
0.0228181437
0.0240408366
0.1015021447
-0.037003796500000005
0.0049771293
0.0257566166
0.0253054802
0.1015021447
-0.1015021568
0.029735132900000003
0.1015021447
0.1015021447
-0.1015021568
-0.0188523324
0.1015021447
0.0265856481
0.0792881903
0.1015021447
-0.08843166420000001
-0.1015021568
0.047804994600000005
-0.1015021568
0.1015021447
0.0368799651
-0.1015021568
-0.028011524200000002
0.0078585749
0.1015021447
-0.1015021568
0.1015021447
-0.1015021568
0.1015021447
0.1015021447
0.1015021447
-0.1015021568
-0.0710108465
-0.1015021568
-0.021266004100000003
0.1015021447
-0.1015021568
0.034441149600000005
0.1015021447
0.024377071400000002
0.027277937500000002
0.1015021447
0.059568868700000006
0.1015021447
0.024887957600000003
-0.05721885510000001
0.1015021447
-0.0554767092
0.026854933600000002
-0.1015021568
-1.81016e-05
-0.1015021568
0.025630026400000002
0.026315842300000003
0.026011224800000003
0.023260858500000002
0.026796526900000003
-0.1015021568
-0.1015021568
-0.1015021568
0.0288652034
-0.0068300991000000005
-0.1015021568
0.09271766570000001
0.0791102719
0.024929533200000003
0.09281168270000001
-0.1015021568
-0.1015021568
0.1015021447
-0.1015021568
-0.054943280700000006
-0.1015021568
0.024682487500000003
0.1015021447
-0.1015021568
-0.1015021568
-0.07096664520000001
-0.08639156790000001
-0.1015021568
0.1015021447
-0.0848888205
0.1015021447
0.1015021447
0.1015021447
0.1015021447
-0.0476138872
-0.1006360872
-0.1015021568
0.0482486774
0.047579136
-0.1015021568
0.047579136
-0.0200078945
0.036999198500000004
0.031473951300000004
0.1015021447
-0.1015021568
-0.0298989911
0.1015021447
0.0232221506
0.033373627100000004
0.047579136
0.095158272
0.053482193600000005
-0.1015021568
-0.015859712
-0.0905515358
-0.015859712
0.0333703359
0.047579136
0.1015021447
-0.0810368218
0.1015021447
-0.0883844621
-0.0829824534
0.1015021447
-0.1015021568
0.1015021447
-0.0200901382
-0.1015021568
-0.0974309545
0.0955591813
0.034306658100000005
0.1015021447
-0.0715769692
0.036871833900000005
-0.1015021568
0.1015021447
0.1015021447
0.1015021447
0.0179364108
0.0085724628
0.035008784800000005
0.0349079313
0.031735045100000005
-0.1015021568
0.0349606994
-0.1015021568
0.1015021447
-0.1015021568
0.1015021447
0.0912158621
0.026350303100000003
0.0103919882
-0.0198218328
-0.1015021568
0.030958430800000002
0.0280648489
0.027950903200000002
-0.1015021568
-0.1015021568
0.1015021447
0.08461215400000001
0.1015021447
0.0898727742
-0.028731619400000002
-0.1015021568
0.029268085000000003
0.0282937325
0.0264319176
-0.1015021568
0.1015021447
-0.1015021568
0.09205612240000001
-0.1015021568
0.1015021447
0.1015021447
0.1015021447
0.014160388000000001
0.025107270100000002
0.026654485000000002
0.023893797400000003
0.0267598034
0.1015021447
-0.1015021568
0.1015021447
0.027383546300000002
-0.0770218966
-0.056347909200000004
-0.0678047216
-0.1015021568
-0.1015021568
0.1015021447
0.1015021447
0.0966191292
0.0545784657
0.0958159554
-0.1015021568
-0.1015021568
-0.05746304520000001
0.1015021447
0.1015021447
-0.1015021568
0.1015021447
0.0259669993
0.0292483499
0.0253592163
0.025839828300000003
0.027377714100000002
0.1015021447
-0.0799732439
-0.1015021568
0.039974116600000005
-0.0422739394
-0.1015021568
0.1015021447
-0.1015021568
0.0401075554
-0.0382306155
-0.1015021568
-0.023318200400000003
-0.1015021568
0.0243030194
0.0250586523
0.025185605500000003
0.1015021447
-0.049538924600000006
-0.1015021568
0.0257513894
0.09839070230000001
-0.08815297700000001
-0.1015021568
0.027854889700000003
0.1015021447
0.1015021447
-0.1015021568
0.07486985110000001
-0.1015021568
0.1015021447
-0.1015021568
0.1015021447
-0.06265173090000001
0.08527112
-0.0170595238
-0.1015021568
-0.1015021568
0.09291668650000001
-0.1015021568
0.022668696600000003
0.1015021447
-0.1015021568
-0.1015021568
-0.1015021568
0.027633060400000003
0.0340842238
0.0074534064
-0.043330196800000005
-0.1015021568
0.024520420100000002
0.0238774261
0.026462530600000003
0.0245530296
-0.1015021568
-0.1015021568
-0.08843983170000001
0.0123964621
0.043971133800000006
0.1015021447
-0.1015021568
0.024953527500000003
0.1015021447
0.1015021447
-0.1015021568
0.07917379690000001
-0.1015021568
0.0263751807
0.07047583290000001
0.1015021447
0.1015021447
0.0235816416
-0.1015021568
0.0106092921
-0.1015021568
-0.1015021568
0.0413977421
-0.0231956032
0.10127462840000001
-0.048349264700000005
0.1015021447
0.029496472500000002
0.0155976623
0.023090817200000002
0.1015021447
-0.1015021568
-0.1015021568
-0.0146133031
0.024761694100000002
0.025411500400000002
-0.1015021568
0.0968497189
0.0332880922
-0.0815475507
0.0263794036
0.0252655986
0.052118378400000005
-0.1015021568
-0.015859712
0.028244824300000002
0.047579136
0.0114971659
0.1015021447
0.0365667687
-0.1015021568
0.1015021447
0.1015021447
0.044612264400000004
0.1015021447
0.0311452306
0.0335198072
0.0297163416
0.0315597524
0.0299670899
0.032360711900000005
0.035781285100000004
-0.1015021568
0.06774007130000001
0.1015021447
-0.07547704120000001
0.1015021447
0.0851287151
-0.1015021568
-0.1015021568
-0.1015021568
-0.1015021568
0.0276602854
0.024694018800000002
0.037846743
-0.043046802700000004
0.1015021447
-0.1015021568
0.1015021447
0.1015021447
0.1015021447
-0.0453978448
0.025191280400000002
-0.017672400900000003
0.1015021447
-0.0442605053
0.1015021447
-0.1015021568
0.0780123905
0.0157012262
-0.011953844100000001
-0.1015021568
0.0095865033
-0.1015021568
-0.1015021568
0.028544299300000003
0.025239644100000003
0.0257764485
0.0262652038
0.025076499800000002
0.0346348706
-0.1015021568
-0.1015021568
0.1015021447
-0.1015021568
0.025445707100000003
-0.045699038000000004
0.0506179421
0.0768712758
0.023674448600000002
0.1015021447
-0.0374632214
0.041704392400000005
-0.0949866456
0.1015021447
0.1015021447
0.1015021447
0.018655404900000002
0.024594290600000002
0.026113808600000003
-0.1015021568
-0.1015021568
0.045066087000000005
0.0239937071
-0.027602483700000003
0.1015021447
-0.1015021568
0.024618224400000003
-0.1015021568
0.1015021447
0.022621712300000003
0.0223090241
0.025714000400000003
0.0259909694
0.0347998178
0.025650015600000003
0.0249137548
-0.1015021568
0.1015021447
0.0563473768
-0.1015021568
0.0796151444
-0.0520810136
0.0385329945
0.015312295900000002
0.1015021447
-0.039974068200000004
-0.1015021568
-0.09042996710000001
-0.023903380600000003
0.0254983784
0.022655931100000002
0.024236771900000002
0.1015021447
0.024325464900000003
-0.1015021568
0.1015021447
-0.1015021568
0.1015021447
-0.1015021568
-0.001835086
0.1015021447
0.1015021447
0.032348696600000004
0.1015021447
0.1015021447
-0.039983070600000004
0.1015021447
0.1015021447
0.024619482800000002
0.023909406400000003
0.1015021447
0.027928373000000003
-0.1015021568
0.024640633600000003
0.1015021447
-0.026561920000000003
-0.1015021568
0.1015021447
-0.084548024
0.1015021447
0.017957331700000002
0.0925879537
0.010562755500000002
0.1015021447
0.1015021447
0.050755373900000005
0.1015021447
-0.0794364879
-0.1015021568
-0.1015021568
0.043163749200000004
0.025319770300000002
0.0241391128
0.1015021447
0.1015021447
-0.1015021568
0.1015021447
-0.1015021568
0.1015021447
-0.058322471900000006
0.0721748786
0.1015021447
-0.1015021568
-0.1015021568
-0.1015021568
0.1015021447
-0.029347485200000002
0.024512555100000003
0.0229801143
-0.1015021568
0.1015021447
-0.0139678044
0.1015021447
0.023412701400000003
-0.1015021568
-0.09449392150000001
0.0244725041
0.09052605320000001
0.015645009600000002
-0.1015021568
0.1015021447
0.0248576834
0.1015021447
-0.0785973529
0.1015021447
0.0382351167
-0.1015021568
-0.0587808199
0.07565296310000001
0.1015021447
-0.1015021568
-0.1015021568
0.0529278684
0.1015021447
-0.1015021568
0.06434968760000001
-0.1015021568
-0.1015021568
-0.1015021568
0.035057499400000004
0.09633321830000001
0.1015021447
-0.1015021568
-0.041290233600000004
-0.0398788049
-0.040490254200000006
-0.1015021568
0.0253217547
0.023313142600000003
0.1015021447
-0.1015021568
-0.09177632200000001
0.0921962404
-0.1015021568
0.030863445800000004
0.1015021447
-0.1015021568
-0.007053985400000001
0.1015021447
0.0260388128
-0.024084747500000003
-0.1015021568
-0.0252198122
0.1015021447
0.1015021447
-0.1015021568
0.0301498725
0.0233597276
0.019673269
0.09809636980000001
0.0725698226
0.1015021447
-0.1015021568
-0.1015021568
0.024418840600000002
0.0262137788
0.0237587614
-0.0888463191
-0.0997433129
0.1015021447
0.1015021447
0.1015021447
-0.1015021568
-0.1015021568
0.0238617203
0.0251623009
0.025434853400000002
0.024136717000000002
0.0253426998
-0.1015021568
0.025833306400000002
-0.0410904263
-0.1015021568
0.0260814169
-0.1015021568
-0.1015021568
0.07692829100000001
-0.1015021568
0.1015021447
0.025063032500000002
0.023472850500000003
-0.0938847591
0.0730348861
-0.1015021568
-0.08197810500000001
-0.0832318586
0.0849946834
-0.09063214600000001
0.0405413404
0.0898682246
0.0239673533
0.025797805
0.0246503983
0.0241110166
0.030541561600000003
-0.1015021568
0.1015021447
0.025747263300000003
0.0247669576
0.026249619000000002
-0.1015021568
0.1015021447
0.08510739490000001
0.08555025490000001
0.0435511186
0.06723357740000001
0.0222114739
0.025730045000000003
0.0245916044
0.0243891351
0.1015021447
-0.0249174211
0.1015021447
-0.1015021568
-0.1015021568
0.009506365000000001
0.1015021447
-0.1015021568
-0.0476781987
-0.0150301844
-0.1015021568
0.1015021447
0.0870917828
0.050105374
-0.0128463159
0.1015021447
0.0265082807
-0.1015021568
-0.1015021568
-0.041503762300000004
-0.09591155750000001
-0.0176142967
0.0692507321
0.1015021447
-0.07467513790000001
-0.0624330597
0.1015021447
0.1015021447
-0.1015021568
0.1015021447
-0.1015021568
-0.1015021568
-0.1015021568
0.027998807100000002
-0.1015021568
0.1015021447
-0.0479311008
-0.045933886900000005
0.1015021447
0.0316724881
0.0010757626
0.065953833
0.0757096153
0.011910078400000001
0.024095419700000002
0.0227651699
0.0237250024
0.0252163879
0.1015021447
0.1015021447
0.1015021447
0.0166049389
0.1015021447
-0.1015021568
-0.1015021568
-0.0996665384
-0.1015021568
0.1015021447
-0.1015021568
0.1015021447
0.0039802708000000004
0.0229360098
0.036078654700000004
0.0018007946
-0.0506025872
0.1015021447
-0.1015021568
0.0779302315
0.1015021447
0.028213073900000003
0.1015021447
-0.056990685400000005
0.1015021447
-0.0840952662
-0.0020096285
-0.1015021568
0.0851397624
0.021619106300000003
-0.1015021568
-0.05674736650000001
0.1015021447
0.1015021447
-0.1015021568
-0.1015021568
-0.0750419736
0.1015021447
-0.1015021568
0.023381072000000003
0.0244856326
0.1015021447
-0.1015021568
-0.0212232306
0.020976281700000002
0.1015021447
-0.1015021568
-0.0015229544000000001
-0.1015021568
-0.043802750200000004
-0.1015021568
-0.1015021568
0.023533483600000002
0.0708257649
0.1015021447
0.045152807700000006
-0.1015021568
-0.1015021568
-0.0435108135
0.1015021447
0.1015021447
0.036846097200000004
0.0796922698
0.1015021447
-0.1015021568
0.0970323079
0.1015021447
0.1015021447
0.1015021447
0.1015021447
-0.09260600690000001
0.1015021447
0.1015021447
0.1015021447
0.0313288844
-0.0752932664
0.1015021447
-0.09102189910000001
0.1015021447
0.1015021447
0.0241262505
0.0245647061
0.1015021447
0.1015021447
0.0409389343
0.1015021447
0.1015021447
0.1015021447
-0.0074305374
0.1015021447
-0.1015021568
0.1015021447
0.0971032623
0.0471121486
-0.1015021568
-0.1015021568
-0.0220357456
0.0680892773
0.06962936530000001
0.011906678300000001
-0.1015021568
-0.1015021568
0.057785788500000004
0.1015021447
0.0471070061
0.1015021447
-0.060966164600000004
0.0241391491
0.025279610400000003
0.0246546696
0.0247431811
0.0243162084
0.023591962900000003
0.0253135388
0.0225293893
0.017951475300000002
0.023795605900000003
-0.0728361557
-0.0436356976
-0.0206025611
0.1015021447
-0.1015021568
-0.1015021568
-0.0687904965
0.0237196179
0.022129786800000002
0.024881774500000002
0.0243039269
0.1015021447
-0.0599362489
0.1015021447
0.1015021447
-0.1015021568
-0.06452011610000001
0.06003358130000001
-0.0539899822
0.0850507427
0.08346813530000001
-0.1015021568
0.1015021447
0.1015021447
0.1015021447
-0.1015021568
0.1015021447
-0.1015021568
0.020484767600000002
-0.0319856361
0.1015021447
0.0163788383
0.0242499972
0.0767343764
0.0199620718
-0.1015021568
0.0380646761
0.057292689300000005
-0.09229071720000001
-0.1015021568
-0.0517491953
0.060256100300000004
-0.1015021568
-0.1015021568
0.030411051
0.0049699056
-0.1015021568
-0.09400787660000001
-0.0116180449
0.1015021447
-0.1015021568
-0.1015021568
0.1015021447
0.0174917721
0.025565896400000003
0.0246905219
0.0253941248
0.0236145294
0.0241759331
0.025370445100000003
-0.1015021568
0.1015021447
0.1015021447
-0.1015021568
0.09996479130000001
0.1015021447
0.09067478640000001
0.0029574941
-0.1015021568
-0.1015021568
-0.1015021568
0.0884186083
0.0253787699
0.023527603
0.0254530276
0.0843733968
0.1015021447
-0.1015021568
-0.1015021568
0.1015021447
-0.0337867695
-0.0001340317
0.0177040424
-0.0813745691
0.1015021447
-0.10020531510000001
-0.1015021568
0.1015021447
0.1015021447
0.0231300091
0.0313541976
-0.1015021568
0.0351880221
0.1015021447
0.0221063128
0.025478280300000003
-0.0428617211
-0.041846156
-0.1015021568
-0.1015021568
-0.1015021568
-0.0676058581
-0.0429911669
-0.1015021568
0.1015021447
0.08791609530000001
-0.0474834613
0.1015021447
-0.0658508015
0.1015021447
0.1015021447
0.1015021447
0.1015021447
-0.1015021568
0.1015021447
-0.1015021568
0.026240749700000003
0.0243027048
-0.0384482461
0.1015021447
0.0884486768
-0.08341453230000001
0.021887181800000002
-0.1015021568
-0.0135092144
-0.1015021568
0.024653241800000003
0.09582598630000001
0.1015021447
0.0027726545
-0.1015021568
-0.1015021568
0.1015021447
-0.1015021568
-0.1015021568
-0.1015021568
0.0953226989
-0.0362204062
-0.1015021568
-0.1015021568
0.0539654071
0.0220533148
0.024033237800000003
0.0235436234
0.024734420700000002
0.1015021447
0.1015021447
-0.1015021568
-0.1015021568
-0.1015021568
0.0250724342
0.024151708900000003
0.025869122400000003
0.1015021447
0.1015021447
0.0263967308
0.029987502600000004
0.1015021447
-0.08543359880000001
0.023881249700000003
0.0247967841
0.1015021447
0.1015021447
0.1015021447
0.0229099585
-0.1015021568
-0.1015021568
0.1015021447
0.0748217899
0.1015021447
0.0128208938
-0.0414678858
-0.1015021568
0.1015021447
0.0722906514
0.021793189
0.0254146464
-0.1015021568
0.1015021447
-0.0684960309
0.1015021447
0.0447126339
0.026047464300000003
0.007265977400000001
-0.1015021568
0.0377660239
-0.1015021568
-0.1015021568
-0.07588256060000001
0.1015021447
0.06598192920000001
-0.0609021677
0.0614660761
0.036817105600000004
-0.0252058972
0.1015021447
0.1015021447
0.024267905200000002
0.0389692358
0.1015021447
-0.1015021568
0.0241485629
-0.0361899626
0.1015021447
0.1015021447
0.0233075161
0.022317070600000002
0.0250509688
0.023991468600000003
0.025365399400000002
0.1015021447
-0.1015021568
0.1015021447
-0.1015021568
-0.1015021568
0.043559467600000006
0.1015021447
0.1015021447
0.1015021447
0.0223626029
0.056629500400000005
-0.1015021568
-0.08445964560000001
-0.1015021568
-0.1015021568
-0.09834559350000001
-0.1015021568
0.1015021447
-0.1015021568
0.1015021447
0.024810735400000002
-0.1015021568
-0.1015021568
-0.1015021568
0.0241196802
0.0240780199
-0.1015021568
-0.1015021568
-0.1015021568
-0.1015021568
-0.0954158689
0.1015021447
-0.0984186412
0.0260054047
-0.08561362260000001
-0.1015021568
0.1015021447
0.1015021447
0.021501784700000002
0.0253324753
0.0231548988
0.1015021447
0.1015021447
0.1015021447
0.038470147100000004
0.0660780879
-0.1015021568
-0.1015021568
0.1015021447
0.1015021447
-0.0185753755
-0.1015021568
0.1015021447
-0.054345347100000004
0.0074171911000000005
0.0016296159000000001
0.0241463849
0.1015021447
0.0088844371
-0.1015021568
0.1015021447
0.1015021447
-0.1015021568
0.1015021447
0.1015021447
-0.0483668702
0.028493176800000002
-0.1015021568
0.1015021447
0.1015021447
0.0246078789
-0.1015021568
0.004262418600000001
0.1015021447
-0.045614725200000004
-0.0920027251
0.030260962600000003
0.067895883
0.0244467553
-0.1015021568
0.1015021447
-0.005434352000000001
0.023048213100000003
0.0255503116
0.0242135641
-0.1015021568
0.033637673300000004
-0.1015021568
0.050759415300000006
0.0156196843
-0.0075546834000000005
0.1015021447
-0.1015021568
0.0258081626
0.0222018665
0.0169441624
-0.056488729
0.1015021447
0.1015021447
-0.031146815700000004
-0.1015021568
-0.1015021568
0.1015021447
0.1015021447
0.1015021447
0.1015021447
-0.0821797878
0.1015021447
0.1015021447
0.0780247567
0.0754050099
0.1015021447
0.025869352300000002
0.028272835800000003
0.0265655984
0.05101917810000001
-0.0575102715
0.09732261110000001
0.061507857400000004
0.008416687400000001
0.0232354001
0.0226847896
0.0775891809
0.1015021447
-0.1015021568
0.0240598578
0.022939409900000002
-0.1015021568
0.0584147344
-0.050584957500000007
-0.1015021568
-0.0928941684
0.0797496964
-0.0066006468
0.1015021447
0.009572915000000001
-0.005104397100000001
0.0253039556
0.1015021447
0.1015021447
-0.07134437090000001
-0.1015021568
-0.08505198900000001
-0.1015021568
0.0226543339
0.023841041400000002
0.0238466679
0.0167752948
0.1015021447
0.1015021447
-0.1015021568
0.1015021447
-0.1015021568
0.0572055209
0.0240668879
0.024079532400000003
0.0242827761
-0.1015021568
-0.1015021568
-0.1015021568
-0.1015021568
-0.1015021568
0.1015021447
-0.08313046060000001
-0.1015021568
-0.09501603650000001
-0.032523154400000004
-0.030607155700000003
-0.0477210085
-0.0565639184
0.1015021447
0.1015021447
-0.1015021568
0.1015021447
0.0660847066
0.0237550709
0.0249196354
-0.015304491400000002
0.1015021447
0.1015021447
-0.1015021568
-0.1015021568
-0.1015021568
0.0294819041
0.0266612731
0.024239083
0.022933468800000002
-0.1015021568
-0.0217448737
0.1015021447
-0.1015021568
0.0993803008
0.1015021447
0.1015021447
0.0133947968
0.007348559900000001
0.0216306013
0.0245974971
0.1015021447
-0.1015021568
-0.004092365200000001
0.060824437300000006
-0.0551632224
0.0621388603
-0.1015021568
-0.0284073152
0.0765579463
-0.1015021568
0.1015021447
-0.1015021568
0.1015021447
0.1015021447
0.024940471600000003
0.1015021447
-0.1015021568
-0.1015021568
0.1015021447
0.1015021447
0.1015021447
-0.0220257994
0.1015021447
0.0515746165
-0.0069455452
0.024903687600000002
0.0552756556
-0.1015021568
-0.1015021568
-0.1015021568
-0.1015021568
-0.0768701142
-0.0078624227
-0.1015021568
-0.0345552042
0.1015021447
-0.0161987661
0.0358575514
0.024915545600000002
0.0244208492
0.023035798500000003
-0.0582157862
-0.1015021568
0.1015021447
0.1015021447
-0.1015021568
-0.1015021568
0.023193812400000003
0.015877232800000002
-0.020603033
0.1015021447
0.1015021447
0.035189849200000005
-0.1015021568
0.0783880229
0.0689817612
-0.0983576693
-0.05807566820000001
0.0232811986
0.0253705782
-0.1015021568
-0.0116838931
-0.1015021568
0.0120937443
0.0809375776
0.0797126341
-0.1015021568
0.06439581280000001
0.1015021447
-0.1015021568
0.1015021447
-0.1015021568
-0.0949542297
0.1015021447
-0.1015021568
-0.073109773
-0.1015021568
-0.1015021568
-0.1015021568
0.0225056128
0.1015021447
-0.1015021568
0.0336878883
0.024423438600000003
0.0221229745
0.1015021447
-0.0697971681
0.1015021447
0.1015021447
-0.0650333376
-0.1015021568
-0.1015021568
0.0038552294
0.1015021447
-0.0154518936
0.0378741858
0.039188536200000006
0.1015021447
0.1015021447
0.1015021447
0.0232878294
0.0241365113
0.0231513656
-0.015358663100000001
0.1015021447
-0.0761642607
-0.1015021568
-0.1015021568
0.1015021447
0.024974557300000002
-0.1015021568
-0.1015021568
0.1015021447
-0.0142524932
0.1015021447
-0.030988777600000003
0.0311746336
-0.004084113
-0.1015021568
0.1015021447
-0.1007773547
0.1015021447
0.1015021447
0.1015021447
0.1015021447
-0.1015021568
0.1015021447
0.0246791358
0.023158988600000003
0.0236193815
0.0250049767
0.030033385800000003
0.051904716600000005
0.1015021447
-0.011127281000000001
-0.1015021568
0.09731872700000001
-0.1015021568
0.0781379522
0.1015021447
0.1015021447
0.1015021447
-0.00043912110000000003
0.1015021447
0.0617912757
-0.0945612217
-0.1015021568
-0.1015021568
-0.0758232222
0.0227163464
-0.030097903000000002
0.0767656307
0.022589695700000002
-0.0971556311
0.036147999800000004
0.1015021447
-0.1015021568
-0.1015021568
0.0399116564
-0.0307544127
-0.1015021568
0.07932262690000001
0.0712271824
0.023604801
0.0236232172
0.022403271000000002
0.023633357
-0.0288798323
-0.1015021568
-0.1015021568
0.1015021447
-0.0740979558
0.1015021447
0.0250477744
0.02396647
0.021697732100000002
0.0232009635
0.023281791500000003
0.022987459000000002
-0.024023775600000002
0.0354324421
0.1015021447
0.006898294700000001
-0.1015021568
-0.0414654416
-0.1015021568
0.09925949440000001
0.1015021447
0.1015021447
-0.022569307200000003
0.1015021447
0.1015021447
0.015448832300000001
-0.1015021568
0.1015021447
0.023807439700000002
0.08216645360000001
-0.1015021568
-0.1015021568
0.1015021447
0.1015021447
0.1015021447
0.0241789339
0.1015021447
-0.0170582533
-0.1015021568
-0.1015021568
0.08224804390000001
0.0583970321
0.0242641421
0.024203751000000003
0.1015021447
-0.1015021568
0.1015021447
-0.1015021568
0.1015021447
0.1015021447
0.1015021447
-0.0873841793
0.1015021447
0.014124342100000001
-0.1015021568
0.1015021447
-0.1015021568
-0.0233414566
-0.1015021568
-0.1015021568
0.0479904634
0.0060285830000000006
-0.1015021568
0.1015021447
0.1015021447
0.1015021447
-0.0743864924
-0.1015021568
0.0932175288
-0.1015021568
0.1015021447
-0.0595540946
0.1015021447
-0.0074365753000000005
-0.1015021568
-0.0182402539
-0.1015021568
0.025059620300000002
0.07549607450000001
0.1015021447
0.1015021447
0.1015021447
0.024313304400000003
0.09584056680000001
-0.1015021568
-0.1015021568
-0.1015021568
0.1015021447
0.011349848400000001
0.1015021447
0.032724571
0.1015021447
-0.1015021568
-0.1015021568
0.0751439161
-0.1015021568
-0.1015021568
0.1015021447
0.1015021447
-0.1015021568
0.028762063
-0.1015021568
-0.1015021568
-0.1015021568
0.018522607400000002
0.0300916352
0.1015021447
-0.1015021568
0.0708439391
-0.09093122170000001
0.0189924746
-0.054881982100000004
-0.1015021568
0.1015021447
0.1015021447
0.0996296455
-0.1015021568
0.023301986400000002
0.0240003379
0.07380163890000001
-0.0297051854
0.05529807690000001
0.0192323571
0.1015021447
0.0239639895
0.016214895400000002
0.016580968800000002
0.1015021447
0.1015021447
0.1015021447
0.1015021447
0.1015021447
0.08156750360000001
0.013146662100000001
0.0231428956
0.023135696100000002
-0.0412523606
-0.1015021568
-0.0807616436
-0.1015021568
0.1015021447
-0.1015021568
-0.081468211
0.1015021447
0.1015021447
-0.08696505950000001
-0.1015021568
-0.1015021568
0.1015021447
-0.1015021568
0.0246370399
0.023344747800000003
0.0243833876
-0.1015021568
0.1015021447
0.0706351778
-0.1015021568
0.1015021447
-0.1015021568
0.040454087300000004
-0.1015021568
0.1015021447
-0.0201023713
-0.1015021568
0.1015021447
0.06686879870000001
0.1015021447
-0.1015021568
0.1015021447
-0.0875400273
0.050835282300000006
0.1015021447
0.08489194230000001
0.1015021447
0.0708888906
-0.1015021568
0.0251915587
0.024756999300000002
0.0252192314
0.026825748400000002
0.0363140481
0.026119556100000003
0.0228352289
0.023772749000000003
0.1015021447
-0.1015021568
0.1015021447
0.0241826849
0.0247452865
-0.1015021568
-0.0398440174
0.1015021447
0.0977789384
0.1015021447
0.1009817479
-0.010244549700000001
0.1015021447
0.1015021447
0.0227146161
0.1015021447
0.0102891382
-0.1015021568
0.021804732400000002
0.0147584063
0.022526098100000003
-0.1015021568
0.1015021447
-0.0609781557
-0.1015021568
0.1015021447
0.0680007053
-0.1015021568
-0.07236153320000001
-0.1015021568
-0.1015021568
-0.1015021568
0.023409180300000002
0.022498715800000003
0.023104260300000002
0.021899172900000003
0.0242082038
0.023817095500000003
0.025235433300000002
0.025497228900000002
0.0281531063
0.0321267463
0.024666358200000002
0.0237286929
0.036804461100000005
-0.06181026060000001
0.1007092559
0.023766674800000002
0.1015021447
0.1015021447
-0.1015021568
-0.0455927516
-0.1015021568
-0.1015021568
0.1015021447
0.0236198897
0.0222044196
0.0161889772
-0.07311025700000001
0.08120308790000001
-0.1015021568
0.1015021447
0.1015021447
0.0748078991
0.0606013254
0.1015021447
0.06810846790000001
-0.1015021568
0.023343997600000003
0.0240831624
0.0245239291
0.0008348758000000001
0.0906624444
-0.1015021568
0.1015021447
-0.1015021568
0.1015021447
-0.1015021568
-0.0382969961
-0.1015021568
-0.1015021568
0.0157096962
-0.1015021568
0.056250213800000004
0.1015021447
0.0247803886
-0.051043922600000007
-0.1015021568
-0.0367213341
-0.1015021568
-0.1015021568
-0.0343805649
-0.0519348456
0.027447385900000003
0.1015021447
-0.0285660309
-0.07886980860000001
-0.06626410120000001
-0.0589888915
-0.1015021568
-0.1015021568
0.008150366400000001
0.1015021447
0.1015021447
-0.1015021568
0.09763832430000001
0.07489402690000001
0.023627367500000003
0.0228483332
-0.1015021568
0.09456693290000001
-0.1015021568
0.1015021447
0.1015021447
0.024752110900000002
-0.1015021568
-0.0061024777
0.1015021447
0.1015021447
0.0235977588
0.1015021447
-0.0506439329
0.0188748021
0.023605660100000002
0.1015021447
0.0262743998
-0.1015021568
0.1015021447
0.0802554159
0.07509209180000001
0.024982640100000002
-0.1015021568
-0.013391626600000001
-0.1015021568
0.1015021447
0.1015021447
0.0435565152
0.0323302441
0.0407931656
-0.1015021568
-0.1015021568
-0.1015021568
0.0079930543
-0.1015021568
-0.0949871538
-0.0406615902
0.08862525210000001
0.025112352100000002
0.028590206700000002
0.0233573439
0.024415452600000002
0.044712621800000005
0.1015021447
0.1015021447
-0.020154074600000002
0.1015021447
-0.1015021568
0.1015021447
-0.006508348000000001
-0.1015021568
-0.1015021568
-0.028069120200000002
0.1015021447
0.1015021447
-0.1015021568
-0.05889028860000001
-0.1015021568
0.0235477132
0.0236873714
0.0247530668
0.0238589857
0.024213104300000003
0.0249756826
-0.08543693840000001
-0.1015021568
-0.1015021568
0.1015021447
0.1015021447
-0.1015021568
0.028658765300000003
0.054907113800000004
0.1015021447
0.088288134
0.0451387112
0.1015021447
0.1015021447
0.1015021447
0.1015021447
-0.1015021568
0.0166519353
0.1015021447
-0.0333801611
0.1015021447
0.024257620200000003
0.024019746300000002
0.046497105600000005
-0.1015021568
0.1015021447
-0.07542418840000001
-0.1015021568
0.1015021447
0.1015021447
-0.1015021568
0.0823167114
-0.05794203580000001
0.1015021447
-0.1015021568
0.0248568969
0.0250324074
0.1015021447
-0.1015021568
-0.0005547608
0.1015021447
0.015278791000000002
0.0629764344
0.1015021447
0.1015021447
-0.1015021568
0.0096101588
0.023647199400000003
0.024510340800000002
0.0262123268
0.0241237821
0.0253314226
0.027305114100000003
0.0221335983
0.0640168166
-0.0647395496
-0.0682121891
0.1015021447
0.1015021447
0.1015021447
-0.1015021568
0.1015021447
-0.1015021568
-0.060086301
-0.0986340212
-0.1015021568
-0.0819287249
0.0309315083
0.0222542958
0.014978178600000001
-0.0852107047
-0.1015021568
0.1015021447
-0.1015021568
0.1015021447
0.023445613400000002
0.1015021447
-0.1015021568
-0.0552807618
-0.0289637337
-0.1015021568
0.0239916259
0.0554820332
0.1015021447
-0.1015021568
0.0241136423
0.021870774200000002
0.021612584400000003
0.0242375342
0.024654100900000003
-0.034743625400000006
0.0812743085
-0.0356726029
0.049834491300000006
-0.1015021568
0.1015021447
-0.1015021568
0.0651017873
-0.1015021568
0.1015021447
-0.020741578
-0.1015021568
0.1015021447
-0.026689889600000002
-0.0799232951
0.0313204991
0.0265291411
0.0268214287
0.025477155
0.0249244633
0.0235267681
0.022842706700000003
0.023259249200000002
0.024854634200000003
0.024682185000000002
0.024875966500000003
0.024857356700000003
0.1015021447
-0.08302280690000001
-0.0382471683
0.0915327248
0.1015021447
0.008734869000000001
0.1015021447
0.06689993200000001
0.1015021447
0.1015021447
-0.045863126100000005
-0.0635691771
0.09247923520000001
0.07780522640000001
0.1015021447
0.1015021447
-0.0282366447
-0.1015021568
0.0626276035
0.09673208270000001
-0.1015021568
0.023819092
0.024225240600000003
0.0244801029
0.022685927
-0.1015021568
0.1015021447
0.027251716800000002
0.022690113600000002
0.0048751021000000005
0.024791399600000003
0.1015021447
0.1015021447
0.025139093100000003
-0.1015021568
0.07240921930000001
0.055495512600000005
-0.0878617542
-0.1015021568
0.024922987100000002
-0.0160563612
-0.0858387189
0.1015021447
0.025303665200000002
0.0249868993
0.0832914027
-0.1015021568
0.1015021447
-0.1015021568
-0.0189366452
-0.09401670960000001
0.0220784586
0.0261431027
0.024360010400000003