0.056686067900000005
-0.0279981537
7.744e-07
-0.1015021568
-0.1015021568
-0.1015021568
-0.1015021447
-0.1015021568
0.08739664230000001
-0.0010924969
-0.0958802306
-0.1015021568
-0.1015021568
-0.1015021568
-0.1015021568
0.047660000300000005
-0.0052509160000000004
-0.1015021568
-0.1015021568
-0.1015021568
-0.1015021568
-0.0764897991
-0.0097672894
-0.1015021568
-0.1015021568
-0.1015021568
-0.1015021568
-0.1015021568
-0.0512785174
0.07154619890000001
-0.0662497264
-0.1015021568
-0.1015021568
-0.023444754300000002
0.007685218200000001
-0.07639022820000001
-0.1015021568
-0.1015021568
-0.1015021568
-0.1015021568
-0.1015021568
0.0067949486000000005
0.051760194200000005
-0.08631309940000001
-0.1015021568
-0.1015021568
-0.1015021568
0.034837061600000004
-0.037645532100000004
-0.1015021568
-0.1015021568
-0.1015021568
-0.1015021568
0.055566491200000005
0.031204556900000003
-0.1015021568
-0.1015021568
-0.1015021568
-0.0650165912
-0.0108733504
-0.1015021568
-0.1015021568
-0.1015021568
-0.1015021568
-0.037412365100000004
0.0676248188
-0.06694454470000001
-0.1015021568
-0.1015021568
-0.1015021568
-0.1015021568
0.0841562381
-0.0228196441
-0.1015021568
-0.1015021568
-0.1015021568
0.0849252899
-0.030359940600000003
-0.1015021568
-0.1015021568
-0.1015021568
0.0447607677
-0.0390598406
-0.1015021568
-0.1015021568
-0.0785498241
-0.1015021568
-0.1015021568
-0.1015021568
-0.1015021568
-0.1015021568
0.0104084684
-0.1015021568
-0.1015021568
-0.1015021568
-0.1015021568
-0.0244305171
-0.1015021568
-0.1015021568
-0.1015021568
0.043635879100000004
-0.0871312409
-0.1015021568
-0.1015021568
-0.1015021568
0.07900594570000001
-0.0957867339
-0.1015021568
0.023256187900000003
-0.1015021568
0.0677105473
-0.1015021568
-0.1015021568
-0.1015021568
0.0811534416
-0.06860670960000001
-0.1015021568
-0.1015021568
-0.1015021568
0.0490271793
-0.1015021568
-0.1015021568
-0.1015021568
0.0370018121
-0.0014963344000000001
-0.1015021568
-0.1015021568
0.055729974300000006
-0.042205296100000005
-0.1015021568
0.0674291134
-0.1015021568
-0.1015021447
0.07598521700000001
-0.0146512245
-0.1015021568
-0.1015021568
-0.1015021568
0.0788095748
-0.06987579390000001
-0.1015021568
-0.1015021568
-0.1015021568
0.045273819800000004
-0.1015021568
-0.1015021568
-0.1015021568
-0.0026393246000000004
-0.1015021568
-0.1015021568
-0.09689389600000001
-0.1015021568
7.26e-08
-0.0109766481
-0.1015021568
-0.1015021568
-0.1015021568
0.07680298340000001
-0.1015021568
-0.1015021568
-0.1015021568
-0.1015021568
0.0514860082
-0.0717579852
-0.1015021568
-0.1015021568
-0.1015021568
0.0774136099
-0.1015021568
-0.1015021568
-0.1015021568
-0.1015021568
0.06970904380000001
-0.0979858242
-0.1015021568
-0.1015021568
-0.1015021568
0.013928128500000001
-0.1015021568
-0.1015021568
-0.1015021568
0.057310536800000006
-0.0643831804
-0.1015021568
-0.1015021568
-0.1015021568
0.0775946138
-0.1015021568
-0.1015021568
0.037395655
-0.1015021568
-0.1015021568
-0.039710748000000004
-0.1015021568
-0.1015021568
-0.1015021568
0.019672893900000002
-0.09930272770000001
-0.1015021568
-0.1015021568
-0.0294022861
0.011766003700000001
-0.1015021568
-0.1015021568
-0.1015021568
0.07584852330000001
-0.0661940906
-0.1015021568
0.0239048931
-0.0263532918
-0.1015021568
0.0340428055
-0.1015021568
-0.1015021568
-0.1015021568
0.0697225474
-0.0927570149
-0.1015021568
-0.1015021568
-0.0451748781
0.0163884699
-0.1015021568
-0.1015021568
-0.1015021568
-0.0190071035
-0.0155551429
-0.1015021568
-0.1015021568
0.0086496366
-0.0214314474
-0.1015021568
0.039891691400000005
-0.1015021568
-0.1015021568
-0.1015021568
0.0488830804
-0.0037424332000000004
-0.1015021568
-0.1015021568
-0.1015021568
0.021824056100000003
-0.1015021568
-0.1015021568
-0.1015021568
-0.0349066487
-0.0119078762
-0.1015021568
-0.1015021568
0.0743024216
-0.061281514800000006
-0.1015021568
0.07400605630000001
-0.1015021568
-0.1015021568
0.072940373
-0.0303086971
-0.1015021568
-0.1015021568
-0.1015021568
0.0270318961
-0.0879456556
-0.1015021568
-0.1015021568
-0.1015021568
0.0645580496
-0.09613472990000001
-0.1015021568
-0.1015021568
0.011766088400000001
-0.1015021568
-0.1015021568
-0.0635808899
-0.1015021568
-0.1015021568
-0.0254218701
-0.1015021568
-0.1015021568
-0.1015021568
0.033255095500000005
-0.1015021568
-0.1015021568
-0.1015021568
0.0598777938
-0.0061861492
-0.1015021568
-0.1015021568
-0.1015021568
0.0680912738
-0.1015021568
-0.1015021568
0.056313303200000005
-0.1015021568
-0.1015021568
0.0044853853
-0.1015021568
-0.1015021568
-0.1015021568
-0.0969158454
0.040058042200000005
-0.0744339849
-0.1015021568
-0.1015021568
-0.0789779342
0.0309293908
-0.08301500240000001
-0.1015021568
-0.1015021568
-0.1015021568
0.0637758935
-0.1015021568
-0.1015021568
0.0003964928
-0.09893114880000001
-0.1015021568
-0.1015021568
0.007796828600000001
-0.1015021568
-0.1015021568
-0.1015021568
0.0737857274
-0.06806567020000001
-0.1015021568
-0.1015021568
-0.08959320370000001
0.0360779408
-0.0768749784
-0.1015021568
-0.1015021568
-0.1015021568
0.057944117
-0.0369191086
-0.1015021568
-0.1015021568
0.018800508100000002
-0.1015021568
-0.1015021568
0.07108388210000001
-0.10009441860000001
-0.1015021568
-0.1015021568
0.0050716666
-0.018431288700000003
-0.1015021568
-0.1015021568
-0.1015021568
0.07104469020000001
-0.0245022217
-0.1015021568
-0.1015021568
-0.1015021568
-0.0851097544
0.030567020000000004
-0.0788297092
-0.1015021568
-0.0604583397
-0.1015021568
-0.1015021568
-0.0100049092
-0.0507510784
-0.1015021568
-0.1015021568
0.0730294653
-0.0147435354
-0.1015021568
-0.1015021568
-0.1015021568
0.0735302117
-0.0204278976
-0.1015021568
-0.1015021568
-0.1015021568
0.0402666704
0.0387766885
-0.1015021568
-0.1015021568
0.051814281200000006
-0.1015021568
-0.1015021568
-0.0073787252
-0.1015021568
-0.1015021568
-0.024067226700000003
0.0135774463
0.007368549100000001
-0.1015021568
-0.1015021568
-0.1015021568
0.0253438251
-0.0669411567
-0.1015021568
-0.1015021568
-0.029185187900000003
-0.1015021568
-0.1015021568
-0.0832430269
-0.1015021568
-0.1015021568
0.0129705587
-0.090917827
-0.1015021568
-0.1015021568
-0.0263035608
0.0071270331
-0.1015021568
-0.1015021568
-0.1015021568
0.0692485904
-0.0185220387
-0.1015021568
-0.1015021568
-0.1015021568
-0.024736949600000002
-0.1015021568
-0.1015021568
-0.1015021568
-0.1015021568
0.0591170426
-0.08577589570000001
-0.1015021568
-0.1015021568
-0.1015021568
0.0679290854
-0.09295302280000001
-0.1015021568
-0.1015021568
0.06999653980000001
-0.0148000061
-0.1015021568
-0.1015021568
-0.1015021568
0.0477259816
-0.1015021568
-0.1015021568
0.042970379100000004
-0.1015021568
-0.1015021568
0.030232394500000002
-0.1015021568
-0.1015021568
-0.1015021568
-0.0424213779
0.0218246611
-0.1015021568
-0.1015021568
-0.1015021568
-0.018499496400000003
0.0135904296
-0.09515121770000001
-0.1015021568
-0.1015021568
-0.1015021568
0.072551721
-0.0579886329
-0.1015021568
-0.0951830528
0.043596784
-0.1015021568
0.0484020449
-0.029257424900000002
-0.1015021568
-0.1015021568
-0.1015021568
0.060632482900000007
-0.0050209071
-0.1015021568
-0.1015021568
-0.1015021568
0.06263468200000001
-0.044352513700000006
-0.1015021568
-0.1015021568
-0.1015021568
-0.0099662134
0.0561510059
-0.0523159714
-0.1015021568
-0.1015021568
0.0487737206
-0.1015021568
0.0705680349
-0.1015021568
-0.1015021568
-0.1015021568
-0.1015021568
0.0315986539
-0.07652311040000001
-0.1015021568
-0.1015021568
-0.1015021568
0.0232921975
-0.08495943610000001
-0.1015021568
-0.1015021568
-0.1015021568
0.059213528
-0.0467120742
-0.1015021568
-0.1015021568
0.0525027349
-0.1015021568
-0.1015021568
0.07028327350000001
-0.020502760300000002
-0.1015021568
-0.1015021568
0.0395216855
-0.0004683668
-0.1015021568
-0.1015021568
-0.1015021568
0.06589691460000001
-0.0338586435
-0.1015021568
-0.1015021568
-0.1015021568
-0.044755939800000005
0.019100007300000003
-0.0870158674
-0.1015021568
0.06677022
-0.011815166
-0.1015021568
0.006606515300000001
-0.1015021568
0.0003964928
0.024545551800000003
0.0018974131000000002
-0.1015021568
-0.1015021568
-0.1015021568
0.0671986568
-0.0738282105
-0.1015021568
-0.1015021568
-0.1015021568
0.0250006086
-0.0816386516
-0.1015021568
-0.1015021568
-0.008931554500000001
-0.1015021568
-0.1015021568
-0.01325797
-0.1015021568
-0.09555476480000001
-0.018507434
-0.1015021568
-0.1015021568
-0.1015021568
0.06825951220000001
-0.0679911705
4.84e-08
-0.1015021568
-0.1015021568
0.0306048688
-0.1015021568
-0.1015021568
-0.1015021568
-0.05294351370000001
-0.1015021568
-0.1015021568
0.0566628117
-0.1015021568
-0.1015021568
0.006745145
-0.1015021568
-0.1015021568
-0.1015021568
0.017417708
-0.020390460200000002
-0.1015021568
-0.1015021568
-0.1015021568
0.0665457166
-0.0705258301
-0.1015021568
-0.1015021568
-0.1015021568
0.051481131900000004
-0.07853455390000001
-0.1015021568
-0.045416043200000006
-0.1015021568
-0.1015021568
0.0557632372
-0.092184576
-0.1015021568
-0.1015021568
-0.1015021568
0.06867807540000001
-0.0569811869
-0.1015021568
-0.1015021568
-0.0935522027
0.041952878000000006
-0.06513997490000001
-0.1015021568
-0.1015021568
-0.1015021568
0.043702356500000004
0.0338291921
-0.1015021568
-0.1015021568
0.025151096300000002
-0.0896073728
-0.1015021568
0.0629144098
-0.043598744200000004
-0.1015021568
-0.1015021568
-0.0158557432
0.0106999211
-0.1015021568
-0.1015021568
-0.1015021568
0.008904172200000001
0.046913950600000004
-0.0596236454
-0.1015021568
-0.1015021568
-0.09000977040000001
0.0400145427
-0.1015021568
-0.1015021568
0.0479173794
-0.1015021568
-0.1015021568
0.0632284169
-0.08340510640000001
-0.1015021568
-0.1015021568
-0.1015021568
0.0650036563
-0.0461529695
-0.1015021568
-0.1015021568
-0.1015021568
0.0679186915
-0.014933118200000001
-0.1015021568
-0.1015021568
-0.1015021568
-0.097425207
0.045373245500000006
-0.1015021568
-0.1015021568
-0.08515448810000001
-0.1015021568
-0.1015021568
0.0264786236
-0.1015021568
-0.1015021568
-0.1015021568
-0.1015021568
0.059293920400000005
-0.08552185620000001
-0.1015021568
-0.1015021568
-0.1015021568
0.0536981423
-0.0483100849
-0.1015021568
-0.1015021568
-0.1015021568
-0.0033031306000000002
0.0054145443
-0.1015021568
-0.1015021568
0.0018288061000000001
-0.1015021568
0.06510043210000001
0.0001982464
-0.1015021568
-0.1015021568
0.06249733490000001
-0.08042066560000001
-0.1015021568
-0.1015021568
-0.1015021568
0.0161625266
-0.0879518871
-0.1015021568
-0.1015021568
-0.013044187200000001
0.0097567261
-0.1015021568
0.0015859712
0.0045416624
-0.1015021568
-0.0890560484
-0.1015021568
-0.1015021568
-0.1015021568
0.06408379010000001
-0.0312617657
-0.1015021568
-0.1015021568
-0.1015021568
0.021919621900000002
-0.1015021568
-0.1015021568
-0.1015021568
-0.0267722422
0.013892857000000002
-0.1015021568
-0.1015021568
-0.1015021568
0.0071249761
-0.1015021568
-0.1015021568
-0.1015021568
-0.1015021568
-0.0862503609
1.573e-07
-0.1015021568
-0.1015021568
-0.1015021568
-0.0700447946
-0.0044576037
-0.1015021568
-0.1015021568
-0.1015021568
0.058855888300000006
-0.0410972749
-0.1015021568
-0.1015021568
-0.1015021568
0.061257411600000006
-0.1015021568
-0.1015021568
0.044480773700000004
-0.1015021568
-0.1015021568
-0.09188811390000001
-0.0228210114
-0.1015021568
-0.1015021568
-0.1015021568
0.0644732528
-0.0294336372
-0.1015021568
-0.1015021568
-0.1015021568
0.055455268
-0.0055953062000000005
-0.1015021568
-0.1015021568
-0.1015021568
-0.0340254299
-0.1015021568
-0.1015021568
-0.1015021568
-0.09445276940000001
-0.1015021568
-0.09869057660000001
0.0038225594000000002
-0.09977532950000001
-0.1015021568
-0.1015021568
-0.1015021568
0.0348825092
-0.1015021568
-0.1015021568
-0.1015021568
-0.0750076338
0.0208629289
-0.07547729530000001
-0.1015021568
-0.1015021568
-0.1015021568
-0.053544085100000006
-0.1015021568
-0.1015021568
-0.022750879800000002
-0.1015021568
-0.1015021568
0.068388474
-0.054699671400000004
-0.1015021568
-0.1015021568
-0.1015021568
0.0219371548
0.0023114146
-0.1015021568
-0.1015021568
-0.1015021568
-0.0787666077
0.033913262900000005
-0.0707866214
-0.1015021568
-0.1015021568
-0.1015021568
0.064008153
-0.1015021568
-0.1015021568
0.0592037512
-0.1015021568
-0.1015021568
-0.1015021568
0.010038547200000001
-0.1015021568
-0.1015021568
-0.1015021568
0.0469258086
-0.057847498500000004
-0.1015021568
-0.1015021568
-0.1015021568
0.0699613651
-0.023578302000000002
-0.1015021568
-0.1015021568
-0.1015021568
-0.0667203559
-0.030398563800000004
-0.1015021568
-0.041648381500000005
-0.1015021568
0.0015859712
0.020526694100000003
-0.1015021568
-0.1015021568
-0.1015021568
0.0092244592
0.0124268936
-0.1015021568
-0.1015021568
-0.1015021568
0.0734362068
-0.060810147200000005
-0.1015021568
-0.1015021568
-0.1015021568
0.07043389430000001
-0.06879335210000001
-0.1015021568
-0.0609946722
0.0003964928
-0.1015021568
-0.040072199200000005
-0.1015021568
-0.1015021568
-0.1015021568
0.015892031100000002
-0.0910031562
-0.1015021568
-0.1015021568
0.013658129100000001
0.0091915109
-0.1015021568
-0.1015021568
-0.1015021568
0.07376150320000001
-0.021756961600000003
-0.1015021568
-0.1015021568
0.035563134200000006
-0.1015021568
-0.052427618100000004
-0.0792800107
-0.1015021568
-0.1015021568
0.061273831300000005
-0.042560225400000005
-0.1015021568
-0.1015021568
-0.1015021568
0.011387503600000001
-0.1015021568
-0.1015021568
-0.1015021568
-0.0965149966
0.0062891444
-0.09855627870000001
-0.1015021568
-0.1015021568
-0.0242917422
-0.1015021568
-0.1015021568
-0.030988668700000003
-0.1015021568
-0.1015021568
-0.1015021568
0.0264458568
-0.08219458610000001
-0.1015021568
-0.1015021568
0.005832042700000001
0.018197879700000003
-0.1015021568
-0.1015021568
-0.1015021568
-0.10138665020000001
0.054689943000000005
-0.053366094100000004
-0.1015021568
-0.1015021568
0.046290086700000004
-0.061406411
-0.1014092288
0.0450682892
-0.1015021568
-0.1015021568
-0.1015021568
0.06540313780000001
-0.0333863563
-0.1015021568
-0.1015021568
-0.1015021568
0.0656480297
-0.0076918369
-0.1015021568
-0.1015021568
-0.1015021568
-0.10149944640000001
0.056669006900000006
-0.048519608500000005
-0.1015021568
-0.1015021568
0.0074568549000000005
-0.1015021568
-0.1015021568
0.043517480600000005
-0.1015021568
-0.1015021568
-0.0694621675
0.06798392260000001
-0.0292347979
-0.1015021568
-0.1015021568
-0.1015021568
0.0648542334
-0.0802542301
-0.1015021568
-0.1015021568
-0.1015021568
0.0666406653
-0.009301306300000001
-0.1015021568
-0.1015021568
-0.1015021568
-0.013731757600000002
-0.09371596410000001
-0.1015021568
-0.099191444
-0.1015021568
-0.1015021568
-0.0820740217
-0.0251507091
-0.1015021568
-0.1015021568
-0.1015021568
0.052950084
-0.0036114023
-0.1015021568
-0.1015021568
-0.1015021568
-0.042005827600000004
-0.0070894505
-0.1015021568
-0.1015021568
-0.1015021568
0.0671832898
-0.09005696040000001
-0.1014092288
0.06892612540000001
-0.1015021568
-0.1015021568
0.0413183177
-0.1012039886
-0.1015021568
-0.1015021568
-0.0725240362
-0.0015011018000000002
-0.1015021568
-0.1015021568
-0.1015021568
-0.052457432500000005
0.025076354600000003
-0.1015021568
-0.1015021568
-0.1015021568
-0.029115770200000002
-0.1015021568
-0.1015021568
0.0105035865
-0.1015021568
0.020337946200000002
-0.0181273004
-0.1015021568
-0.1015021568
-0.1015021568
0.0693666985
-0.0664137056
-0.1015021568
-0.1015021568
-0.0626097802
0.031048491100000002
-0.07438782340000001
-0.1015021568
-0.1015021568
-0.1015021568
0.0642876993
-0.006468055
-0.1015021568
-0.1015021568
-0.045620557400000004
-0.1015021568
0.0703020527
-0.0535951713
-0.1015021568
-0.1015021568
-0.1015021568
0.029827383300000003
-0.020547445600000002
-0.1015021568
-0.1015021568
-0.1015021568
0.045336885
-0.0008295276
-0.1015021568
-0.1015021568
-0.1015021568
-0.1015021568
0.0643888916
-0.07746662
-0.1015021568
-0.1015021568
-0.0847778272
-0.1015021568
-0.1015021568
0.05452874680000001
-0.091456277
-0.1015021568
-0.1015021568
0.0689970798
-0.056688729900000005
-0.1015021568
-0.1015021568
-0.1015021568
0.0680506178
-0.022813945000000002
-0.1015021568
-0.1015021568
-0.1015021568
-0.06956700190000001
0.06636730210000001
-0.029435621600000003
-0.1015021568
-0.0459493023
-0.1015021568
-0.1015021568
-0.1015021568
0.0166126103
-0.1015021568
-0.1015021568
-0.1015021568
0.0715707014
-0.013899245800000001
-0.1015021568
-0.1015021568
-0.1015021568
0.0719216498
-0.019261554400000002
-0.1015021568
-0.1015021568
-0.1015021568
-0.0772155934
0.0396902869
-0.1015021568
-0.1015021568
-0.1015021568
-0.1015021568
0.0063438848
0.0635197002
-0.08316631290000001
-0.1015021568
-0.1015021568
-0.1015021568
0.057728543400000006
-0.047202414600000006
-0.1015021568
-0.1015021568
-0.1015021568
0.07085924560000001
-0.015985842400000002
-0.1015021568
-0.1015021568
-0.1015021568
0.032257220600000004
-0.0215859402
-0.1015021568
-0.1015021568
0.0489117332
-0.1015021568
-0.1015021568
0.025080916300000002
-0.1015021568
-0.1015021568
-0.1015021568
-0.1015021568
0.017379762400000002
-0.1015021568
-0.1015021568
-0.1015021568
-0.007403276100000001
0.010469682300000002
-0.09262666160000001
9.91232e-05
-0.1015021568
-0.1015021568
0.0163817181
0.0051448353
-0.1015021568
-0.1015021568
0.036516650500000004
-0.1015021568
-0.0664825304
-0.0027608449
-0.1015021568
-0.1015021568
-0.1015021568
-0.0435012424
-0.006319152400000001
-0.1015021568
-0.1015021568
-0.1015021568
-0.1015021568
0.014944201800000001
-0.08874017790000001
-0.1015021568
-0.1015021568
-0.1015021568
0.0694192609
-0.014797586100000001
-0.1015021568
-0.1015021568
0.0691382021
-0.1015021568
1.5488e-06
0.0430601974
-0.026394153500000003
-0.1015021568
-0.1015021568
0.0561656711
-0.003978068600000001
-0.10149925280000001
-0.1015021568
-0.1015021568
-0.037204160400000005
0.019200485700000002
-0.08418605250000001
-0.1015021568
-0.1015021568
-0.1015021568
0.0684664464
-0.011762821400000002
-0.1015021568
-0.0986091194
0.0690109948
-0.1015021568
-0.0869229031
0.0021589909000000003
-0.1015021568
-0.1015021568
-0.1015021568
-0.0720184982
0.032949631
-0.0719348025
-0.1015021568
-0.1015021568
-0.0516012365
-0.005316752100000001
-0.1015021568
-0.1015021568
-0.1015021568
-0.1015021568
0.066030426
-0.009084667900000001
-0.1015021568
-0.1015021568
0.0689010905
-0.1015021568
-0.09394317790000001
-0.018629268900000003
-0.1015021568
-0.1015021568
-0.1015021568
0.0406844108
0.0005858941
-0.1015021568
-0.1015021568
-0.1015021568
-0.0638204215
-0.0030656802000000004
-0.1015021568
-0.1015021568
-0.1015021568
-0.1015021568
0.021573090000000003
-0.0825083149
-0.1015021568
-0.0158202297
0.05813584150000001
-0.1015021568
-0.1001025861
0.050868545200000004
-0.0541201056
-0.1015021568
-0.1015021568
0.0692671276
-0.021016901400000003
-0.0896073728
-0.1015021568
-0.1015021568
0.0668865131
-0.027336356300000003
-0.1015021568
-0.1015021568
-0.1015021568
-0.054957304600000007
0.025999536200000003
-0.07797145620000001
-0.1015021568
-0.032076930600000005
-0.0082832728
-0.1015021568
0.06835325090000001
-0.04950564960000001
-0.1014905408
-0.1015021568
-0.1015021568
0.0689712826
-0.017652581100000002
-0.1015021568
-0.1015021568
-0.1015021568
0.0676378021
-0.023544059000000003
-0.1015021568
-0.1015021568
-0.1015021568
-0.0680998285
0.030333671500000003
-0.0734880069
-0.1015021568
-0.046832481300000006
-0.006230169000000001
-0.1015021568
0.0659558779
-0.044915079000000004
-0.1015021568
-0.1015021568
-0.1015021568
0.0684322881
0.0080185732
-0.0527308078
-0.1015021568
-0.1015021568
-0.1015021568
0.022603405
-0.0200209504
-0.1015021568
-0.1015021568
-0.1015021568
0.06642621700000001
-0.026137331000000003
-0.1015021568
-0.1015021568
-0.1015021568
0.055668034400000004
-0.1015021568
-0.1015021568
0.060863205700000006
-0.1015021568
-0.1015021568
-0.011570818600000001
-0.047978799
-0.1015021568
-0.1015021568
0.0698873373
-0.05591250280000001
-0.1015021568
-0.1015021568
-0.08642844870000001
0.042261645800000004
-0.0638241967
-0.1015021568
-0.1015021568
-0.1015021568
0.050073139600000004
-0.028765656700000003
-0.1015021568
0.0601922728
-0.0358114625
-0.1015021568
0.060094420100000004
-0.1015021568
-0.1015021568
-0.1015021568
0.0702426901
-0.05107535840000001
-0.1015021568
-0.1015021568
-0.0937902097
0.0047010799
-0.0984333064
-0.1015021568
-0.1015021568
-0.0811548452
0.0005478033
-0.1015021568
6.1952e-06
0.0559752655
-0.0030151264
-0.1015021568
0.0636361143
-0.1015021568
-0.1015021568
-0.014175077400000001
0.0141078377
-0.08924133570000001
-0.1015021568
-0.1015021568
-0.0997758135
0.007162885400000001
-0.09539597650000001
4.95616e-05
-0.1015021568
-0.0889835815
-0.0211763431
-0.1015021568
-0.1015021568
-0.1015021568
-0.027489046200000002
-0.1015021568
-0.1015021568
-0.034461126700000004
-0.1015021568
-0.1015021568
-0.030786138900000003
-0.0852191021
-0.1015021568
-0.1015021568
-0.0061484093
0.010905959900000001
-0.1015021568
-0.1015021568
-0.1015021568
0.0159960669
-0.0175660056
-0.1015021568
-0.1015021568
-0.1015021568
-0.0842972394
-0.1015021568
-0.1015021568
0.0312706834
-0.1015021568
-0.1015021568
-0.006030047100000001
-0.1015021568
-0.1015021568
-0.1015021568
-0.021213127100000003
0.014870331300000001
-0.1015021568
-0.1015021568
-0.1015021568
0.06986001550000001
-0.05246863710000001
-0.1015021568
-0.1015021568
-0.1015021568
0.025542216700000002
1.0769e-06
-0.1015021568
-0.07645302720000001
-0.1015021568
-0.057334156000000004
-0.0328897239
-0.1015021568
-0.1015021568
-0.1015021568
0.06163138630000001
-0.0838983992
-0.1015021568
-0.1015021568
-0.0099811206
0.0125510154
-0.0905747194
-0.1015021568
-0.1015021568
0.013517345600000001
0.006556820600000001
-0.1015021568
-0.1015021568
0.0414443634
-0.10105665900000001
-0.1015021568
0.0673699928
4.961e-07
-0.1015021568
-0.1015021568
0.024638552400000003
-0.1015021568
-0.1015021568
-0.1015021568
0.0676551051
-0.009106326900000001
-0.1015021568
-0.1015021568
-0.1015021568
0.06975218030000001
-0.013474717300000001
-0.1015021568
-0.1015021568
0.07454064640000001
-0.0983844829
-0.1015021568
0.038769101800000004
-0.1015021568
-0.1015021568
0.0665925799
-0.0030964868
-0.1015021568
-0.1015021568
-0.1015021568
0.0635107583
-0.038575211400000003
-0.1015021568
-0.1015021568
-0.1015021568
0.057267472900000005
-0.0892057133
-0.1015021568
-0.1015021568
-0.1015021568
-0.0952471465
-0.1015021568
0.0299542276
-0.1015021568
-0.1015021568
0.0355833412
-0.1015021568
-0.1015021568
-0.1015021568
-0.1015021568
-0.0046402532000000005
-0.1015021568
-0.1015021568
-0.1015021568
-0.030284654400000003
0.0176907203
-0.1015021568
-0.1015021568
-0.1015021568
-0.0051250276
-0.0494275562
-0.1015021568
-0.1015021568
-0.1015021568
-0.1015021568
0.0682777469
-0.1015021568
-0.1015021568
-0.1015021568
0.0523358638
-0.002522245
-0.1015021568
-0.1015021568
-0.1015021568
-0.044493043100000004
-0.0060861064
-0.0808116771
-0.1015021568
-0.1015021568
-0.1015021568
0.06715802500000001
-0.0100069057
-0.1015021568
-0.1008615707
0.008803185600000001
-0.1015021568
-0.09114789640000001
0.0038563184
-0.1015021568
-0.1015021568
-0.1015021568
-0.0768524845
0.0366010843
-0.1015021568
-0.1015021568
-0.1015021568
-0.0568094274
0.0277841773
-0.0763859206
-0.1015021568
-0.1015021568
-0.1015021568
0.0649095788
-0.0075489359
-0.1015021568
-0.1015021568
0.0555710529
-0.1015021568
-0.0970189495
0.006619680100000001
-0.1015021568
-0.1015021568
-0.1015021568
-0.08565824740000001
0.0021462012
-0.1009024929
-0.1015021568
-0.1015021568
-0.0698357792
-0.0019835772000000003
-0.1015021568
-0.1015021568
-0.1015021568
-0.1015021568
0.0242488598
-0.07950409060000001
-0.1015021568
-0.1015021568
0.016089091700000002
-0.1015021568
-0.1015021568
0.06981172440000001
-0.0512401362
-0.1015021568
-0.1015021568
0.0229499248
-0.0188798357
-0.1015021568
-0.1015021568
-0.1015021568
0.040113544900000006
0.0005411241000000001
-0.1015021568
-0.1015021568
-0.1015021568
-0.1015021568
0.06557913230000001
-0.031599694500000004
-0.1015021568
-0.1015021568
0.0206423701
-0.1015021568
0.013845812200000002
-0.1015021568
-0.1015021568
-0.0988162835
0.0513301239
-0.09527333090000001
-0.1015021568
-0.1015021568
-0.08799825430000001
0.0030409357
-0.1015021568
-0.1015021568
-0.1015021568
-0.0724868892
-0.0011215006
-0.1015021568
-0.1015021568
0.06452352830000001
-0.034628893200000004
-0.1015021568
0.017866134000000002
-0.1015021568
-0.1015021568
0.0686219556
-0.0127496732
-0.1015021568
-0.1015021568
-0.1015021568
0.0173613099
-0.017725423100000002
-0.1015021568
-0.1015021568
-0.1015021568
0.06795056290000001
-0.0235775034
-0.1015021568
-0.1015021568
0.030665308300000003
-0.1015021568
-0.1015021568
0.021527352000000003
-0.1015021568
-0.1015021568
-0.0217962503
-0.0448806666
-0.1015021568
-0.1015021568
0.0015703501000000001
0.0084760016
-0.1015021568
-0.1015021568
-0.1015021568
0.023329501800000003
0.0032479183000000003
-0.1015021568
-0.1015021568
-0.1015021568
-0.07960550070000001
-0.1015021568
-0.1015021568
0.0524916876
-0.1015021568
-0.1015021568
0.059237316600000006
-0.0837027785
-0.1015021568
-0.1015021568
-0.1015021568
-0.1015021568
-0.09815938660000001
0.0484624118
-0.0558537573
-0.1015021568
-0.1015021568
-0.1015021568
-0.08768098020000001
0.0021249052000000004
-0.1015021568
-0.1015021568
-0.0017141465000000001
-0.1015021568
-0.1015021568
0.0595031778
-0.0358909595
-0.1015021568
-0.1015021568
-0.1015021568
0.0161964913
-0.0865583422
-0.1015021568
-0.1015021568
-0.1015021568
0.0528578336
-0.051030709400000006
-0.1015021568
-0.1015021568
-0.1015021568
0.020378735300000003
-0.0981732411
-0.1015021568
-0.1015021568
-0.06705123040000001
-0.1015021568
-0.1015021568
0.06577401490000001
-0.07480612040000001
-0.1015021568
-0.1015021568
3.63e-08
0.0206065541
-0.1015021568
-0.1015021568
-0.1015021568
-0.0184433887
0.055782076900000005
-0.08915359860000001
-0.1015021568
-0.1015021568
-0.1015021568
0.0039918263
-0.015562584400000001
-0.1015021568
-0.1015021568
-0.0999888824
-0.1015021568
0.043682464100000006
-0.027518509700000002
-0.1015021568
-0.1015021568
-0.1015021568
-0.0537398752
-0.004734742100000001
-0.1015021568
-0.1015021568
-0.1015021568
-0.1015021568
0.0001311277
-0.0850063115
-0.1015021568
-0.1015021568
-0.1015021568
0.067416844
-0.049515970900000005
-0.1015021568
-0.1015021568
-0.1015021568
-0.1015021568
-0.0235292728
-0.1015021568
-0.1015021568
-0.0714609907
0.027598575400000002
-0.1015021568
2.47808e-05
-0.1015021568
-0.0517624811
0.020145967600000002
-0.1015021568
-0.1015021568
-0.1015021568
-0.10150070480000001
0.013818212100000001
-0.08765012520000001
-0.1015021568
0.0505731721
-0.0938154261
-0.1015021568
-0.0198117656
-0.1015021568
-0.1015021568
0.0398970154
-0.00021371020000000003
-0.1015021568
-0.1015021568
-0.1015021568
0.0540884036
-0.0037895748000000003
-0.1015021568
0.0031719424
-0.1015021568
0.0605855349
-0.039864889900000006
-0.1015021568
-0.1015021568
0.05661373410000001
-0.0900596345
-0.1015021568
-0.0162639972
-0.1015021568
-0.1015021568
0.042000346300000005
-0.06311086540000001
-0.1015021568
-0.1015021568
-0.1015021568
0.0657155598
-0.028220721100000002
-0.1015021568
-0.1015021568
-0.1015021568
0.024843369100000002
-0.0786229928
-0.1015021568
-0.1015021568
-0.1015021568
-0.1015021568
-0.1015021568
-0.0037580059000000003
-0.1015021568
-0.1015021568
-0.09446440960000001
-0.0182143962
-0.0977129208
-0.1015021568
-0.1015021568
-0.1015021568
0.0385285901
-0.06593842970000001
-0.1015021568
-0.1015021568
-0.1015021568
0.0525665987
-0.030695630900000003
-0.1015021568
-0.1015021568
-0.1015021568
-0.1015021568
-0.1015021568
-0.1015021568
-0.1015021568
-0.08831597610000001
-0.1015021568
-0.1003838627
0.008669456400000001
-0.0944642886
-0.1015021568
-0.1015021568
-0.1015021568
0.06964394580000001
-0.0610220666
-0.1015021568
-0.1015021568
-0.1015021568
0.06790406260000001
-0.0002561086
-0.1015021568
-0.1015021568
-0.1015021568
-0.1015021568
-0.0766793335
-0.1015021568
-0.1015021568
-0.0405237712
-0.1015021568
-0.1015021568
-0.0118576249
-0.1015021568
-0.1015021568
-0.1015021568
-0.1015021568
0.049767070100000005
-0.055965065200000004
-0.1015021568
-0.1015021568
-0.1015021568
0.0690512031
-0.0224689014
-0.1015021568
-0.1015021568
-0.1015021568
0.051079847500000004
-0.1015021568
-0.1015021568
-0.1015021568
-0.035671417100000005
-0.1015021568
-0.1015021568
0.0173535296
-0.1015021568
-0.1015021568
-0.1015021568
-0.0006614102
0.0104532263
-0.0926733918
-0.1015021568
-0.1015021568
-0.0940627138
0.0465198536
-0.058785938200000006
-0.1015021568
-0.1015021568
-0.1015021568
-0.0803792836
-0.06680497120000001
-0.1015021568
-0.1015021568
-0.1015021568
-0.1015021568
0.022468526300000003
-0.1015021568
-0.1015021568
-0.1015021568
0.06874118900000001
-0.0460037281
-0.1015021568
-0.1015021568
-0.0986740722
0.052476901400000005
-0.0538727816
-0.1015021568
-0.1015021568
-0.1015021568
0.0701865098
-0.0619059111
-0.1015021568
-0.07293275
-0.0008453786
-0.1015021568
0.026924520700000003
-0.1015021568
-0.1015021568
-0.1015021568
0.06147395320000001
-0.041155838900000005
-0.1015021568
-0.1015021568
-0.1015021568
0.0556911454
-0.09111539580000001
-0.1015021568
-0.1015021568
-0.09567114260000001
0.0061967367
-0.1015021568
-0.1015021568
0.0409386318
-0.023021084900000002
-0.1015021568
-0.029474644100000003
-0.1015021568
-0.1015021568
0.0622062331
-0.0057077152
-0.1015021568
-0.1015021568
-0.1015021568
0.0589879598
-0.0869242704
-0.1015021568
-0.1015021568
-0.1015021568
0.0697776266
-0.013923252200000001
-0.1015021568
-0.1015021568
-0.1015021568
-0.09846433080000001
-0.1015021568
0.0430648801
-0.1015021568
-0.1015021568
-0.060749937600000005
0.0652348752
-0.031949771700000004
-0.1015021568
-0.1015021568
-0.1015021568
0.06372825580000001
-0.0391341346
-0.1015021568
-0.1015021568
-0.1015021568
0.0685098491
-0.0110290169
-0.1015021568
-0.1015021568
-0.1015021568
0.0697833741
-0.09530060430000001
-0.1015021568
0.0317723857
-0.0624590989
-0.1015021568
-0.1015021568
0.0492764877
-0.027703264600000003
-0.1015021568
-0.1015021568
-0.1015021568
0.05953748130000001
-0.034593645900000004
-0.1015021568
-0.1015021568
-0.1015021568
-0.028670514400000003
0.0178241107
-0.0850980174
-0.1015021568
-0.1015021568
-0.012720645300000001
-0.1015021568
-0.1015021568
0.0054192028
-0.1015021568
-0.1015021568
-0.0822273166
7.73916e-05
-0.023811130200000002
-0.1015021568
-0.1015021568
-0.1015021568
0.0663755059
-0.0304535462
-0.1015021568
-0.1015021568
-0.1015021568
-0.0415462091
0.0223894528
-0.0810487403
-0.1015021568
-0.1015021568
0.058732504600000006
-0.08792588420000001
-0.1015021568
0.052652097300000006
-0.1015021568
-0.1015021568
-0.0901731325
0.045085737400000006
-0.0201035692
-0.1015021568
-0.1015021568
-0.1015021568
0.06797380700000001
-0.026239781700000003
-0.1015021568
-0.1015021568
-0.1015021568
0.0580875988
-0.0039622781
-0.1015021568
-0.1015021568
-0.1015021568
-0.007607536200000001
-0.1015021568
-0.1015021568
-0.09028056840000001
-0.1015021568
-0.1015021568
0.0504416935
-0.1015021568
-0.1015021568
-0.1015021568
0.0696379563
-0.0224060056
-0.1015021568
-0.1015021568
-0.1015021568
0.0671285615
-0.028877267100000003
-0.1015021568
-0.1015021568
-0.1015021568
0.025196556000000002
-0.1015021568
-0.1015021568
-0.0432197359
-0.1015021568
0.07081371330000001
-0.09265876290000001
-0.1015021568
-0.1015021568
-0.1015021568
0.07074303720000001
-0.058778605600000006
-0.1015021568
-0.1015021568
-0.0786460796
0.0006777936000000001
-0.1015021568
-0.1015021568
-0.1015021568
-0.059422059400000005
0.030851962900000002
-0.1015021568
-0.1015021568
0.0631577771
-0.1015021568
0.06965553760000001
-0.08879155450000001
-0.1015021568
-0.1015021568
-0.09880146100000001
2.2990000000000001e-07
-0.094900179
-0.1015021568
-0.1015021568
0.0329662443
-0.0207846177
-0.1015021568
-0.1015021568
-0.1015021568
0.0495823394
-0.0008078202000000001
-0.1015021568
-0.1015021568
0.0657977188
-0.0338927776
-0.1015021568
0.0674459929
0.018719244500000003
-0.1015021568
-0.1015021568
-0.0026205817
0.0122912768
-0.1015021568
-0.0896073728
-0.1015021568
0.020723476400000003
0.0057030809
-0.1015021568
-0.1015021568
-0.1015021568
-0.0831389669
0.06938242850000001
-0.0230274011
-0.1015021568
-0.1015021568
0.0326550202
-0.1015021568
-0.1015021568
0.06446932030000001
-0.0056753235
-0.1015021568
-0.1015021568
-0.0173358999
0.0169060958
-0.0871302729
-0.1015021568
-0.1015021568
0.0049440358000000005
-0.014074187600000001
0.0126877696
-0.1015021568
-0.1015021568
-0.101496736
0.0463035903
-0.019312870500000003
-0.1015021568
-0.1015021568
0.0692261933
-0.1015021568
-0.1015021568
-0.0034520574000000003
-0.1015021568
-0.1015021568
-0.1015021568
0.0654907176
-0.0071281221
-0.1015021568
-0.1015021568
-0.1015021568
-0.011826975600000001
-0.011274477500000001
-0.1015021568
-0.1015021568
-0.1015021568
-0.0979940522
0.050489488500000006
-0.0956540211
-0.1015021568
0.0337392044
0.0028416366
-0.1015021568
-0.0711318102
-0.028001166600000002
-0.1015021568
-0.1015021568
-0.1015021568
0.0607378618
1.8997000000000002e-06
-0.1015021568
-0.1015021568
-0.1015021568
0.017766829300000002
-0.0855389051
-0.1015021568
-0.1015021568
-0.1015021568
-0.0026939561
0.0105177798
-0.0920572114
-0.1015021568
0.019761586900000003
0.0054430398000000005
-0.1015021568
0.0012143923
-0.1015021568
-0.1015021568
0.0536657143
-0.0027057657
-0.1015021568
-0.1015021568
-0.1015021568
0.0628697487
-0.006300663600000001
-0.1015021568
-0.10148047360000001
-0.1015021568
0.06809293150000001
-0.0452369269
-0.1015021568
-0.1015021568
-0.0999090224
-0.0943292163
-0.1015021568
-0.090611334
-0.1015021568
-0.1015021568
0.046033252100000005
-0.0264650111
-0.1015021568
-0.1015021568
-0.1015021568
0.0580133774
-0.0033701888000000004
-0.1015021568
-0.1015021568
-0.1015021568
0.0614144817
-0.0405885304
-0.1015021568
-0.1015021568
-0.1015021568
-0.0482714012
9.91232e-05
-0.1015021568
-0.1015021568
-0.1015021568
0.0416231409
-0.053923020800000006
-0.1015021568
-0.1015021568
0.052742544800000006
-0.029156752900000003
-0.1015021568
-0.1015021568
-0.1015021568
0.0642804151
-0.0362112707
-0.1015021568
-0.1015021568
-0.1015021568
-0.0224050134
-0.0436367624
-0.1015021568
0.0011173866000000001
-0.1015021568
-0.1015021568
0.06977336740000001
-0.0983721651
-0.1015021568
-0.1015021568
-0.1015021568
0.041676090500000006
-0.025028983100000003
-0.1015021568
-0.1015021568
-0.1015021568
0.016478820600000003
-0.0033206877000000004
-0.1015021568
-0.1015021568
-0.1015021568
-0.1015021568
0.06216969110000001
-0.1015021568
-0.1015021568
-0.1015021568
-0.0894139059
-0.1015021568
-0.1015021568
0.0507255958
-0.1015021568
-0.1015021568
-0.1015021568
0.0696565782
-0.06234011960000001
-0.1015021568
-0.1015021568
-0.1015021568
0.0489067964
-0.0010220749
-0.1015021568
-0.1015021568
-0.1015021568
-0.0511871261
-0.0046905892
-0.1015021568
-0.1015021568
-0.0851868072
-0.1015021568
0.0692214985
-0.0496114157
-0.1015021568
-0.1015021568
-0.1015021568
0.019604710400000003
-0.0177682813
-0.1015021568
-0.1015021568
-0.1015021568
0.0403416662
0.0013484724
-0.1015021568
-0.1015021568
-0.10145879040000001
-0.1015021568
0.0664982846
-0.07339344540000001
-0.1015021568
-0.1015021568
-0.1015021568
-0.1015021568
0.05833534630000001
-0.1015021568
-0.1015021568
-0.1015021568
-0.1015021568
0.0694854721
-0.052680266100000005
-0.1015021568
-0.1015021568
-0.10149944640000001
0.0696021403
0.022203596800000003
-0.09921422830000001
-0.1015021568
-0.1015021568
-0.07556339890000001
0.037415837800000004
-0.1015021568
-0.1015021568
0.0580285508
-0.1015021568
-0.032537529200000005
-0.007608564700000001
-0.1015021568
-0.1015021568
-0.1015021568
0.012434202
-0.09043821930000001
-0.1015021568
-0.1015021568
0.014084920300000001
0.0068386538
-0.1015021568
-0.1015021568
-0.1015021568
0.035749510500000005
0.0020707577
-0.100862696
-0.1015021568
0.0334570324
-0.0287824999
-0.1015021568
-0.005348466200000001
-0.1015021568
-0.1015021568
0.0681927323
-0.009101257
-0.1015021568
-0.1015021568
-0.1015021568
0.0542331559
-0.0926546731
-0.1015021568
-0.1015021568
-0.09319044900000001
0.0045594131000000005
-0.09808479010000001
-0.1015021568
-0.1015021568
0.0005370706
-0.1015021568
-0.1015021568
-0.1015021568
-0.1015021568
-0.0371348879
-0.0068236377
-0.08226338670000001
-0.1015021568
-0.1015021568
-0.013688149200000001
-0.0108663082
-0.1015021568
-0.1015021568
-0.1015021568
0.0086695411
0.0076529112
-0.1015021568
-0.1015021568
-0.1015021568
-0.1015021568
-0.062183920700000006
-0.1015021568
-0.09555476480000001
-0.027621952600000003
-0.1015021568
-0.10147892480000001
0.06509058270000001
-0.07793920970000001
-0.1015021568
-0.1015021568
-0.1015021568
0.0604894246
-0.041988766600000005
-0.1015021568
-0.1015021568
-0.1015021568
0.0699765506
-0.0128472597
-0.1015021568
-0.1015021568
-0.1015021568
1.6577e-06
-0.1015021568
-0.1015021568
0.041130368400000006
-0.1015021568
-0.1015021568
-0.1015021568
0.05627690640000001
-0.07358310080000001
-0.1015021568
-0.1015021568
-0.1015021568
0.06297037230000001
-0.0377245088
-0.1015021568
-0.1015021568
-0.1015021568
0.0692909283
-0.045419431200000006
-0.1015021568
-0.1015021568
-0.1015021568
0.0521517139
-0.1015021568
-0.1015021568
0.0702408025
-0.1015021205
-0.1015021568
0.048860029900000004
-0.0009686534
-0.1015021568
-0.1015021568
-0.1015021568
-0.1015021568
0.06578748220000001
-0.0770046541
-0.1015021568
-0.1015021568
-0.1015021568
0.0670380656
-0.008027926500000001
-0.1015021568
-0.1015021568
-0.1015021568
0.056390973100000005
-0.1015021568
-0.1015021568
0.07106097680000001
-0.1015021568
-0.1015021568
0.0396522324
0.0012338854
-0.1013917322
-0.1015021568
-0.1015021568
-0.0646743911
-0.0022763367
-0.1015021568
-0.1015021568
-0.1015021568
-0.0417419871
0.023177900900000003
-0.0803472065
-0.1015021568
-0.0507510784
-0.1015021568
-0.009805561700000002
-0.1015021568
-0.1015021568
-0.014364031000000001
-0.1015021568
-0.1015021568
0.0707360192
-0.0197884852
-0.1015021568
-0.1015021568
-0.1015021568
0.0474180971
-0.00035727670000000003
-0.1015021568
-0.1015021568
-0.1015021568
-0.0544557596
0.028186139300000003
-0.1015021568
-0.1015021568
-0.1015021568
-0.1015021568
-0.0402782501
-0.1015021568
-0.1015021568
0.011942736300000001
-0.1015021568
-0.1015021568
-0.1015021568
0.050082359800000004
-0.0507510784
-0.1015021568
-0.1015021568
0.0383560804
-0.022408740200000003
-0.1015021568
-0.1015021568
-0.1015021568
-0.06713416380000001
0.0319211431
-0.1015021568
-0.1015021568
-0.1015021568
-0.1015021568
0.0641395106
-0.1015021568
-0.1015021568
0.006051548800000001
-0.1015021568
-0.1015021568
0.0541229249
-0.0513073759
-0.1015021568
-0.1015021568
-0.1015021568
0.0256192937
0.0043582022
-0.1015021568
-0.1015021568
-0.1015021568
0.0690308993
3.3880000000000004e-07
-0.1015021568
-0.1015021568
-0.1015021568
-0.1015021568
-0.0751475461
-0.1015021568
-0.1015021568
-0.039117170400000005
-0.1015021568
-0.1015021568
0.0695576002
-0.0466886244
-0.1015021568
-0.1015021568
-0.0971589707
0.0511990567
-0.0545839107
-0.1015021568
-0.1015021568
-0.1015021568
0.0697469289
-0.0214830539
-0.1015021568
-0.1015021568
-0.1015021568
-0.0279267516
-0.1015021568
-0.1015021568
0.0259971404
-0.1015021568
-0.1015021568
0.06751216780000001
-0.0087638122
-0.08560163150000001
-0.1015021568
-0.1015021568
-0.001415821
0.0102609936
-0.1015021568
-0.1015021568
-0.1015021568
-0.0933042495
0.047360864100000004
-0.0580079687
-0.1015021568
-0.1015021568
-0.1015021568
-0.024136051500000002
-0.1015021568
-0.1015021568
-0.030714434300000003
-0.1015021568
-0.1015021568
0.06306061410000001
-0.0379170319
-0.1015021568
-0.1015021568
-0.1015021568
-0.014811924600000002
-0.010442650900000001
-0.1015021568
-0.1015021568
-0.1015021568
0.0106584786
0.0074068335
-0.094420051
-0.1015021568
-0.1015021568
-0.1015021568
-0.0995444857
-0.1015021568
-0.1015021568
-0.0693840015
-0.1015021568
-0.1015021568
-0.1015021568
-0.0044338998
-0.1015021568
-0.1015021568
-0.1015021568
0.067393007
-0.0410043106
-0.1015021568
-0.1015021568
-0.1015021568
-0.0037952618
0.0110413952
-0.0910515199
-0.1015021568
-0.1015021568
-0.1015021568
-0.017203659
-0.1015021568
-0.1015021568
-0.023111193600000003
-0.1015021568
-0.1015021568
-0.0643285489
-0.0024750550000000003
-0.1015021568
-0.1015021568
-0.1015021568
0.06412607960000001
-0.0059823489
-0.1015021568
-0.1015021568
-0.1015021568
0.0693983158
-0.0098217636
-0.1015021568
-0.1015021568
-0.1015021568
-0.1015021568
-0.093683161
-0.1015021568
-0.1015021568
-0.019642426100000002
-0.1015021568
-0.1015021568
0.037626063200000004
-0.0681560451
-0.1015021568
-0.1015021568
-0.1015021568
-0.1015021568
-0.057475774400000006
0.0279407755
-0.1015021568
-0.1015021568
-0.1015021568
0.061816588900000004
-0.0399258497
-0.1015021568
-0.1015021568
-0.1015021568
0.0563505591
-0.047612096400000005
-0.1015021568
-0.1015021568
-0.0164247094
-0.1015021568
-0.1015021568
-0.06341409140000001
-0.1015021568
-0.1015021568
0.0506885456
-0.07132842310000001
-0.1015021568
-0.1015021568
-0.0479333877
-0.005264056600000001
-0.1015021568
-0.1015021568
-0.1015021568
-0.024865221700000002
0.0163254047
-0.08623960400000001
-0.1015021568
-0.1015021568
0.009931559000000001
-0.1015021568
-0.1015021568
-0.058675888700000005
-0.1015021568
-0.0795760493
0.0005426003000000001
-0.1015021568
-0.1015021568
-0.1015021568
0.0660795641
1.9602000000000003e-06
-0.1015021568
-0.1015021568
-0.1015021568
0.062494588200000006
-0.038543098000000005
-0.1015021568
-0.1015021568
-0.1015021568
0.0691263804
-0.1015021568
-0.1015021568
0.0077342716
-0.1015021568
0.0323524476
-0.062080865000000006
-0.1015021568
-0.1015021568
-0.1015021568
0.034540732600000006
-0.0701130991
-0.1015021568
-0.1015021568
-0.053514742600000005
-0.004593535100000001
-0.1015021568
-0.1015021568
-0.1015021568
-0.0278056669
-0.0083920034
-0.1015021568
-0.1015021568
0.0699406862
-0.1015021568
-0.09457764140000001
0.0056279641000000005
-0.1015021568
-0.1015021568
0.039824221800000004
0.0011775115000000002
-0.1015021568
-0.1015021568
-0.1015021568
0.054094937600000004
-0.07332063970000001
-0.1015021568
-0.1015021568
-0.1015021568
0.0631399901
-0.0375519507
-0.1015021568
-0.1015021568
0.014800163400000002
-0.1015021568
0.006444556800000001
-0.09414089190000001
-0.1015021568
-0.1015021568
0.027936153300000002
0.0035679028000000002
-0.1015021568
-0.1015021568
-0.0752416357
0.0365796673
-0.1015021568
-0.1015021568
-0.1015021568
-0.1015021568
0.0267070353
-0.0332338842
-0.1015021568
-0.1015021568
0.0190086523
-0.0840730627
-0.1015021568
-0.0906963244
-0.1015021568
-0.1015021568
0.049920861100000005
-0.0560518585
-0.1015021568
-0.1015021568
-0.1015021568
0.0418578204
-0.10095598700000001
-0.1015021568
-0.1015021568
-0.06707173990000001
0.0325772898
-0.1015021568
-0.1015021568
-0.1015021568
-0.0056835999
-0.1015021568
-0.10150207210000001
-0.043773250400000005
-0.1015021568
-0.10103504840000001
-0.013908490200000002
-0.1015021568
-0.1015021568
-0.1015021568
0.0704094886
-0.0595061907
-0.1015021568
-0.1015021568
-0.1015021568
0.06847726380000001
-0.025337242700000002
-0.1015021568
-0.1015021568
-0.1015021568
-0.0036543089
-0.1015021568
-0.1015021568
-0.039315223200000006
-0.1015021568
-0.1015021568
8.5305e-06
-0.0470983546
-0.1015021568
-0.1015021568
0.050852948300000006
-0.0956264089
-0.1015021568
-0.1015021568
0.035059253900000004
0.0023285603
-0.10044882760000001
-0.1015021568
-0.1015021568
-0.1015021568
0.0679929008
-0.1015021568
-0.1015021568
0.025733239400000003
-0.1015021568
0.0683335521
-0.08582976490000001
-0.1015021568
-0.1015021568
-0.1015021568
0.010946216600000001
-0.0921579076
-0.1015021568
-0.1015021568
0.023346998400000003
-0.018337900900000002
-0.1015021568
-0.1015021568
-0.1015021568
0.0432015133
-0.0243558964
-0.1015021568
-0.0601099323
0.0303079106
-0.1015021568
-0.0384028832
-0.0818198128
-0.1015021568
-0.1015021568
0.0695944931
-0.0105361597
-0.1015021568
-0.1015021568
-0.1015021568
0.0713348119
-0.0535885647
-0.1015021568
-0.1015021568
-0.1015021568
0.0705745931
-0.020811794300000002
-0.1015021568
0.0501499383
-0.027075323000000002
-0.1015021568
0.06104290280000001
-0.0775103615
-0.1015021568
-0.1015021568
0.06764417880000001
-0.008175788500000001
-0.1015021568
-0.1015021568
-0.1015021568
0.0568784337
-0.0490725664
-0.1015021568
-0.1015021568
-0.1015021568
0.0222378519
0.005596443600000001
-0.09685875760000001
-0.1015021568
-0.1015021568
0.0012464694000000002
-0.0650497331
-0.1015021568
-0.0728587222
-0.1015021568
-0.1015021568
0.0642649513
0.0226769851
-0.0805385438
-0.1015021568
-0.1015021568
-0.1015021568
0.0591995888
-0.0875830912
-0.1015021568
-0.1015021568
-0.1015021568
0.052679576400000004
-0.0524156754
-0.1015021568
-0.1015021568
-0.1015021568
-0.0198526152
-0.1015021568
-0.1015021568
0.0475656808
-0.0260705632
-0.1015021568
-0.1015021568
0.0596535808
0.027455638100000002
-0.07621165640000001
-0.1015021568
-0.1015021568
-0.1015021568
0.0006737038
0.062245618600000004
-0.0401831562
-0.1015021568
-0.1015021568
-0.1015021568
-0.1015021568
-0.0051341147
0.011741331800000001
-0.0904284909
-0.1015021568
-0.1015021568
-0.1015021568
-0.05578633610000001
-0.1015021568
-0.1015021568
0.0388515028
-0.0224029564
-0.1015021568
-0.1015021568
-0.1015021568
0.0677739271
-0.0020811274
-0.0719137606
-0.1015021568
-0.1015021568
-0.1015021568
-0.1015021568
-0.0360211313
-0.1015021568
-0.1015021568
-0.1015021568
-0.1015021568
0.0690768914
0.016309202800000002
-0.0865936984
-0.1015021568
-0.1015021568
-0.1015021568
0.0711417443
-0.0929148352
-0.1015021568
-0.0981247806
-0.1015021568
-0.1015021568
-0.07663288160000001
4.36326e-05
-0.1015021568
-0.1015021568
-0.1015021568
-0.1015021568
0.0665931607
-0.031468639400000005
-0.1015021568
-0.1015021568
-0.1015021568
-0.1015021568
0.0658951601
0.0215840768
-0.1015021568
-0.1015021568
-0.1015021568
-0.1015021568
-0.0107643899
-0.1015021568
-0.1015021568
-0.0975471024
-0.015437446200000001
-0.1015021568
-0.1015021568
0.033510950000000005
-0.021010294800000003
-0.1015021568
-0.1015021568
-0.1015021568
-0.0705092652
0.034307904400000006
-0.0699738039
-0.1015021568
-0.1015021568
-0.1015021568
-0.0487687959
0.0257595569
-0.0777611945
-0.1015021568
-0.1015021568
-0.1015021568
-0.025334604900000002
0.017900401200000002
-0.0416445821
-0.1015021568
-0.1015021568
0.055201276900000006
-0.1015021568
-0.1015021568
0.0708524938
-0.0572893255
-0.1015021568
-0.1015021568
-0.080677597
0.06931227270000001
-0.023402150200000003
-0.1015021568
-0.1015021568
-0.1015021568
-0.0646684742
-0.0028865276
-0.1015021568
-0.1015021568
-0.1015021568
-0.1015021568
0.06298504960000001
-0.006214729400000001
-0.1015021568
-0.1015021568
-0.1015021568
0.014737182900000001
-0.0446414133
-0.1015021568
-0.1015021568
0.008222313
-0.1015021568
-0.1015021568
-0.1015021568
0.070413167
0.0034226544000000004
-0.060561153400000005
-0.1015021568
-0.1015021568
-0.1015021568
0.046934847300000006
-0.0004732552
-0.1015021568