5.0977300000000004e-05
9.349670000000001e-05
0.0038227167
0.005560022600000001
0.0023033681
0.0009175914000000001
0.0006644594000000001
0.0005496788
-0.0002323321
0.0027011314
0.006875050600000001
0.0038212526000000004
0.0015768962
0.0012471833000000001
0.1015021447
2.8640700000000002e-05
-0.0003001526
0.0024555135
0.0055049918
0.0034670372
0.0007824223000000001
0.001046529
-0.00019017570000000002
-0.0003807265
0.0023603833000000003
0.0053553027
0.0030399798000000002
0.0006532548000000001
0.0004891546
0.0034855744
0.011397026300000002
0.005676811800000001
0.0015114352
0.0016916768
-4.1793400000000005e-05
-4.17692e-05
0.0037676738000000003
0.007103256600000001
0.0038125769
-0.00042443170000000004
0.0007305254