voltage
0.1015021447
0.1015021447
0.08267346780000001
0.041559736900000005
0.0982043744
0.10011826770000001
0.092535718
0.0391240553
0.0902135465
0.099595705
0.0992344837
0.0418045199
0.0793999459
0.0997041936
0.1015021447
0.0492462014
0.0671656843
0.10073513780000001
0.1015021447
0.060015382900000004
0.0551294634
0.10095119540000001
0.10004843860000001
0.0718698618
0.045126478100000006
0.09880997940000001
0.0974462368
0.0830710496
0.0390690608
0.09376470290000001
0.0960461095
0.0921470055
0.0380157921
0.0854170823
0.09560785960000001
0.0976814124
0.042091773900000004
0.07451311890000001
0.0961876916
0.09933163460000001
0.0503729534
0.062376891500000003
0.0976513197
0.0985556979
0.06109805460000001
0.050846293300000005
0.0975745452
0.0959608408
0.0732741757
0.0423771161
0.0952123348
0.09330643960000001
0.0836759044
0.0374144947
0.0896730758
0.09243395700000001
0.09163601040000001
0.037470045800000004
0.0808490661
0.09256842430000001
0.0959707023
0.042354114000000005
0.06976309450000001
0.0939393543
0.096900551
0.0509327236
0.05770329070000001
0.0953545098
0.0956487213
0.0620627876
0.046972671900000006
0.0948936571
0.0929466703
0.0734238406
0.039213026600000006
0.09169006110000001
0.0901222883
0.08349130680000001
0.0359366733
0.0855673401
0.0891708774
0.0904325928
0.0374067628
0.07636792790000001
0.0892903528
0.09352513500000001
0.043764248000000006
0.0655981898
0.09031047960000001
0.09305115380000001
0.053301855200000005
0.0544849811
0.0916552857
0.09088870230000001
0.0643735367
0.045083462600000006
0.0910566745
0.08773160660000001
0.07510092480000001
0.038890682600000004
0.08784823850000001
0.08483729870000001
0.08375641780000001
0.0372368546
0.08191624980000001
0.08437996710000001
0.08888993960000001
0.039706851800000005
0.0730516809
0.0849306623
0.0904583174
0.047633924800000005
0.0638507078
0.08544896580000001
0.08779799930000001
0.058249158
0.054540362800000006
0.0879273846
0.0852373731
0.0668847707
0.0442126014
0.08819278600000001
0.0837710225
0.0752612619
0.036938311300000005
0.08442192990000001
0.082911015
0.0825655116
0.0350707247
0.0774266779
0.0837645369
0.0871385977
0.0377243031
0.0676128398
0.0854611021
0.08875510930000001
0.044205535000000004
0.056425881600000005
0.0869502491
0.08795021730000001
0.0536295716
0.0459363553
0.0875111809
0.086133971
0.06419520690000001
0.0377865576
0.08564099280000001
0.0840120545
0.07404119470000001
0.0331872145
0.0807727756
0.0825083149
0.081402024
0.0329757428
0.0731583424
0.08294242660000001
0.0857408541
0.0371901849
0.06327083950000001
0.0842506544
0.08694395710000001
0.0447385884
0.052434611900000004
0.0852353161
0.0856154739
0.054700627300000006
0.042818100600000006
0.08535392030000001
0.0836809743
0.06507925710000001
0.0355459643
0.0829348641
0.08181146380000001
0.07433687030000001
0.032069646400000006
0.0776167447
0.0805608804
0.08102740800000001
0.0331319901
0.0696974036
0.08121506690000001
0.08451173610000001
0.0382516332
0.059799797200000004
0.0825721061
0.0849527811
0.0464955931
0.0494887701
0.08348692660000001
0.08318817760000001
0.0566535794
0.0406234389
0.0831972405
0.08093958620000001
0.0667191459
0.0344345551
0.08045043160000001
0.0792628771
0.0749840509
0.0317527474
0.07464479110000001
0.07858642660000001
0.0806307821
0.0337093537
0.0664014483
0.0798617424
0.083248968
0.0393562301
0.056477814800000005
0.08118052140000001
0.08302759850000001
0.048175411900000006
0.046698231800000004
0.0818692171
0.0808682567
0.0582735516
0.0384732205
0.0813696928
0.0789457966
0.0677208323
0.0330728453
0.07803398900000001
0.0774778851
0.0754135162
0.0317138338
0.07191733010000001
0.0769046597
0.0801151043
0.0346399768
0.0634810286
0.07827422240000001
0.08190990940000001
0.041240551
0.0538192149
0.0797850284
0.0810382496
0.0502259384
0.044521998400000005
0.08033352140000001
0.07846136100000001
0.060001371100000006
0.0368657718
0.0794673429
0.0765867806
0.0691038018
0.032663695900000005
0.07588237910000001
0.0756308806
0.0757845385
0.0320295228
0.06931501940000001
0.0755645847
0.0796063114
0.035805811800000004
0.060688481700000005
0.0771788699
0.08059212260000001
0.042884275500000006
0.051084276100000006
0.078850376
0.0793862124
0.0519372898
0.0421743564
0.0792409156
0.0768439419
0.0615883466
0.0354907036
0.07782888190000001
0.0748084194
0.0701450794
0.0322665013
0.07372890580000001
0.0738726901
0.0760777941
0.0328427154
0.0668998231
0.0741880766
0.07883018110000001
0.037054229300000005
0.05793303340000001
0.0762680666
0.079226565
0.0446626488
0.048592644100000006
0.0778389854
0.0775613025
0.0539157003
0.0401769126
0.0780123421
0.0750131151
0.06316104410000001
0.0342237005
0.07618507270000001
0.07343633990000001
0.0709351368
0.0317255466
0.0715190223
0.0729653958
0.07608713530000001
0.033079693900000005
0.0641408416
0.07389728940000001
0.0782477718
0.0380307598
0.0549711712
0.07600245950000001
0.07820029140000001
0.045827092300000004
0.0455913238
0.0773270707
0.07641529940000001
0.0551588906
0.037736584600000005
0.0769470097
0.07389008990000001
0.06422075000000001
0.0326210313
0.0744394178
0.0725415449
0.07147260670000001
0.031047341600000004
0.0691538837
0.07250316370000001
0.0759948123
0.0333464263
0.061375072
0.0736066716
0.07757930730000001
0.0390529799
0.0521189229
0.0756410446
0.07712720290000001
0.047246277100000005
0.042998426900000004
0.0767431368
0.07531046050000001
0.0564989777
0.0355800016
0.0758365201
0.0729816461
0.06514925560000001
0.0311420846
0.07270754480000001
0.0722753691
0.0718777268
0.0303150254
0.066702097
0.07264408030000001
0.0758957254
0.033356650800000005
0.058457520000000006
0.07378698580000001
0.07705325980000001
0.039901722300000005
0.049255264300000004
0.0754975628
0.0762459357
0.04869377590000001
0.0407038313
0.0760702921
0.0741632232
0.058012191600000006
0.033991271600000005
0.0747707642
0.0721671346
0.0662003463
0.030199059
0.07096182940000001
0.07187357650000001
0.07229113540000001
0.0300019379
0.06428809860000001
0.0727535369
0.0757471858
0.033556191900000004
0.05556311530000001
0.0740181926
0.0765764351
0.040566460000000006
0.0462582879
0.0755559937
0.0757600239
0.049524198900000004
0.0378615776
0.0756153563
0.07388520150000001
0.058665083400000005
0.0315719613
0.0735913046
0.07242502190000001
0.0665229202
0.028330165600000002
0.0688810287
0.0726629926
0.0723217
0.028757610200000002
0.061444513900000004
0.0738164614
0.0756039097
0.032720299700000004
0.05216616130000001
0.07499335580000001
0.0765597492
0.040426898600000004
0.0429740091
0.0757675622
0.07567746560000001
0.0498966006
0.0349558473
0.07513625680000001
0.0740391861
0.059143251200000004
0.0292243072
0.0722263036
0.0727291796
0.0670953712
0.0271531744
0.0667990785
0.0727427558
0.072765044
0.028929091400000002
0.0589827205
0.0735514714
0.0755724497
0.0342480457
0.0497699136
0.07466469560000001
0.0759176143
0.0423493708
0.040677223400000004
0.0753832299
0.0749476299
0.051688296
0.0330981827
0.07422580440000001
0.0733065553
0.0607702898
0.0282841856
0.0706961376
0.0718010733
0.06837856410000001
0.0273290721
0.0647860257
0.0722649873
0.0732476767
0.029883733000000003
0.0566424353
0.0732080855
0.07537040390000001
0.0360316704
0.0474813196
0.0742452007
0.07511635230000001
0.0444326036
0.0386999503
0.0747741764
0.07398930990000001
0.0536320158
0.031692368400000004
0.0732300349
0.0724652181
0.0623612341
0.0276230779
0.06921380290000001
0.0715784091
0.06915108860000001
0.027172316600000003
0.0626575268
0.07204624350000001
0.0735059633
0.0307128613
0.054259533900000004
0.0731396842
0.0751251611
0.037538326100000005
0.045173898000000004
0.073974439
0.0743876903
0.046343278300000006
0.0368700431
0.07401111410000001
0.0728358895
0.055717402400000005
0.030608329400000002
0.0721266359
0.071505434
0.06392477190000001
0.027310341300000002
0.0676102625
0.07080357350000001
0.07005632590000001
0.027804735200000003
0.06070187640000001
0.07157869950000001
0.07367204790000001
0.0321303884
0.052136238
0.07287229840000001
0.0746421533
0.0390933818
0.0429669669
0.07372712710000001
0.0737412841
0.0480407268
0.0349124325
0.0735469581
0.0724843119
0.057098339100000006
0.029143890600000003
0.0710189172
0.07125670640000001
0.0651255396
0.0268268374
0.06594151520000001
0.0707141908
0.0707343131
0.028175576
0.0585583251
0.07173505570000001
0.0737639474
0.0330138699
0.049717847300000007
0.0730349103
0.07442435330000001
0.0406615902
0.0407900922
0.07360618760000001
0.0732946731
0.0497729628
0.033267824700000004
0.07288893590000001
0.07187161630000001
0.058778508800000004
0.028256174100000003
0.0698072958
0.0707046439
0.0662950409
0.026670747400000003
0.0642048748
0.07052044560000001
0.0713239219
0.028909005400000003
0.05652337130000001
0.0717264405
0.07378373090000001
0.0344601587
0.047598375000000005
0.0728830553
0.0739058199
0.0426569165
0.0390543109
0.07315407110000001
0.0723354456
0.05202472440000001
0.032137696800000004
0.07207702590000001
0.070810047
0.0607013319
0.0279320756
0.06859410140000001
0.06991352170000001
0.0675717603
0.027224358700000003
0.0625831844
0.0700538333
0.07179810880000001
0.0300805879
0.0545257581
0.07158042980000001
0.0736684784
0.036114640100000005
0.0455844268
0.0727319626
0.07339741420000001
0.0446657343
0.037284262400000004
0.0727811128
0.0716678402
0.053877778900000006
0.030856343100000003
0.07132874980000001
0.0704625108
0.062126917600000005
0.0272518378
0.0672809005
0.0699562226
0.06841732040000001
0.027164124900000003
0.06071392800000001
0.07027445260000001
0.0721496259
0.0308070114
0.0523132731
0.07182673740000001
0.073615069
0.0374529243
0.043304677900000005
0.07280943890000001
0.07308819870000001
0.0460879199
0.0352450131
0.0724961336
0.07138767680000001
0.055158309800000006
0.029333013600000003
0.0704267553
0.07033604160000001
0.0631850021
0.0264732633
0.06577470460000001
0.0699865573
0.06912612630000001
0.02730607
0.0587314156
0.07036786460000001
0.07234343160000001
0.0317352024
0.0501193253
0.0719117762
0.0734030286
0.0389253733
0.041248936300000004
0.0727399123
0.0726508684
0.0476832686
0.0335233283
0.0720341919
0.0709510483
0.05671957280000001
0.028166452600000003
0.0693840378
0.07004491560000001
0.0644280956
0.0261552874
0.0641815339
0.0698609956
0.06982733340000001
0.027806344500000003
0.0567432525
0.07056692170000001
0.0725189058
0.0328171118
0.0479110753
0.0720989511
0.07322398490000001
0.040361292400000005
0.039193727100000006
0.07261320110000001
0.0722568803
0.049539081900000004
0.0319853094
0.0714501733
0.0704709808
0.0583011759
0.0272985196
0.0682790174
0.0698381629
0.065599061
0.0260485412
0.0625295451
0.0698440798
0.0704650639
0.028539471400000002
0.054764866200000005
0.0706339436
0.07260359370000001
0.034310856800000004
0.0459121311
0.0719391464
0.07279116790000001
0.042466438300000006
0.037498783300000005
0.0722573643
0.071597636
0.0514731459
0.030720980400000004
0.0707645873
0.06995513360000001
0.0599377009
0.026703332700000002
0.06709239460000001
0.0696405699
0.06662125690000001
0.0260958038
0.0608227917
0.06998961860000001
0.0709818549
0.029276361400000003
0.052714182400000004
0.07085565190000001
0.0726119548
0.035608001
0.043814293600000005
0.0721045171
0.0725550122
0.043869735800000004
0.0355483843
0.07208757710000001
0.0713933638
0.0529159015
0.029216768900000002
0.07006687710000001
0.0699497733
0.0611338343
0.025858220300000002
0.0657256028
0.06977028190000001
0.06754200640000001
0.0260984174
0.058946977100000006
0.0704590018
0.07144327630000001
0.0299386428
0.050455342300000004
0.0711550059
0.07263833280000001
0.037108401
0.0417708093
0.0720078744
0.0721300965
0.045949193400000005
0.0340270271
0.07152319680000001
0.07057491980000001
0.055155865600000006
0.0284871873
0.0691276146
0.0691818347
0.0628681757
0.0259468165
0.0643541888
0.069269233
0.0685978282
0.027021635300000003
0.057218758300000006
0.0700332391
0.07171130340000001
0.0315982909
0.0485962741
0.07107883640000001
0.0723582178
0.0389337344
0.0399004276
0.07187625060000001
0.0716686388
0.047786082300000005
0.032457027900000004
0.071143644
0.07031372920000001
0.0566086884
0.027388991300000002
0.0681849036
0.06913463260000001
0.06396884010000001
0.0255800776
0.06283796200000001
0.0693577929
0.0692674422
0.0274816168
0.055299601500000004
0.0702199663
0.07192135940000001
0.0327774964
0.0466189768
0.0712750863
0.07220886750000001
0.0405027414
0.0380469738
0.07179279690000001
0.0713695631
0.0494480657
0.0309656908
0.07061609610000001
0.07005685830000001
0.058077071800000005
0.0265295888
0.06713957250000001
0.0690800253
0.0650570052
0.0253306966
0.0611855618
0.0700124634
0.0697469894
0.0273013873
0.052840917800000005
0.0718647798
0.072277172
0.0317900396
0.043256519900000005
0.0733470903
0.07349880010000001
0.038575985800000004
0.034070562900000004
0.0734777461
0.07444374960000001
0.0461829412
0.026302846900000003
0.0708935128
0.07507861240000001
0.054717470500000004
0.021571202400000003
0.0655592641
0.07426094280000001
0.0631292695
0.0207657054
0.05825167480000001
0.0741540151
0.06971872380000001
0.0243903209
0.049820177
0.07334661840000001
0.0729509484
0.031976706300000005
0.0410576474
0.07303389390000001
0.07323786360000001
0.041051670000000005
0.0328944429
0.07215156190000001
0.0726924077
0.0506437635
0.0266874575
0.0694159213
0.07173667710000001
0.059493171100000006
0.0234831718
0.06433389710000001
0.0711219003
0.0663783131
0.023866814400000002
0.05702213330000001
0.0716393568
0.07084742390000001
0.0279117476
0.0483599611
0.0722080689
0.07273833930000001
0.0352659098
0.039540888200000006
0.07226306340000001
0.07241061080000001
0.0442996972
0.0318088188
0.07133742550000001
0.07151950630000001
0.05361617690000001
0.026297208300000003
0.0683489433
0.0706287406
0.061855671900000006
0.023995909300000003
0.0628835306
0.07007279400000001
0.0678113161
0.0253644919
0.0553824986
0.0708442053
0.0713697083
0.030316066000000003
0.046666941200000006
0.0716841631
0.07245699010000001
0.0379416917
0.0379426839
0.0718597341
0.0717315709
0.046811669300000004
0.0305795919
0.07064241360000001
0.07072082160000001
0.0559646659
0.0257877136
0.0672051666
0.06990983120000001
0.0635826928
0.0243204918
0.061363165600000005
0.0696610673
0.0688115505
0.0265503524
0.053557116800000006
0.07067887090000001
0.07166687220000001
0.0321381566
0.0447789419
0.0714752929
0.0721545022
0.0402606446
0.036356083500000004
0.07139352110000001
0.07097847900000001
0.049513708200000006
0.0296429793
0.06988083960000001
0.0698187908
0.0581695158
0.025562931900000002
0.0660505483
0.06926612330000001
0.0650877876
0.024860381700000003
0.0597758029
0.0693991749
0.06960750060000001
0.0278555794
0.051672311900000004
0.0704750948
0.0717756028
0.034141759300000005
0.042863463500000004
0.0713770772
0.0718154723
0.0424532009
0.034694475200000005
0.07107435940000001
0.0704545248
0.051547948100000004
0.0284272076
0.0691096219
0.06937711660000001
0.059946812200000005
0.025163172100000002
0.06476310830000001
0.06889368530000001
0.06634172270000001
0.0254318889
0.0580984162
0.0692380029
0.0702052164
0.029275381300000004
0.049793024600000006
0.0705401323
0.0718261203
0.0360478481
0.0410225211
0.0712900298
0.0714636527
0.0446193187
0.0332826351
0.0706616768
0.0698579101
0.053725573000000006
0.0276907774
0.06832786510000001
0.0689654383
0.0616718366
0.0251853756
0.06348382370000001
0.0685323188
0.0675181573
0.026366057300000002
0.0564602214
0.0690671509
0.07062989010000001
0.0309196987
0.047976935600000006
0.07035286060000001
0.0715916223
0.0382683917
0.039438425400000005
0.07095446050000001
0.0707455661
0.046972417800000006
0.032012522300000006
0.0701141034
0.0690157138
0.056028844300000005
0.027266236800000003
0.0673681173
0.06804627390000001
0.0633693698
0.0255428943
0.062155570400000006
0.06832066560000001
0.06838300480000001
0.027197654
0.0546538124
0.0692217526
0.07086165350000001
0.032147993900000005
0.0459241827
0.0708419789
0.07167073210000001
0.039433403900000004
0.0372559847
0.07129753180000001
0.0710511395
0.0480979235
0.030014667100000003
0.0699992744
0.06999388990000001
0.056587949000000005
0.025472060900000003
0.06633348260000001
0.06914157800000001
0.0642112273
0.0247562854
0.0604212774
0.0689558188
0.0691042374
0.027685550200000002
0.05267547450000001
0.0695125761
0.07113696480000001
0.0338909505
0.0440974094
0.0705523049
0.0711791212
0.042238534800000005
0.035973457300000004
0.07070624110000001
0.06998335080000001
0.051092080600000006
0.029518651800000004
0.0690471617
0.0683315193
0.05944239950000001
0.026038474000000002
0.06525491280000001
0.0681608004
0.0658211444
0.0258178789
0.058930581600000004
0.06856760240000001
0.0698138056
0.0293689869
0.050875793100000004
0.0695081233
0.0711625079
0.035910029100000004
0.0422090834
0.07056180340000001
0.0708507151
0.0443964972
0.034429606200000004
0.0704105897
0.06940068740000001
0.05321944210000001
0.028515755400000002
0.06832675190000001
0.06806171350000001
0.060943271400000006
0.0255911249
0.0639375616
0.0680922055
0.0668575336
0.026232812100000003
0.0571546283
0.06877260060000001
0.0702842536
0.030424917600000004
0.0488322241
0.06972087760000001
0.0711040044
0.0374228074
0.0402280956
0.0705523291
0.0704705815
0.0462584331
0.0328754943
0.0700720922
0.0689596061
0.05510337580000001
0.027703772800000002
0.0675505611
0.06763303470000001
0.06254221380000001
0.025609226500000002
0.0625955748
0.0678525771
0.0678643141
0.027139404600000003
0.055410727900000005
0.0685299109
0.0705765896
0.0323525081
0.047072339600000006
0.06960157160000001
0.07076977820000001
0.0399403939
0.0386675707
0.0703772663
0.0698359244
0.048570948800000006
0.0315894337
0.0695761495
0.0683778986
0.05706364840000001
0.026981705300000002
0.0665535211
0.06738900190000001
0.0639849573
0.0257264271
0.0610731044
0.0677770126
0.06862961490000001
0.0279679884
0.0534812619
0.068634104
0.0707149531
0.0337798967
0.0449960038
0.0698495006
0.070571072
0.0416777724
0.0368060583
0.0703364893
0.0694831489
0.050518903600000005
0.0302066094
0.0690275234
0.0679961557
0.058885642200000005
0.0264629299
0.06546943370000001
0.0670766041
0.0653096774
0.026140585900000003
0.059543640200000005
0.0677650941
0.0693386144
0.029193294900000003
0.051608290800000005
0.0689576459
0.0708884429
0.0354718881
0.0429700645
0.0700698174
0.0703648759
0.0436061857
0.0349796843
0.0702578514
0.06924725940000001
0.0523629436
0.0288854709
0.0684043492
0.0678603574
0.06040064690000001
0.025877229400000003
0.0642417919
0.06720202060000001
0.0663362656
0.0263005358
0.0577386469
0.067982519
0.06983298410000001
0.030330537600000002
0.04960248590000001
0.0691477006
0.0708373446
0.0372226976
0.0410132646
0.0700812519
0.06997047640000001
0.0457388591
0.0334045789
0.0699110533
0.0687485942
0.054269443800000004
0.027835142500000003
0.0676890698
0.06796795060000001
0.061705438300000005
0.0252477995
0.0627998954
0.0675690136
0.06717792950000001
0.0265602139
0.0557857069
0.0685029521
0.0702546086
0.031305289400000005
0.0474045451
0.0697005254
0.07093565710000001
0.0386508848
0.038916455600000004
0.0702330101
0.06974371030000001
0.0474436281
0.0317494441
0.0696094487
0.06856820740000001
0.056077909800000006
0.0268991228
0.06669459500000001
0.0674664298
0.0633425804
0.025599219800000003
0.06144607480000001
0.0672352593
0.0681376531
0.0278011415
0.0540218536
0.0686203826
0.0705413544
0.0330145354
0.045455271400000004
0.06989370190000001
0.0707809707
0.0406875447
0.0371490691
0.07024461400000001
0.0694347126
0.049503374800000007
0.030397656300000003
0.0690955496
0.0681651201
0.0580174793
0.026375434800000003
0.06567005170000001
0.0674436818
0.0646802596
0.0256954632
0.0598249047
0.0675703688
0.06888187570000001
0.0286623106
0.052069784800000005
0.0688655165
0.0707156065
0.0346538313
0.0434577671
0.0699630349
0.0705011703
0.042915360400000005
0.0355352316
0.0699936842
0.06879601410000001
0.051863540300000004
0.029501421400000002
0.0684233099
0.0673672703
0.060095061400000004
0.0264629057
0.0645567549
0.0665497096
0.06622472780000001
0.027139380400000003
0.0585460073
0.0665008135
0.0694372173
0.031390328200000005
0.050836867400000006
0.0679675029
0.0702471429
0.038076376800000006
0.042500524000000005
0.0691767648
0.06913856510000001
0.0466894351
0.0353247521
0.06920771660000001
0.06676853810000001
0.055364663200000004
0.0302984968
0.0676064994
0.065078035
0.0627184503
0.028395142600000003
0.0638256729
0.0648318242
0.0674321868
0.029394142800000002
0.057486482900000004
0.0659356588
0.0695659129
0.0334268429
0.0492092238
0.0682541398
0.07002228860000001
0.0396322432
0.0402244293
0.0699100732
0.0695102045
0.0471874106
0.032340589600000004
0.0696470797
0.0685159112
0.0551767623
0.0269398393
0.066893882
0.06788485990000001
0.062451342800000004
0.0248946731
0.0616493306
0.06799789810000001
0.0676339301
0.0265685508
0.05426675760000001
0.0686422715
0.07025043410000001
0.031947073400000005
0.0457457561
0.0700551038
0.0709587923
0.039363502200000004
0.0372450826
0.0704945758
0.070115991
0.0481210829
0.030215502900000003
0.0692583309
0.0686752561
0.056616589700000004
0.0257810828
0.0658202611
0.06811403390000001
0.06373168010000001
0.0247585602
0.060020755300000006
0.0684668457
0.0684752552
0.027274295400000002
0.0521790478
0.0693465036
0.07063701700000001
0.0331099318
0.0434817372
0.07037593530000001
0.0709381376
0.0412137979
0.0353732852
0.07036819130000001
0.0698213802
0.050277036700000007
0.028987014100000003
0.0686704887
0.0683623864
0.05851555160000001
0.025297518400000003
0.06469353330000001
0.0680262605
0.06512909700000001
0.0252198364
0.058378047200000005
0.06825082440000001
0.0692681198
0.028909320000000002
0.050379644700000004
0.0692075109
0.0706555663
0.035401998500000004
0.0418552431
0.0700990994
0.07030448480000001
0.043925057
0.034026228500000005
0.06999939540000001
0.06913025240000001
0.0526744944
0.0281072594
0.0678823794
0.06772050560000001
0.060479502600000005
0.0252976757
0.0634352059
0.0677029122
0.0663036924
0.0257937999
0.056554323100000005
0.06864486090000001
0.0697565968
0.0297492778
0.04813119850000001
0.0696767368
0.0707834391
0.03675375
0.039457132000000006
0.0705206513
0.0704789789
0.0453195578
0.031927168900000004
0.0698478913
0.06932212210000001
0.0540831764
0.026612994100000002
0.0670640443
0.0682453189
0.061668690600000006
0.0245182905
0.06187793590000001
0.06840385310000001
0.06731805960000001
0.026092125400000003
0.054515303700000003
0.06919647570000001
0.07029099330000001
0.031011937000000003
0.0459302932
0.07000984980000001
0.0708212758
0.0387085413
0.037527787
0.0704888525
0.0702098386
0.047544989800000007
0.0304549861
0.06934305510000001
0.0689144973
0.056207379800000005
0.025919894000000002
0.06599341210000001
0.0679397697
0.06330478
0.024736368800000002
0.0602978937
0.0682484165
0.0682266849
0.027189450200000003
0.0526252353
0.0691447845
0.07058194990000001
0.032919719800000004
0.044002690600000005
0.07005771740000001
0.07057344360000001
0.040723711600000004
0.035688357100000005
0.07035466350000001
0.0698709176
0.049611004300000004
0.029142172400000003
0.0687089304
0.0684377573
0.058130384400000006
0.025490344
0.0648907512
0.0675905516
0.0647155553
0.025248840100000003
0.0587340655
0.0680758826
0.0689860083
0.028587810900000003
0.050769361500000006
0.0691276146
0.07067064290000001
0.0349666042
0.0421651241
0.0699935874
0.07022230160000001
0.043199214300000004
0.034248324000000004
0.06999836690000001
0.06922597550000001
0.0519950068
0.0282873558
0.0679902388
0.0679410644
0.06004520940000001
0.025326292200000003
0.0636602296
0.0674497439
0.06593267010000001
0.025781760400000003
0.056961742200000005
0.06809759
0.0695640253
0.0299945206
0.0488786276
0.0692393944
0.0706765719
0.036969650300000004
0.040318059100000005
0.0699465063
0.0697831926
0.0454634147
0.0328158776
0.06961554710000001
0.06864204160000001
0.054153404800000006
0.0275009647
0.0671882266
0.0675485767
0.06166235020000001
0.0252325898
0.0623305606
0.067340251
0.06695654790000001
0.026502908300000003
0.05521676490000001
0.06848585480000001
0.0699592718
0.031044050400000002
0.0467608856
0.06964032790000001
0.0707178329
0.0384354806
0.038246672200000005
0.07012408590000001
0.06968546090000001
0.0471860433
0.031176593800000003
0.0692827971
0.06848894030000001
0.0558972084
0.026558048
0.0662701633
0.0674200142
0.0631806703
0.0253482174
0.0608810653
0.0671789338
0.0678820043
0.027633254000000003
0.0534426266
0.0683622896
0.0702492967
0.0331403149
0.044967472
0.0695170652
0.07036408940000001
0.0409813206
0.0367973584
0.0698258451
0.0689178248
0.0499038606
0.0302954476
0.06865705770000001
0.0676186357
0.058150409900000005
0.026392858800000002
0.06521896370000001
0.06691631540000001
0.06466693750000001
0.025895669800000003
0.0593803507
0.06714196830000001
0.0685975015
0.0288246563
0.051576080600000004
0.06849520810000001
0.07038020660000001
0.0349812331
0.0430781659
0.0696439821
0.07008309110000001
0.0431374801
0.035159091
0.0696983474
0.06849288490000001
0.0518194479
0.029061901
0.0680954483
0.0674978172
0.059790528600000004
0.025943827800000003
0.0640542177
0.0666661358
0.0660537548
0.0269100128
0.0579893952
0.06633281710000001
0.0692576654
0.0318809106
0.0506823141
0.0670950203
0.0696155834
0.0395591834
0.0431532343
0.06834493820000001
0.06802191660000001
0.04776859780000001
0.0358620163
0.0689391329
0.0661944899
0.05546494800000001
0.0299765884
0.06748497910000001
0.0658027887
0.062176576000000004
0.027100309500000003
0.0631118455
0.06579166880000001
0.06716642240000001
0.028289691100000004
0.056564196700000006
0.066512369
0.069507845
0.0330175241
0.0485885906
0.0681221409
0.0698155238
0.039895720700000005
0.040156548300000004
0.0694442837
0.06885588490000001
0.0479966828
0.0327527156
0.0690874305
0.0673201771
0.0561035739
0.0277617923
0.0666220071
0.0668381131
0.0628788116
0.025736095
0.061462325100000006
0.0673309098
0.06763045740000001
0.027216336400000003
0.0539863038
0.068628538
0.0699628776
0.0316426979
0.0451668437
0.0702187442
0.07093559660000001
0.0387722115
0.0366463988
0.07052696750000001
0.070329314
0.047621280300000006
0.0297506935
0.06910486660000001
0.06887321210000001
0.0562084809
0.025412129600000003
0.0655615994
0.0682067078
0.06347764060000001
0.0245474878
0.059691949900000006
0.06839038580000001
0.06829311390000001
0.027266769200000002
0.0519145176
0.0691265377
0.0703421884
0.0331786114
0.043309409
0.0700539785
0.0705819136
0.0413694644
0.0352980232
0.0700297301
0.06937780630000001
0.0504499578
0.029028989
0.0683288694
0.0678469143
0.0585780844
0.025473900100000002
0.06441666110000001
0.06749834960000001
0.0651051874
0.0255215136
0.0581878352
0.0677415475
0.06906146390000001
0.0292691014
0.050286995
0.0686768412
0.07025139000000001
0.0358334966
0.0417975503
0.0697220997
0.0699294453
0.044233715900000005
0.0341671209
0.0694955393
0.0683159103
0.0532105849
0.0286810535
0.06757177240000001
0.0667327463
0.0608516018
0.026111727400000003
0.06334288290000001
0.0665013096
0.0664046185
0.026874826
0.056749375100000006
0.0674571733
0.0694547139
0.030924768600000003
0.0486236201
0.0686077139
0.0700338804
0.0378408503
0.0400838878
0.0697929815
0.0696073433
0.0460239351
0.0324348728
0.0694506604
0.06853148390000001
0.054314395300000005
0.0270450851
0.0668675766
0.06755094830000001
0.061627635300000004
0.024916791900000002
0.0618279024
0.0675953916
0.0671125895
0.026577274900000003
0.054720132500000004
0.06821857790000001
0.0699036965
0.031706598
0.046444882
0.0690387038
0.0700821231
0.039565463300000006
0.0382583608
0.0696524037
0.0690494849
0.0484705188
0.0315095253
0.0688259132
0.0673956569
0.057007964200000004
0.027319029100000003
0.0659343399
0.06605260530000001
0.0637883686
0.0264274406
0.06071384330000001
0.06635613380000001
0.06814182760000001
0.0289108809
0.0534325594
0.06754151030000001
0.0699411702
0.0344419482
0.045062106100000006
0.0688305233
0.0694926837
0.041985681100000005
0.0367644585
0.0696792294
0.06875868560000001
0.050280763500000006
0.0300826086
0.0684983904
0.06762058380000001
0.058210752600000006
0.0261608413
0.06494476560000001
0.0668387544
0.06446110440000001
0.025597913000000003
0.0589506918
0.06759484710000001
0.06865876380000001
0.0285962204
0.051077657400000004
0.0687764726
0.07036039890000001
0.034627017700000005
0.042534996900000004
0.0697256692
0.0699611836
0.0427122861
0.0345952915
0.06978881910000001
0.0689930626
0.051554687800000006
0.0286302577
0.0679301018
0.0675987433
0.0597210383
0.025707950400000002
0.0638304645
0.06669820080000001
0.0657104052
0.026383299800000003
0.0575387428
0.06722499850000001
0.069203288
0.030472990900000003
0.049651793400000005
0.0683423004
0.0701242311
0.037246232100000005
0.0411769534
0.0694347973
0.0692739399
0.0453051104
0.0334895693
0.06938371110000001
0.06822537810000001
0.053916317400000004
0.028134544900000003
0.0672037993
0.06693493730000001
0.0615118746
0.025899977400000003
0.0626483671
0.0664623476
0.066729443
0.0272341718
0.0559509082
0.0672285922
0.06956470290000001
0.0319700271
0.0478531284
0.06871821110000001
0.0700890443
0.0387770273
0.039266448100000004
0.0696283005
0.0691081941
0.047214115300000005
0.0320602326
0.0691598006
0.06804336990000001
0.0555919496
0.027144293000000003
0.06642551520000001
0.0672155363
0.06258767350000001
0.025362096100000002
0.061223446900000006
0.06719231640000001
0.0674175821
0.027245545800000003
0.053923287
0.0683226016
0.0700016581
0.032381378700000005
0.045462228900000005
0.06949649520000001
0.0703909756
0.039892163300000005
0.037209738500000006
0.06985821260000001
0.0691465148
0.048761947300000004
0.030498437200000002
0.06876672
0.0679525594
0.057179518000000006
0.026347169200000003
0.06545998360000001
0.0671653334
0.0638981519
0.0255066548
0.059790238200000005
0.06726696130000001
0.0681479744
0.028189829800000003
0.0521482049
0.0685527799
0.0702290413
0.033867633800000005
0.0435399261
0.06969232160000001
0.0702586379
0.041714641100000005
0.0354387462
0.0698553933
0.0689888518
0.0503624264
0.029072609500000002
0.0682495176
0.06798717750000001
0.058587921700000004
0.025547927900000003
0.06433629290000001
0.0673964434
0.0649942183
0.025547734300000003
0.058126778600000005
0.0675845984
0.0687663086
0.029123647300000003
0.050222344700000005
0.0687976718
0.07034504400000001
0.0355322671
0.0416613164
0.06974465410000001
0.0699544076
0.0437575688
0.033944359900000005
0.06953457390000001
0.06843363120000001
0.0525221191
0.0282635793
0.0675807748
0.06749484060000001
0.060238954600000005
0.025405026900000002
0.06318713170000001
0.0672201343
0.0660576026
0.026106149300000003
0.0565095773
0.0678408159
0.06924081010000001
0.030204951700000003
0.0483341881
0.0690875999
0.0703880353
0.037131463600000005
0.039886113300000005
0.06985743820000001
0.06975544730000001
0.0456530459
0.0325072308
0.0693184679
0.06821353220000001
0.0542646643
0.027328249300000003
0.06682255250000001
0.06742502360000001
0.0616524161
0.025222655700000002
0.0619185556
0.06724001460000001
0.06700637570000001
0.026842325400000002
0.0549051657
0.0678288974
0.0696073554
0.031837798300000004
0.046653849000000004
0.06903711870000001
0.07017598280000001
0.0392482981
0.038361392300000005
0.06973056970000001
0.0692437625
0.047782875800000006
0.031317933900000004
0.06891231930000001
0.0677846356
0.0561419551
0.0267978216
0.0659295241
0.0668987583
0.06320212360000001
0.0256695571
0.060658594700000006
0.06697541180000001
0.0678372827
0.0279949593
0.0532961803
0.06791068130000001
0.0697981361
0.0334323726
0.044893347400000005
0.06917450210000001
0.0699508623
0.0410814602
0.036698271500000004
0.06963176110000001
0.0688203351
0.0498176118
0.030182348900000003
0.0684461063
0.06738257680000001
0.057870319100000005
0.026274496600000002
0.0649934318
0.06700492370000001
0.0643731253
0.0256533068
0.059071074700000004
0.0674026144
0.0684992979
0.028665384000000002
0.05131204650000001
0.06843069090000001
0.06997707090000001
0.03459148
0.042793356100000006
0.0695555432
0.06994928930000001
0.0427833736
0.0349297234
0.069589036
0.0686735863
0.0515622019
0.028912211900000002
0.06784462740000001
0.06723314180000001
0.059341098300000006
0.0256806649
0.06383564330000001
0.0671264924
0.0654412407
0.025870985800000003
0.0574096721
0.06771089820000001
0.0690530907
0.029618609900000002
0.049407518600000006
0.06879325530000001
0.0701181448
0.0361111916
0.040850785800000004
0.0697717218
0.06985065010000001
0.0444951727
0.0332309802
0.06950680440000001
0.0686575054
0.053059129200000006
0.027649697900000002
0.0671635426
0.06732296010000001
0.060688917300000006
0.025238676100000003
0.0625703826
0.06711589280000001
0.0664399021
0.026508873600000003
0.0558315538
0.0677307543
0.0694632686
0.0310755225
0.0476586088
0.0688719416
0.0699964188
0.0379343228
0.039157826400000005
0.0698180043
0.06955825360000001
0.046270037
0.0317595234
0.0691748893
0.0683910271
0.0547936279
0.0268086269
0.06636875410000001
0.0671824912
0.0621071704
0.025208268800000003
0.061281297000000005
0.06712080540000001
0.0672790008
0.027180472
0.0541489278
0.06766244980000001
0.06967740230000001
0.0326453644
0.0458931583
0.069091847
0.0698940165
0.0398314939
0.0374837188
0.0697037077
0.0691393153
0.048454885600000004
0.030704294500000003
0.0687240675
0.0678527223
0.05673604090000001
0.026336642200000003
0.06549807440000001
0.0670987229
0.063362981
0.025206465900000002
0.0597995673
0.067478917
0.06801598760000001
0.0278101439
0.0522332437
0.06857498340000001
0.07010230590000001
0.033419038400000003
0.0437397334
0.06954582690000001
0.06997160170000001
0.0412744068
0.035682258700000004
0.0696450953
0.0688964199
0.05018303180000001
0.029393271600000003
0.0681569889
0.06755069420000001
0.058359994000000005
0.0258901643
0.0644768344
0.0669162791
0.0646215988
0.0256815845
0.058372807900000004
0.0674700114
0.0686239158
0.028992580100000002
0.050623967900000004
0.0684711654
0.0701218474
0.0354809268
0.042241922800000005
0.06934701180000001
0.0694338656
0.0437443314
0.034545657300000004
0.0693707883
0.06826079480000001
0.05235400170000001
0.028689596100000003
0.0676103472
0.0672617462
0.0599390803
0.0256299296
0.063386818
0.06687181160000001
0.0656413384
0.026144421600000002
0.056849079100000005
0.0675327257
0.0691280018
0.0302402958
0.048796988900000005
0.06878012680000001
0.07016106350000001
0.036803118
0.040258757000000006
0.06959334360000001
0.0693390016
0.045393307300000005
0.0329068938
0.0692606904
0.0682430683
0.053920564500000004
0.027622606
0.0668847344
0.06711239590000001
0.061372603600000006
0.0254573836
0.062112942100000006
0.0666606787
0.0666422141
0.0269725456
0.0552479103
0.0678998276
0.0695321539
0.0313090767
0.046864207500000005
0.0690258536
0.07015138350000001
0.038550466900000004
0.0384810613
0.06978829880000001
0.0692929248
0.046854297600000004
0.0312456969
0.068985367
0.0682102531
0.0554838724
0.026632620300000003
0.0660169708
0.067176175
0.0626505814
0.0251791199
0.0607037277
0.06700938860000001
0.0673818145
0.027458880900000003
0.053370559000000005
0.06824698870000001
0.0698638149
0.0326337968
0.0448904071
0.0693610236
0.0701256952
0.0403016999
0.0367186963
0.0696961573
0.0689191074
0.049007867700000006
0.030115750500000003
0.0684600818
0.06773723990000001
0.057395624000000006
0.026206797100000002
0.06501509080000001
0.06675215470000001
0.06409569650000001
0.025771923100000003
0.059313171500000005
0.06699308990000001
0.06813247430000001
0.028671954300000004
0.051601309100000006
0.06827775900000001
0.0700341829
0.034578291000000004
0.043116317200000004
0.0694790349
0.069902305
0.042305109
0.0350516914
0.0696106466
0.0686603489
0.0509073378
0.0288743994
0.06793106980000001
0.067701436
0.0588849888
0.025542567600000003
0.0639171973
0.0670661376
0.0651617186
0.025846568
0.0576427423
0.06747373820000001
0.0687306741
0.029514912900000002
0.049669338400000006
0.06873338450000001
0.0701780761
0.0359410172
0.0412043236
0.0696880987
0.0698041861
0.044051574600000004
0.0333957459
0.06949178830000001
0.0685716075
0.0524963098
0.027654719400000003
0.0672595198
0.0676922763
0.060326268200000005
0.025100457800000003
0.0626621006
0.06728015030000001
0.0661633687
0.026197758400000003
0.055898938700000005
0.0679212567
0.06918257280000001
0.030402423700000004
0.047637312800000005
0.0691866384
0.0703201301
0.037421282800000004
0.039185269200000004
0.0698111799
0.06965517460000001
0.046004308900000006
0.032002092100000004
0.06912922390000001
0.06808219880000001
0.05474202140000001
0.027154045600000003
0.0664578948
0.0672922987
0.061911537600000004
0.0251431829
0.061354199500000005
0.0674275646
0.0670652785
0.026794494100000003
0.0541095423
0.068203344
0.0695859989
0.0318175308
0.0457317443
0.0693658031
0.0702537132
0.0392282726
0.037454569900000005
0.0698272608
0.0693881518
0.04791483840000001
0.030535765700000002
0.0687426773
0.0679932033
0.056159778400000006
0.0260233732
0.0654631901
0.06760273630000001
0.0630794175
0.0248676175
0.059807311300000006
0.06769400660000001
0.06783262420000001
0.027490679700000003
0.0522384709
0.0685071024
0.06987140160000001
0.0332992363
0.043830205100000005
0.0694787082
0.0700775856
0.0412044083
0.0357755739
0.06963151910000001
0.068920995
0.0500713246
0.029480887700000003
0.06812038640000001
0.0674272984
0.058112065000000004
0.025806480700000002
0.0643987531
0.06717190370000001
0.0644859336
0.0254195348
0.058251795800000006
0.0676341721
0.0685691028
0.0288077163
0.0504701648
0.0686238916
0.06996103840000001
0.0350016821
0.041925677200000004
0.0696262919
0.0699017242
0.0431344067
0.034060398900000004
0.0694204709
0.0685881482
0.0520276163
0.028359931600000002
0.0675044359
0.0672687884
0.059758161100000005
0.025435712500000002
0.06318883780000001
0.06721471350000001
0.06561104000000001
0.0258768664
0.056560627200000005
0.06784676910000001
0.0691230287
0.0299904671
0.048427963100000006
0.06895477820000001
0.0700506994
0.0366858569
0.039874110100000006
0.0698016088
0.06977439590000001
0.045059879700000006
0.032389655100000005
0.06924725940000001
0.06851262000000001
0.053762671600000006
0.027115894300000002
0.0666691729
0.0673556785
0.061160829400000005
0.0250138339
0.061767959000000004
0.06740179160000001
0.0666127264
0.026324433300000002
0.0546967916
0.0681126787
0.06956666310000001
0.031386165800000004
0.046415672600000006
0.06910830300000001
0.06998249170000001
0.0387424939
0.038155063100000004
0.069700961
0.0693066704
0.0473074184
0.0310523873
0.0688632901
0.06817948280000001
0.055675342800000006
0.0264111661
0.0657628345
0.06718109970000001
0.0625958773
0.0250601769
0.0603109738
0.06743147290000001
0.06751078840000001
0.027316560700000003
0.0528771331
0.0684224024
0.06988402190000001
0.0327309114
0.044362798700000004
0.06941091190000001
0.06993959720000001
0.040506238300000004
0.0362255729
0.06974206470000001
0.06919627
0.0491867178
0.029652598800000003
0.0683492579
0.0679430488
0.05736093330000001
0.025643965600000002
0.0646765207
0.0671427911
0.0639486573
0.025259923700000003
0.058714439300000004
0.0677598548
0.0682508728
0.0281451687
0.050876567500000004
0.06866735480000001
0.0700955541
0.0343715504
0.0423697109
0.0696008698
0.0698143985
0.0424451302
0.0344799664
0.06957797660000001
0.0688752328
0.0512696481
0.028504526600000003
0.0676342931
0.06756396790000001
0.059298506300000005
0.025470173300000003
0.06348716330000001
0.0669278709
0.06518158680000001
0.025843409900000003
0.05709619740000001
0.0677068205
0.0688732363
0.029586641700000003
0.0490152608
0.06878091330000001
0.0701361254
0.036188268600000004
0.0404858498
0.0695610366
0.06944359400000001
0.044603213600000004
0.0330099858
0.0692214138
0.06833962630000001
0.0532331756
0.0275776424
0.0669292503
0.06726094760000001
0.060874349800000005
0.025278606100000003
0.062240814900000004
0.06696553820000001
0.06623561780000001
0.026455972400000003
0.0553619528
0.06793246130000001
0.06937548310000001
0.0308884081
0.047069205700000005
0.0691725661
0.07022308810000001
0.0379005275
0.038578260600000004
0.06977132250000001
0.0693912857
0.046424626600000005
0.031405308
0.0689997781
0.0683473824
0.054897978300000004
0.0265511631
0.06610782970000001
0.0674556971
0.0621424298
0.0249415969
0.0608127124
0.0672745601
0.0671080399
0.0270251201
0.05352798
0.0682755084
0.0697402497
0.0322591324
0.0450669219
0.0694476475
0.07017977010000001
0.039601436600000005
0.0366905033
0.06970405860000001
0.0690866198
0.048295056700000005
0.029942974600000002
0.06851708490000001
0.0681145058
0.0566774285
0.0257800301
0.0650390851
0.0673899699
0.0634617049
0.024947901
0.059181898600000005
0.06749690970000001
0.0678005108
0.0277169981
0.0514825234
0.0686377824
0.0699777001
0.0335150519
0.0429202246
0.0696142524
0.07003334800000001
0.041473972100000006
0.034817992
0.06967389330000001
0.0689832979
0.050061136400000004
0.028479818400000002
0.0679083823
0.06806239110000001
0.05822399
0.025053062100000002
0.06382587860000001
0.0674186469
0.06470606890000001
0.025293864200000002
0.0575607043
0.06745143790000001
0.0685229534
0.029312044300000003
0.049761032200000006
0.0683035562
0.0698741725
0.0361128493
0.0414856123
0.06912433550000001
0.06920023880000001
0.0445938966
0.0340342992
0.0689303483
0.0673880218
0.053226157600000004
0.028555600700000003
0.06701846360000001
0.0663387461
0.060846217300000005
0.0262570968
0.0627814429
0.06576756560000001
0.0662838968
0.027573238000000003
0.056382345800000004
0.06627338190000001
0.0688250662
0.0322244659
0.048538218300000005
0.0676738843
0.06934450710000001
0.0392479593
0.0403291064
0.06876033120000001
0.0682569833
0.0475443969
0.0332184446
0.0685280354
0.0665079041
0.0555370519
0.0281861514
0.06627706030000001
0.0659592538
0.062322986000000004
0.0261993919
0.0614382461
0.0660913011
0.0670114819
0.0277971727
0.054356225
0.06708553390000001
0.06915016900000001
0.0326732912
0.046043754900000004
0.06862275420000001
0.0696583811
0.039959753900000006
0.0377387989
0.0692671276
0.0686316477
0.048472684700000004
0.0309188154
0.0683341934
0.0670691384
0.0566692368
0.0267500871
0.06531537650000001
0.0663814833
0.0634084528
0.0258195124
0.059885610400000004
0.0665783503
0.0677205298
0.0283647474
0.052383114300000005
0.0675841144
0.0693886237
0.0339468283
0.0440163878
0.0688576394
0.0694858351
0.041737933600000006
0.035985944500000006
0.0692998944
0.0684122989
0.0502362234
0.0295614979
0.0678861546
0.0670238118
0.0581370031
0.025922108300000003
0.0642152324
0.0665821739
0.0644603058
0.025741830400000002
0.058210740500000004
0.06709205580000001
0.06833850100000001
0.0290018366
0.050369517
0.0681923693
0.0696566629
0.0351702593
0.041851189600000005
0.06932761550000001
0.06957103120000001
0.043232077900000006
0.0340964206
0.06921919950000001
0.0683041491
0.051915098400000005
0.0283076233
0.0672986996
0.06697927170000001
0.059603220600000006
0.025416691300000002
0.06303701910000001
0.0668022003
0.0655272838
0.026073636600000002
0.05654155760000001
0.06731283240000001
0.0688738534
0.030241360600000003
0.048544945900000004
0.06831077990000001
0.069609243
0.0371771169
0.0401822608
0.0692406286
0.069099833
0.0455024251
0.0327791299
0.06888023010000001
0.0677731043
0.053947075600000005
0.027496814400000003
0.0665517666
0.0667922541
0.061056358000000005
0.025167140900000003
0.061709503900000004
0.0669662521
0.0663891789
0.0264304656
0.054700191700000005
0.06786401160000001
0.06926688560000001
0.031037601100000003
0.046335691600000006
0.0687528776
0.0696887884
0.038610603900000005
0.038179807600000004
0.0693584584
0.06892509690000001
0.047286340200000006
0.0312407601
0.06856227840000001
0.0676123074
0.0556371431
0.026615631900000002
0.0656188929
0.0667027988
0.0624527948
0.0251965318
0.0602934046
0.06706948930000001
0.0672190453
0.027243609800000002
0.052919229000000005
0.0680409136
0.06956366230000001
0.0326194946
0.0444938417
0.06903813510000001
0.06962961940000001
0.0404352476
0.0363610324
0.06943912910000001
0.0687906538
0.04902210940000001
0.029780834600000004
0.06809669460000001
0.0674767874
0.0571717256
0.0257999588
0.064589437
0.0667898583
0.0636163671
0.0251708435
0.058706429100000006
0.0672143263
0.0679623241
0.028206915000000003
0.05102050910000001
0.0682466862
0.0697604567
0.0342702613
0.0426072581
0.0692156179
0.0694614536
0.042226567900000005
0.0346865134
0.06924655760000001
0.0684227049
0.050908777700000005
0.0286215215
0.0675588617
0.0673649713
0.05875215500000001
0.025306266700000003
0.0634579418
0.06684864010000001
0.064773115
0.025536735400000003
0.05710271930000001
0.0676007156
0.0685575957
0.029145645100000003
0.0490857191
0.0685978887
0.0698786011
0.035717554400000004
0.0406215876
0.0694238226
0.0693308583
0.043946510300000005
0.0329475256
0.06905056180000001
0.06818667020000001
0.0527841688
0.027591460600000003
0.06681811180000001
0.06712191860000001
0.0604100849
0.025156117800000002
0.062226621600000004
0.0667654163
0.0658972171
0.026293929200000003
0.0554622497
0.06761758300000001
0.0690165003
0.0305107187
0.0471375465
0.06889112010000001
0.06992545230000001
0.037393706900000004
0.038680191
0.0695144758
0.06916765350000001
0.0458426408
0.0314425034
0.0688102921
0.06812612180000001
0.054419871
0.0265632994
0.0659677359
0.0670917412
0.06177504960000001
0.024970963600000003
0.06085519550000001
0.0669143673
0.0667412768
0.0268729989
0.053675696800000006
0.0678912608
0.0694042448
0.0319663608
0.045302133800000005
0.06906396860000001
0.0698418413
0.039359727000000004
0.0369863604
0.0694832336
0.0688954519
0.0478914249
0.0300620023
0.0683195887
0.0678404408
0.0561915772
0.025792396300000003
0.0649761409
0.0671064185
0.06310667880000001
0.024953527500000003
0.059270797300000004
0.0672487387
0.0675119621
0.0275685311
0.051646151700000004
0.0682903188
0.0696911842
0.033349826400000004
0.043231364
0.06919844800000001
0.0696806814
0.041405050500000005
0.0352643489
0.0693481734
0.0685331537
0.05007547490000001
0.028952613800000002
0.0677216914
0.0674625336
0.058113226600000005
0.0254564156
0.0638670065
0.0668810923
0.0644189359
0.025404688100000003
0.057714567900000006
0.0673266264
0.0682223289
0.0288295689
0.049815216
0.0684502203
0.0697964663
0.0350938841
0.0412911653
0.0693082918
0.06947155710000001
0.0433525092
0.033639137400000005
0.0691244081
0.0681604616
0.052015722
0.027921149300000003
0.0670607894
0.067205336
0.0597150004
0.0251048622
0.0626303502
0.0669841359
0.0655251179
0.025890841900000003
0.0560600865
0.0674219623
0.0686949428
0.0300731101
0.0479346219
0.06859100380000001
0.0697833741
0.0369345603
0.039522447800000006
0.06932451790000001
0.0691516331
0.0454044756
0.0321994431
0.06876309
0.0677502111
0.0539725824
0.027163604600000002
0.0662665696
0.0668640313
0.0612791674
0.025111093700000003
0.061349565200000004
0.06691227400000001
0.0664319403
0.026555059300000003
0.054319247400000006
0.0677086113
0.0690777142
0.0313119928
0.0459910836
0.06887379290000001
0.06979711970000001
0.0386460811
0.037677706000000005
0.06942394360000001
0.06901498780000001
0.0472153858
0.030770905
0.0684401652
0.0676092461
0.05557477970000001
0.026256516
0.0653630505
0.0669279193
0.0625247414
0.0249794215
0.059896851300000005
0.0670411511
0.0672597013
0.027304484900000002
0.052473852200000004
0.0680675699
0.06942446390000001
0.0326814829
0.043987166300000005
0.06919440660000001
0.06979000490000001
0.0403211204
0.0358146206
0.06937975440000001
0.0688043873
0.0491114558
0.029395328600000003
0.0679401206
0.0674173401
0.057349208400000004
0.025664934900000002
0.064291656
0.06683929890000001
0.06389835760000001
0.0253063151
0.0583553476
0.0670813231
0.067986875
0.028499650300000002
0.0506662816
0.06807758870000001
0.0695134594
0.034538494100000004
0.0421696495
0.0692719676
0.0695563055
0.042336048700000004
0.034255620300000005
0.06919878680000001
0.0684282346
0.0509989469
0.0282923531
0.06733007490000001
0.0671812449
0.058900573600000006
0.0251972094
0.0631418898
0.0668609579
0.0649539132
0.025601337300000002
0.056718919400000005
0.0674665629
0.06853165330000001
0.0293858785
0.048678977600000006
0.0684416172
0.0696664639
0.0361450232
0.0402616489
0.06932676850000001
0.06929425580000001
0.0442970473
0.0327051384
0.06889875520000001
0.06804103460000001
0.052922955800000004
0.027301484100000002
0.0665602124
0.06699626010000001
0.06049701130000001
0.025026405800000002
0.0618621696
0.0668697788
0.0659864909
0.026202961400000002
0.054974668100000006
0.06763764480000001
0.0689712826
0.030639232800000003
0.046692363300000005
0.06875774180000001
0.06967747490000001
0.0377966853
0.0383123389
0.0693287771
0.0689983866
0.0464149587
0.0312138981
0.0685505777
0.0677780169
0.054822667900000004
0.026440206100000002
0.0656636024
0.06684238440000001
0.0619604216
0.0249905051
0.060417877300000006
0.06685396410000001
0.0668847102
0.0270366514
0.053156389000000005
0.067703493
0.06929296110000001
0.032324000500000005
0.044814564300000005
0.0688871392
0.0695399221
0.039867757600000005
0.0365912591
0.0692797963
0.0686884693
0.048410926300000004
0.0298789414
0.06808864810000001
0.06750436330000001
0.0566578386
0.025792093800000002
0.06465649520000001
0.06685241530000001
0.0632126264
0.0249850843
0.058828433400000005
0.06723461800000001
0.06760557980000001
0.027667835800000002
0.0511475833
0.06824842860000001
0.0695884794
0.033543257
0.042700972600000005
0.0691131188
0.0694738319
0.0416545767
0.0348474797
0.0692172635
0.06848054290000001
0.050353666000000005
0.0286856152
0.0674950584
0.0672236796
0.05834379210000001
0.0253876271
0.0635686084
0.06675283230000001
0.0643996606
0.025336565100000003
0.057261991600000006
0.0674634774
0.0682780131
0.0287535688
0.0491989025
0.0685383809
0.0697817164
0.0352462715
0.040777726
0.06933687200000001
0.06937420050000001
0.043544875000000004
0.0331702866
0.0690139714
0.0682500863
0.052168641800000005
0.027528782600000003
0.0667590638
0.0671522291
0.0598710178
0.0249254071
0.062240306700000005
0.06687650640000001
0.0655153532
0.0258608702
0.0555110127
0.06761731680000001
0.06879951100000001
0.0301101361
0.047328097300000004
0.0687564108
0.06979584920000001
0.0369317531
0.0388922919
0.0694615383
0.0691952294
0.045323623400000006
0.031544893600000005
0.06876906740000001
0.0681568679
0.053870059100000006
0.026506247900000002
0.0660272437
0.0673092992
0.06122577010000001
0.024629477400000002
0.0608584988
0.0671204666
0.0664308271
0.026445167100000003
0.0537613527
0.0680142331
0.06924331480000001
0.0313538588
0.0453737416
0.0689567989
0.06976060190000001
0.0388690841
0.0371494684
0.06938149680000001
0.06886625460000001
0.0474367553
0.030287376900000003
0.0683058552
0.06778079990000001
0.05573165620000001
0.025848637100000002
0.065021286
0.0670271998
0.0626689129
0.024809368100000003
0.059409112400000005
0.0671983664
0.0672266804
0.027288234600000003
0.0518853566
0.068169464
0.0694786961
0.032872384600000006
0.043465244900000005
0.06917838620000001
0.0696992428
0.0407110913
0.035414050100000004
0.0692827124
0.06857643540000001
0.049314796300000005
0.029028505000000003
0.0677581366
0.06750917910000001
0.057468732200000004
0.025337654100000002
0.06394525720000001
0.06696066190000001
0.0639592085
0.0251141671
0.05782800540000001
0.06724859350000001
0.0679093624
0.028418773900000003
0.05002040780000001
0.0683875786
0.06965607
0.034593440200000006
0.0415175926
0.0693349723
0.06956081880000001
0.0426356326
0.0337242488
0.06909997820000001
0.0682868219
0.051277125900000005
0.027909968900000002
0.0670950808
0.06734466750000001
0.059052428600000005
0.024884521200000002
0.0627429528
0.0670366136
0.0650785916
0.025502298800000003
0.0561494571
0.0674699388
0.06847520680000001
0.029565031100000003
0.0480833914
0.06861589350000001
0.0697388703
0.0363043318
0.0396131978
0.069297184
0.06922478970000001
0.0447789056
0.032214168800000005
0.0687336991
0.06785877230000001
0.053297995300000005
0.0269689156
0.0662678401
0.067150402
0.0607032679
0.0247431569
0.0613772984
0.0671646074
0.0660673794
0.026027172600000002
0.054282523900000004
0.0678843154
0.0689676768
0.030785945300000003
0.045999710900000004
0.0689977695
0.0698257241
0.0379810167
0.0376157056
0.0694829069
0.06917347360000001
0.0465156428
0.030562639800000003
0.06844305710000001
0.06790157000000001
0.0549954922
0.025976243700000002
0.06532550420000001
0.0671591866
0.062135060900000004
0.024709143800000003
0.059877043600000006
0.0671265771
0.0669993819
0.027013032200000002
0.052504610400000006
0.0680524086
0.0692938686
0.0323946403
0.044060625400000004
0.0691384683
0.0697340424
0.039971757100000005
0.0358984373
0.0694004091
0.06891471510000001
0.0485805683
0.029326987800000003
0.0679639697
0.0676509306
0.056844698900000004
0.0254423554
0.0643022072
0.06704977840000001
0.0635287147
0.025003924
0.0584075349
0.0672788556
0.0677802796
0.028017658900000002
0.0506786841
0.06830890440000001
0.06953451340000001
0.034023009900000005
0.042114546100000004
0.06933440360000001
0.06964660780000001
0.041950506400000004
0.0342113343
0.0691704244
0.0685297415
0.050771152300000004
0.028262151500000002
0.0672939201
0.0672662837
0.0586541208
0.0251370845
0.06313625120000001
0.0669751819
0.06479010340000001
0.0254917355
0.056713426000000004
0.0674748877
0.0684037926
0.0292127759
0.0486541242
0.0684069265
0.06956691720000001
0.0359059393
0.0402804402
0.0692288553
0.06922649580000001
0.044258883900000004
0.0327948478
0.0688045446
0.06800046330000001
0.0528167541
0.0273795291
0.0665053268
0.0669380591
0.060314906300000005
0.0250718534
0.061855454100000005
0.0667681388
0.06583343800000001
0.0262479855
0.0550560406
0.0674868425
0.0688411834
0.0306963448
0.046800053300000005
0.0685731926
0.06953265
0.037789812500000006
0.0384661783
0.06928808480000001
0.06899130810000001
0.046242315900000004
0.0313468166
0.0684784254
0.06772770510000001
0.0546198114
0.026501190100000002
0.0656274355
0.06688518210000001
0.061721216700000005
0.024903457700000003
0.060412081400000005
0.0670213434
0.0667143906
0.026850021
0.0531683801
0.06775600700000001
0.0691687183
0.0320367102
0.0447935708
0.0688178183
0.0694764576
0.0396103422
0.0366520737
0.06921319790000001
0.0686836051
0.0482598578
0.0300137959
0.0679845518
0.06737004120000001
0.0565481763
0.0259552623
0.0646259064
0.0666716534
0.0630796958
0.025140036900000003
0.0589103746
0.0669878022
0.0674650383
0.0278459962
0.051274125100000005
0.06799670020000001
0.06940806840000001
0.0336492893
0.042846184700000005
0.06903085090000001
0.06932127510000001
0.041660469400000004
0.0348868289
0.0690817798
0.0683557072
0.050286329500000004
0.028751899
0.06739732670000001
0.0671307153
0.058329889200000005
0.0254652728
0.0634705016
0.0666251894
0.06441785900000001
0.025594779100000003
0.057181962200000006
0.0671820798
0.06815074530000001
0.029046001600000003
0.04926515
0.068273766
0.0695640616
0.035475893200000004
0.0408001957
0.06917228780000001
0.0691559649
0.043718147000000006
0.033198261800000003
0.0688303418
0.0680300357
0.0522970591
0.027674999000000002
0.0666767838
0.06692738690000001
0.059931372600000005
0.0251462684
0.06215322300000001
0.0666067248
0.0654916251
0.0261606719
0.0554310438
0.06735992560000001
0.06868706570000001
0.030446056300000003
0.047277591900000006
0.06851991630000001
0.0695871121
0.0373485013
0.038890089700000005
0.0691811571
0.06883253190000001
0.045850989800000005
0.031690008900000004
0.06850909890000001
0.0676661161
0.0542644586
0.026767511100000002
0.06576826740000001
0.06665754480000001
0.0615903915
0.0251881828
0.060707636
0.06653385860000001
0.0665036449
0.027071789800000003
0.0535625013
0.0674990756
0.0690508643
0.0320580788
0.045254520300000003
0.0686253799
0.06943852410000001
0.0394578822
0.0370331874
0.069120282
0.06847590860000001
0.04799181860000001
0.030219229700000003
0.0680535218
0.0674777554
0.0561194854
0.025943392200000002
0.0647395254
0.0667292736
0.0628879108
0.0250857805
0.0591137393
0.0668775833
0.0672174965
0.0276926166
0.051532085000000005
0.0679289886
0.0693219406
0.0334129279
0.043100200000000005
0.0689004129
0.06935198490000001
0.0413790476
0.035203437500000004
0.0689801156
0.06809224180000001
0.0500406148
0.029029896500000003
0.06747931630000001
0.06714902260000001
0.05787110560000001
0.0253592768
0.0635968861
0.06658771570000001
0.0641861803
0.025410774400000002
0.057409212300000005
0.0668402064
0.0678980005
0.029024427300000002
0.049631041900000006
0.0681445864
0.06946489
0.035166593
0.0411025989
0.0691156598
0.06924828790000001
0.043237305100000005
0.0334137386
0.0688818031
0.06800543640000001
0.05179511480000001
0.027712097600000003
0.0667522152
0.0670705904
0.059479316600000005
0.0249783204
0.062290993600000004
0.06679760230000001
0.0652530978
0.025785450900000003
0.0556431447
0.06736858920000001
0.06843283260000001
0.0299775322
0.047553254100000004
0.06851776250000001
0.0695730519
0.036924372100000005
0.039181748100000004
0.0692048368
0.0690149273
0.0452753444
0.0318713637
0.0685263051
0.0675842354
0.053697573600000006
0.026784475300000003
0.06586013060000001
0.0665989929
0.0611558805
0.0250788472
0.060953725800000004
0.06668394700000001
0.06624420880000001
0.0265946989
0.05387705290000001
0.06753697280000001
0.06882757090000001
0.0314933718
0.045542076800000005
0.0686593083
0.0694935307
0.0388504743
0.037337103100000005
0.0691569934
0.0687046954
0.047367906300000005
0.030478823100000003
0.0680966704
0.06728119090000001
0.0556641261
0.0261163617
0.06493403290000001
0.0667181174
0.0625352321
0.025012321400000002
0.059408301700000006
0.06689316810000001
0.0670932295
0.0274272999
0.051950345700000004
0.0678063914
0.0690802794
0.0329498488
0.043482233300000006
0.0689908241
0.0694746063
0.040613045
0.035382408600000005
0.0690922221
0.0684728836
0.0492371506
0.029024620900000003
0.0675621529
0.06713806
0.057339528400000006
0.025401058100000002
0.063772203
0.06665798040000001
0.0638374341
0.0252575158
0.0577265832
0.0670661739
0.06784033190000001
0.0285664786
0.049945000600000004
0.06794018110000001
0.0692120484
0.034876906900000004
0.041550601400000005
0.06905880190000001
0.06920761980000001
0.042824150600000006
0.033715924
0.0688426112
0.06805741800000001
0.0514008726
0.027888576100000003
0.0668280822
0.0668330553
0.0591249802
0.025059608200000003
0.0624858641
0.0667457659
0.06501371140000001
0.025672340100000003
0.0559131078
0.0673225487
0.06838694940000001
0.0296644084
0.047830077900000004
0.0683395779
0.0693292006
0.036520558800000005
0.0394244257
0.0691367259
0.0690380746
0.044857543500000006
0.032018221400000005
0.0685630891
0.0678322975
0.053370256500000005
0.0268444187
0.0659861037
0.0667134347
0.060698730400000005
0.024895629000000002
0.061092984700000005
0.066684673
0.06610105370000001
0.0264773168
0.0540847978
0.06748231710000001
0.06881228860000001
0.031131218800000002
0.04575131
0.0686221613
0.06932574000000001
0.038340459300000004
0.0374205931
0.0691847024
0.06880715820000001
0.0468802763
0.030497626500000003
0.0681302963
0.0675178548
0.055295838400000005
0.026022417300000003
0.0649573012
0.0665415542
0.062232284400000004
0.024969330100000003
0.05952276770000001
0.06682350840000001
0.0669356391
0.0272961964
0.0521377384
0.0677358968
0.0691297805
0.0327686634
0.043680516
0.0688140673
0.0692091323
0.0404137701
0.0355644289
0.0690602902
0.0684556048
0.04908262150000001
0.029154913700000003
0.067559382
0.06722698290000001
0.057241578900000006
0.025479091000000002
0.06384730770000001
0.06648547070000001
0.06359942710000001
0.0252604682
0.0578730053
0.06699583660000001
0.067698774
0.028419584600000002
0.0500791412
0.06800005190000001
0.06936441160000001
0.034700779300000005
0.041647994300000005
0.0689521404
0.0690053199
0.042692780900000005
0.0338688559
0.06885665930000001
0.06809886050000001
0.0512011984
0.027965955600000002
0.0668721867
0.06704024360000001
0.058997192100000005
0.025053860700000003
0.0625629411
0.0665490804
0.06480271160000001
0.0257180902
0.0560652411
0.06727723420000001
0.06830890440000001
0.029563627500000002
0.0479669531
0.06842977130000001
0.06950302920000001
0.0362850444
0.0395125137
0.0691082788
0.0688654318
0.0446736719
0.0321679468
0.06858646630000001
0.0678353951
0.053256189800000006
0.027000182
0.066042163
0.0668341685
0.060642501700000004
0.02490059
0.06115770760000001
0.0666313241
0.0658312721
0.0263259095
0.0541855787
0.0675599991
0.0687620131
0.0309276968
0.0458846278
0.0686805196
0.06950190390000001
0.0380964144
0.037485618500000005
0.0691804674
0.06869600760000001
0.046584201400000004
0.0305745099
0.0681374232
0.0675426719
0.055105807900000005
0.0260937226
0.0650569084
0.0667422327
0.0620945138
0.024867411800000003
0.05961810360000001
0.0666437508
0.0666837655
0.0271708283
0.0522422582
0.0677856641
0.069104552
0.032581137600000004
0.04384072
0.0687106123
0.0692984061
0.040406885200000006
0.03585593
0.0689920341
0.0681957936
0.0488736908
0.0293195826
0.0675936371
0.06724645180000001
0.056980013200000006
0.0254844634
0.0639150193
0.06667229470000001
0.06347310310000001
0.0251266906
0.0580061174
0.0668597358
0.0674340502
0.028208609000000003
0.0502803158
0.06791213330000001
0.0692568063
0.034324965400000004
0.0418238557
0.06884549100000001
0.06911396580000001
0.0424097619
0.034119592100000005
0.068792614