voltage
-0.013576321
-0.1015021568
0.0435223569
0.1015021447
-0.1015021568
-0.1015021568
0.1015021447
-0.1015021568
0.022847655600000003
-0.0690214371
-0.1015021568
0.025507138800000002
-0.1015021568
-0.1015021568
0.047579136
0.1015021447
0.047579136
0.0374428934
0.1015021447
-0.026092803
-0.005417690300000001
0.1015021447
-0.1015021568
-0.029274812600000002
-0.1015021568
-0.1015021568
0.028712368300000003
0.0258030201
-0.059466526900000004
0.1015021447
0.0276575992
0.08135121610000001
0.1015021447
0.1015021447
0.021053503900000003
-0.008551541900000001
0.1015021447
0.1015021447
-0.0533754716
0.0262509016
0.024604866000000003
0.025839719400000002
0.1015021447
0.1015021447
-0.0804138533
-0.0330144023
-0.013224586100000001
-0.1015021568
-0.1015021568
-0.1015021568
0.024691429400000003
0.0257759161
0.027329168900000003
0.1015021447
0.1015021447
-0.05596276620000001
-0.1015021568
0.1015021447
-0.1015021568
0.025746138000000002
0.026597469800000002
0.1015021447
-0.1015021568
0.1015021447
0.0242723338
-0.0810845079
0.1015021447
0.009945389300000001
0.0423979644
0.0259168448
0.0287639264
-0.1015021568
-0.06030672670000001
-0.1015021568
0.016902828800000002
-0.1015021568
-0.1015021568
0.1015021447
0.0087442586
-0.1015021568
0.1015021447
-0.1015021568
-0.1015021568
0.021251847100000002
0.0746799174
-0.07753667900000001
0.0224547928
0.0170557728
0.0253155958
0.0252057883
-0.0913001628
0.1015021447
-0.08915617590000001
-0.0957962566
0.014501366000000002
-0.0456854739
-0.06548684560000001
-0.0750483261
0.025540196
-0.1015021568
0.004625769500000001
-0.1015021568
-0.1015021568
0.1015021447
0.1015021447
0.09280182120000001
0.1015021447
0.0045787973000000004
0.020327745900000003
0.1015021447
0.024504060900000003
0.0264817938
0.1015021447
-0.0234891734
-0.059740616100000005
0.024970697400000002
0.0257105761
0.1015021447
0.1015021447
-0.1015021568
-0.1015021568
0.1015021447
0.0291634321
0.1015021447
-0.0784074676
-0.1015021568
-0.0932294231
0.1015021447
0.1015021447
-0.1015021568
-0.1015021568
0.1015021447
0.1015021447
-0.1015021568
-0.1015021568
0.1015021447
-0.1015021568
-0.1015021568
0.0255368685
-0.1015021568
0.1015021447
0.0100112254
0.09920623020000001
-0.0465963619
0.1015021447
-0.0668813464
0.1015021447
0.07622102180000001
0.017948450300000002
-0.1015021568
-0.029025625200000002
-0.029916729700000002
0.1015021447
0.08040197110000001
0.04890683270000001
-0.1015021568
-0.1015021568
0.1015021447
0.1015021447
-0.1015021568
-0.09952392780000001
-0.1015021568
-0.0311284842
-0.0055597806000000005
0.1015021447
0.1015021447
0.026595630600000003
0.1015021447
-0.057997223900000006
0.0265430803
0.1015021447
-0.0922942867
0.1015021447
-0.1015021568
0.1015021447
-0.1015021568
-0.1015021568
-0.0933792816
0.1015021447
-0.1015021568
-0.1015021568
0.008891176800000001
-0.1015021568
-0.014583391900000001
-0.0572679327
-0.1015021568
-0.0860897697
-0.0117598206
0.1015021447
-0.0800564919
0.0261583729
0.0730892877
0.1015021447
0.1015021447
-0.1015021568
0.1015021447
-0.1015021568
0.024562346600000003
0.027126881100000003
0.0263942503
0.0223030104
0.0226489978
0.055319385000000006
0.1015021447
-0.1015021568
0.024768107100000002
-0.1015021568
0.1015021447
-0.1015021568
-0.1015021568
0.1015021447
-0.1015021568
0.1015021447
0.047882398300000004
0.1015021447
0.027756952300000002
-0.053591674400000004
0.1015021447
0.1015021447
0.1015021447
0.1015021447
0.0267798531
0.026112453400000003
0.0254399717
-0.0283418663
0.06320375710000001
0.1015021447
0.011020401700000002
0.1015021447
-0.1015021568
-0.0555016231
0.07552616720000001
-0.1015021568
-0.1015021568
0.1015021447
-0.1015021568
-0.1015021568
-0.1015021568
-0.1015021568
-0.0444779786
0.1015021447
-0.0335187424
-0.1015021568
0.1015021447
-0.1015021568
0.016805097100000003
0.0213090075
0.025427774900000002
0.028968307500000002
-0.0847144595
-0.1015021568
-0.1015021568
-0.1015021568
0.1015021447
-0.1015021568
0.1015021447
0.0855409621
0.1015021447
0.0045573198
0.1015021447
-0.1015021568
0.0155206821
-0.1015021568
-0.0730861659
0.023847478600000003
0.052277094100000004
0.07414464970000001
-0.022643286600000003
0.0237203318
0.023328812100000002
-0.1015021568
0.1015021447
0.1015021447
0.1015021447
0.020947507900000002
0.1015021447
-0.1015021568
-0.0951497052
0.1015021447
0.1015021447
-0.1015021568
0.1015021447
-0.0681684355
-0.0525130441
0.0232124101
0.0230501249
0.022552923800000003
-0.047180501500000006
0.1015021447
-0.1015021568
0.019440924800000002
-0.1015021568
-0.1015021568
0.0235464306
0.023163211500000003
0.022689109300000003
0.1015021447
0.1015021447
0.1015021447
0.023622539600000002
0.0221390191
-0.0060099974000000006
-0.1015021568
-0.1015021568
0.1015021447
-0.0329290005
-0.1015021568
0.0245869096
0.026499859100000002
0.1015021447
0.1015021447
-0.1015021568
0.0243845008
-0.0359009541
-0.1015021568
-0.0204602772
-0.1015021568
0.1015021447
0.1015021447
0.1015021447
-0.1015021568
0.1015021447
-0.1015021568
-0.0558404352
-0.1015021568
0.024749920800000002
0.1015021447
-0.0923554159
-0.029657789700000003
0.014605692200000001
0.1015021447
0.1015021447
0.005269235400000001
0.1015021447
0.1015021447
-0.0760766204
-0.06267360770000001
-0.1015021568
-0.0671950147
0.0233041644
0.0232619233
0.023478489100000003
-0.1015021568
-0.10111698960000001
-0.1015021568
0.026934273300000002
0.0644204
-0.1015021568
0.1015021447
0.0193972801
0.060144695600000006
-0.1015021568
-0.1015021568
-0.1015021568
0.1015021447
-0.09712079520000001
-0.1015021568
-0.1015021568
-0.053992148100000005
0.07083721150000001
0.025070595
0.058399573100000005
-0.1015021568
-0.1015021568
0.0245988644
0.023361712000000003
0.025296986
0.0245814404
0.018893036800000002
0.0210587069
-0.1015021568
0.1015021447
-0.042647067100000005
0.1015021447
-0.0467404608
-0.1015021568
0.0211068407
0.0523446726
0.1015021447
0.008984346800000001
-0.1015021568
0.0252817158
-0.0729772659
-0.09751010060000001
-0.1015021568
-0.0156363339
0.1015021447
0.0247526191
0.022769392800000003
-0.1015021568
0.0137662184
0.1015021447
0.1015021447
0.0244564474
0.02399793
0.1015021447
0.0379781853
-0.0646741975
0.07050913210000001
-0.0299788027
0.1015021447
0.0804218998
0.1015021447
-0.1015021568
-0.1015021568
0.0895518701
0.1015021447
-0.1015021568
0.007457677700000001
0.1015021447
-0.1015021568
-0.1015021568
0.1015021447
0.0230894983
0.0229918876
0.024141871600000003
0.023661199100000002
0.0922940931
0.044684102100000005
-0.0101648107
-0.0941722551
-0.1015021568
-0.1015021568
0.024340662500000002
0.0232756931
0.0237900883
0.0237296972
0.024132457800000003
0.024088389600000003
0.056116194200000004
-0.1015021568
-0.029981089600000004
0.1015021447
-0.0726012463
0.1015021447
0.014856162200000002
0.0225010148
0.1015021447
-0.1015021568
-0.1015021568
0.1008951966
-0.1015021568
-0.1015021568
-0.0458755891
0.0236250201
0.0216405354
0.0482705542
-0.1015021568
0.0848159906
0.1015021447
0.0220017809
0.022869968
0.0235102153
-0.1015021568
-0.0793440197
-0.1015021568
0.023399234100000003
0.024964393300000002
0.023648566700000002
0.1015021447
-0.1015021568
0.07584825710000001
0.1015021447
-0.1015021568
-0.045235438600000004
-0.1015021568
-0.1015021568
-0.1015021568
-0.1015021568
0.1015021447
0.0815710973
0.1015021447
-0.0596383106
0.1015021447
0.1015021447
-0.1015021568
-0.1015021568
0.1015021447
0.1015021447
0.0243568644
0.0256694119
0.023850564100000003
0.0233303851
0.1015021447
-0.09963654250000001
0.1015021447
0.1015021447
-0.0367900742
0.040260983400000006
0.024593044300000002
-0.1015021568
-0.1015021568
-0.1015021568
-0.0163129417
-0.0753309821
-0.1015021568
-0.1015021568
-0.1015021568
-0.1015021568
0.0233585176
0.023042187300000003
-0.1015021568
-0.1015021568
0.1015021447
0.0629789754
-0.1015021568
-0.053782515600000004
-0.1015021568
-0.07765966340000001
0.1015021447
-0.0456654726
-0.1015021568
0.0228828545
0.0241555809
-0.1015021568
0.1015021447
0.1015021447
0.0236311064
0.024754276800000002
0.0243598047
-0.1015021568
-0.1015021568
-0.1015021568
-0.008606851
0.1015021447
-0.1015021568
0.0226410239
0.1015021447
0.0108953603
-0.1015021568
-0.087626385
-0.1015021568
-0.0231058454
-0.057776011700000005
0.023899678
0.024353294900000003
0.0227630766
0.0240479393
0.023376219900000002
-0.1015021568
-0.0997194396
-0.1015021568
0.1015021447
-0.1015021568
0.0204179393
-0.0403587756
-0.1015021568
0.04695042000000001
0.024455019600000003
0.0235414333
-0.1015021568
0.1015021447
0.1015021447
0.0347626466
-0.0232845261
-0.07232001810000001
0.0239065024
0.0391073694
-0.08764660410000001
0.1015021447
0.1015021447
0.0422799047
-0.1015021568
0.057064846300000006
0.0113537446
-0.1015021568
0.1015021447
0.0237783997
0.0254001748
0.024845970600000003
0.024130074100000003
0.026366698600000002
0.1015021447
0.1015021447
0.1015021447
0.09162204700000001
0.024885682800000003
0.0255479763
0.024400315500000002
0.0247458431
0.022784917100000003
0.0243338986
0.0260458429
0.024887074300000003
-0.09408264250000001
0.0612771951
-0.1015021568
0.1015021447
0.1015021447
-0.1015021568
0.1015021447
0.022399495800000002
0.1015021447
0.1015021447
-0.1015021568
-0.1015021568
0.027836570300000002
0.035410964600000004
-0.1015021568
-0.1015021568
-0.028748668300000002
-0.1015021568
-0.027123807700000002
0.1015021447
0.06447172820000001
-0.1015021568
-0.1015021568
0.0326022279
0.034257979800000005
0.024340323700000003
0.027875665400000003
-0.1015021568