0.042604862300000004
-0.1015021568
-0.0336161232
-0.030161597400000004
0.1015021447
0.1015021447
-0.0635138801
0.0013485329
-0.1015021568
-0.0627283844
-0.1015021568
0.1015021447
-0.1015021568
0.06695217980000001
0.1015021447
0.1015021447
0.030589743800000003
-0.1015021568
0.1015021447
0.1015021447
-0.1002037179
0.0304569584
-0.0760124541
0.1015021447
-0.0355787069
0.0134577168
-0.1015021568
0.029533740500000003
-0.1015021568
0.027382058
0.0205523219
0.0022054912
0.027259073600000003
0.0289072146
-0.1015021568
0.1015021447
0.1015021447
0.1015021447
-0.1015021568
0.1015021447
0.036321913100000006
-0.0037478056
0.0706438535
-0.1015021568
-0.1015021568
0.0499209216
0.0447397984
0.0384899306
0.038043610000000005
0.036683945100000004
-0.1015021568
-0.1015021568
-0.1015021568
0.1015021447
0.1015021447
0.028864695200000002
0.0285765216
0.028094687500000003
0.0308779295
0.030725965600000002
-0.1015021568
0.0143811283
-0.0777362806
-0.1015021568
-0.0034083643
0.026113590800000003
0.0241070962
-0.1015021568
-0.1015021568
-0.1015021568
0.09666087420000001
-0.032619869700000005
-0.06845091
0.1015021447
0.0662215334
0.1015021447
0.025143679000000002
0.025764893
0.0212910148
-0.0275808973
0.1015021447
0.006577753600000001
-0.1015021568
0.09666772280000001
0.024949921700000002
0.062407903800000004
0.0414361717
0.1015021447
0.09948258210000001
-0.1015021568
0.0174221971
0.1015021447
0.025539349000000003
0.0267306182
0.060690454000000005
0.1015021447
-0.1015021568
-0.055158479200000006
-0.1015021568
0.023671726100000002
0.0247725599
0.019453581400000003
0.1015021447
-0.1015021568
-0.041945666400000005
0.1015021447
-0.1015021568
-0.1015021568
0.0818586659
0.0234202155
0.1015021447
-0.1015021568
-0.0728130689
0.025708192400000003
0.024609367200000003
0.1015021447
-0.0008058479
0.1015021447
-0.057809928000000003
-0.1015021568
0.0239541401
0.06569244880000001
-0.034449982600000005
0.1015021447
-0.1015021568
0.1015021447
0.1015021447
-0.1015021568
0.1015021447
0.1015021447
-0.1015021568
-0.1015021568
-0.09196897820000001
-0.1015021568
0.025180632400000003
0.023480630800000003
0.0241570571
0.024851415600000003
0.0227295838
0.025083771900000003
0.0461172866
-0.038618916600000004
-0.012865276600000001
-0.0710927635
0.0032018778000000004
0.08588554590000001
-0.1015021568
0.1015021447
-0.1015021568
0.07582123780000001
0.0249640908
-0.1015021568
-0.1015021568
-0.08885998
-0.0112355639
-0.0476789731
-0.1015021568
-0.0323467122
0.025206526400000002
0.1015021447
-0.0880297869
-0.0252020857
0.023120171800000002
0.017857772900000003
0.0217497258
-0.021411276700000002
-0.0248962461
0.0999717246
0.1015021447
0.08831227350000001
-0.1015021568
-0.1015021568
-0.1015021568
-0.1015021568
-0.1015021568
-0.1015021568
-0.1015021568
0.1015021447
-0.1015021568
0.025322710600000003
-0.052778953700000006
-0.060238990900000004
-0.1015021568
-0.0766111621
0.1015021447
-0.1015021568
-0.1015021568
-0.1015021568
-0.024795465200000002
0.08844282040000001
-0.08499546990000001
0.0839245836
0.0226438311
-0.031150578800000002
0.1015021447
0.1015021447
-0.1015021568
0.1015021447
-0.1015021568
0.0141495464
-0.1015021568
0.1015021447
-0.1015021568
-0.1015021568
-0.0590921166
0.022336950900000003
-0.1015021568
-0.0442082212
-0.1015021568
-0.0067274064
0.1015021447
0.1015021447
-0.1015021568
-0.0672073567
-0.0838761957
-0.030145819
0.0230287079
0.0259147636
0.0167308273
-0.07809503350000001
-0.1015021568
0.024729532300000003
0.0861054029
0.0197140944
-0.1015021568
-0.005164025900000001
0.024392704600000002
-0.1015021568
-0.1015021568
-0.1000408519
-0.1015021568
0.0232421277
0.0241993224
0.0237559663
0.025517714200000003
0.0252742985
0.07551665660000001
-0.0518964644
0.1015021447
-0.1015021568
-0.1015021568
-0.1015021568
0.1015021447
0.1015021447
0.0602560882
0.0101931247
-0.1015021568
-0.048728297200000006
-0.1015021568
0.1015021447
-0.1015021568
0.0890005578
0.1015021447
-0.0165793474
-0.1015021568
-0.1015021568
-0.0463751497
0.0946764016
0.0176680812
0.0216015976
0.022484861300000002
-0.0253250096
0.0914612501
0.0072740844
0.0246936921
0.024881459900000003
0.08228130680000001
0.1015021447
-0.060425887500000004
0.0688338992
-0.1015021568
0.04839751950000001
0.022160641800000002
0.023449449100000002
0.0241162559
0.023595496100000002
0.0366077756
0.1015021447
0.06376024820000001
0.1015021447
-0.1015021568
0.1015021447
-0.1015021568
-0.054606658700000005
-0.1015021568
-0.0938464142
-0.1015021568
-0.1015021568
-0.1015021568
0.029543396300000004
0.0826769405
0.0896207796
-0.015551984800000002
0.1004452339
-0.1015021568
0.1015021447
-0.08222505390000001
0.1015021447
-0.0664044491
-0.0465098106
-0.057004431
0.0739394458
0.0505157939
-0.1015021568
-0.08443152520000001
0.1015021447
0.1015021447
0.1015021447
0.1015021447
0.0227298621
0.0241582429
0.0256898609
0.025594815400000002
-0.1015021568
-0.061723963400000005
0.1015021447
-0.0558545317
-0.1015021568
0.024562467600000002
0.02585528
0.015223494
0.1015021447
-0.1015021568
0.021347352400000002
0.025527769300000003
0.024949256200000002
0.023747641500000003
0.025907733500000002
-0.1015021568
0.1015021447
0.09755943230000001
0.0476899236
0.07590761970000001
0.1015021447
0.0714490359
0.1015021447
-0.1015021568
0.0814636856
-0.01620674
0.0246392663
0.0266760472
-0.1015021568
0.06374834180000001
-0.1015021568
-0.1015021568
0.1015021447
0.023611710100000002
0.0143469821
-0.1015021568
0.026454943900000003
0.1015021447
-0.1015021568
0.1015021447
0.1015021447
-0.023122277200000003
0.07150493790000001
0.048653325600000005
0.1015021447
0.06386136790000001
0.1015021447
0.1015021447
0.1015021447
-0.1015021568
0.1015021447
0.058560224800000005
0.0269310668
0.025393277800000003
0.027822570600000002
0.1015021447
-0.029323708700000003
0.0278200054
0.0299309593
0.0248041651
0.0297583044
0.0270567737
0.029253843300000002
0.047579136
0.06369471460000001
0.047579136
0.1015021447
0.1015021447
0.0549092918
0.0536415264
0.0599197808
0.0633341709
0.0664381839
0.0669685148
0.0777344293
0.0803265276
0.08337642940000001
0.08871298920000001
0.0878506827
0.09306060390000001
0.0938349071
0.0933914421
0.09223025350000001
0.0934629894
0.0902420904
0.09102652130000001
0.0879795235
0.0890533138
0.0877202084
0.0882069914
0.0868793068
0.0882151226
0.08790092190000001
0.0874298689
0.0868335204
0.0857740928
0.0864288359
0.08519873780000001
0.0853145711
0.0851348014
0.0860615888
0.08418002670000001
0.08551679840000001
0.086217098
0.0862685351
0.0860592535
0.0863418853
0.0866952779
0.0867344577
0.0854082493
0.08674643670000001
0.0873309151
0.08711335710000001
0.0874693391
0.0868680659
0.0869903364
0.08657374550000001
0.08724287550000001
0.0867682651
0.08614257410000001
0.0870559184
0.0870318031
0.08708074760000001
0.0864311712
0.08630444790000001
0.086696016
0.0876931891
0.0876597568
0.0874234559
0.0873871559
0.08798109650000001
0.08845303280000001
0.0876887726
-0.1015021568
-0.0718045702
-0.1015021568
0.08501374090000001
0.0862273709
0.0860717891
0.08726276790000001
0.0871001681
0.0864230158
0.08443239640000001
0.0869422026
0.08705357100000001
0.08732213050000001
0.08755157070000001
0.0868372109
0.085829051
0.08677679560000001
0.0871273568
0.08804021710000001
0.0887421381
0.08799981520000001
0.0878410753
0.08785526860000001
0.08708812860000001
0.0860391675
0.0852973649
0.0859441583
0.08650196830000001
0.0879319947
0.0880421168
0.08785063430000001
0.0870866524
0.0862984705
0.0878137414
0.0872040466
0.0877630303
0.08675480990000001
0.08762189590000001
0.0880020658
0.0887329542
0.08757730740000001
0.0878516991
0.0871079847
0.08773563590000001
0.0865469561
0.08759762330000001
0.0869713757
0.08764212710000001
0.0874970481
0.0876155797
0.087792034
0.08843125280000001
0.0884925151
0.0879271063
0.0874955114